Run, Query, Loss, Time
1, 0, 59.924, 0.001
1, 1, 51.092, 0.061
1, 2, 8.831, 32.669
1, 3, 8.831, 0.057
1, 4, 8.831, 0.058
1, 5, 8.831, 80.272
1, 6, 0.000, 99.657
1, 7, 0.000, 0.057
1, 8, 0.000, 0.058
1, 9, 0.000, 0.056
1, 10, 0.000, 0.059
1, 11, 0.000, 260.366
1, 12, 0.000, 0.057
1, 13, 0.000, 0.055
1, 14, 0.000, 0.058
1, 15, 0.000, 0.057
1, 16, 0.000, 0.057
1, 17, 0.000, 76.733
1, 18, 0.000, 0.058
1, 19, 0.000, 0.056
1, 20, 0.000, 0.058
1, 21, 0.000, 0.056
1, 22, 0.000, 0.059
1, 23, 0.000, 0.056
1, 24, 0.000, 0.058
1, 25, 0.000, 0.055
1, 26, 0.000, 0.058
1, 27, 0.000, 0.056
1, 28, 0.000, 0.057
1, 29, 0.000, 0.055
1, 30, 0.000, 0.057
1, 31, 0.000, 0.057
1, 32, 0.000, 0.058
1, 33, 0.000, 0.056
1, 34, 0.000, 0.058
1, 35, 0.000, 0.056
1, 36, 0.000, 0.057
1, 37, 0.000, 0.055
1, 38, 0.000, 0.058
1, 39, 0.000, 0.057
1, 40, 0.000, 0.057
1, 41, 0.000, 0.056
1, 42, 0.000, 0.058
1, 43, 0.000, 64.866
1, 44, 0.000, 0.059
1, 45, 0.000, 0.056
1, 46, 0.000, 0.058
1, 47, 0.000, 0.055
1, 48, 0.000, 0.058
1, 49, 0.000, 0.056
1, 50, 0.000, 0.058
1, 51, 0.000, 0.056
1, 52, 0.000, 0.058
1, 53, 0.000, 0.056
1, 54, 0.000, 0.057
1, 55, 0.000, 0.055
1, 56, 0.000, 0.058
1, 57, 0.000, 0.056
1, 58, 0.000, 0.058
1, 59, 0.000, 0.055
1, 60, 0.000, 0.057
1, 61, 0.000, 0.055
1, 62, 0.000, 0.057
1, 63, 0.000, 0.057
1, 64, 0.000, 0.058
1, 65, 0.000, 0.057
1, 66, 0.000, 0.058
1, 67, 0.000, 0.055
1, 68, 0.000, 2156.493
1, 69, 0.000, 0.057
1, 70, 0.000, 0.058
1, 71, 0.000, 0.056
1, 72, 0.000, 0.058
1, 73, 0.000, 0.056
1, 74, 0.000, 0.058
1, 75, 0.000, 0.057
1, 76, 0.000, 426.442
1, 77, 0.000, 0.055
1, 78, 0.000, 0.058
1, 79, 0.000, 0.057
1, 80, 0.000, 0.058
1, 81, 0.000, 0.056
1, 82, 0.000, 0.058
1, 83, 0.000, 0.056
1, 84, 0.000, 0.057
1, 85, 0.000, 0.056
1, 86, 0.000, 0.057
1, 87, 0.000, 0.057
1, 88, 0.000, 0.057
1, 89, 0.000, 0.056
1, 90, 0.000, 0.057
1, 91, 0.000, 0.055
1, 92, 0.000, 0.057
1, 93, 0.000, 0.056
1, 94, 0.000, 0.058
1, 95, 0.000, 0.056
1, 96, 0.000, 0.057
1, 97, 0.000, 0.056
1, 98, 0.000, 0.057
1, 99, 0.000, 0.056
1, 100, 0.000, 0.056
2, 0, 74.375, 0.001
2, 1, 0.000, 0.058
2, 2, 0.000, 0.059
2, 3, 0.000, 16.631
2, 4, 0.000, 0.059
2, 5, 0.000, 0.057
2, 6, 0.000, 0.059
2, 7, 0.000, 31.919
2, 8, 0.000, 0.059
2, 9, 0.000, 0.057
2, 10, 0.000, 0.058
2, 11, 0.000, 0.057
2, 12, 0.000, 0.058
2, 13, 0.000, 0.056
2, 14, 0.000, 290.355
2, 15, 0.000, 0.053
2, 16, 0.000, 0.058
2, 17, 0.000, 0.057
2, 18, 0.000, 0.058
2, 19, 0.000, 0.056
2, 20, 0.000, 0.057
2, 21, 0.000, 60.802
2, 22, 0.000, 0.058
2, 23, 0.000, 0.055
2, 24, 0.000, 0.058
2, 25, 0.000, 0.057
2, 26, 0.000, 0.059
2, 27, 0.000, 0.056
2, 28, 0.000, 0.059
2, 29, 0.000, 0.057
2, 30, 0.000, 0.057
2, 31, 0.000, 0.056
2, 32, 0.000, 0.059
2, 33, 0.000, 0.056
2, 34, 0.000, 0.058
2, 35, 0.000, 0.056
2, 36, 0.000, 0.058
2, 37, 0.000, 0.057
2, 38, 0.000, 0.058
2, 39, 0.000, 0.057
2, 40, 0.000, 0.058
2, 41, 0.000, 0.056
2, 42, 0.000, 0.058
2, 43, 0.000, 0.056
2, 44, 0.000, 0.058
2, 45, 0.000, 0.056
2, 46, 0.000, 0.057
2, 47, 0.000, 57.347
2, 48, 0.000, 0.055
2, 49, 0.000, 0.055
2, 50, 0.000, 0.057
2, 51, 0.000, 0.056
2, 52, 0.000, 0.057
2, 53, 0.000, 0.056
2, 54, 0.000, 0.059
2, 55, 0.000, 0.057
2, 56, 0.000, 0.057
2, 57, 0.000, 0.056
2, 58, 0.000, 0.056
2, 59, 0.000, 0.057
2, 60, 0.000, 0.059
2, 61, 0.000, 0.055
2, 62, 0.000, 0.057
2, 63, 0.000, 0.056
2, 64, 0.000, 0.057
2, 65, 0.000, 0.055
2, 66, 0.000, 0.058
2, 67, 0.000, 0.055
2, 68, 0.000, 0.058
2, 69, 0.000, 0.056
2, 70, 0.000, 0.057
2, 71, 0.000, 0.055
2, 72, 0.000, 0.057
2, 73, 0.000, 0.056
2, 74, 0.000, 0.057
2, 75, 0.000, 0.055
2, 76, 0.000, 0.058
2, 77, 0.000, 0.057
2, 78, 0.000, 0.057
2, 79, 0.000, 0.056
2, 80, 0.000, 0.058
2, 81, 0.000, 0.055
2, 82, 0.000, 0.058
2, 83, 0.000, 0.056
2, 84, 0.000, 0.058
2, 85, 0.000, 0.056
2, 86, 0.000, 0.057
2, 87, 0.000, 0.056
2, 88, 0.000, 0.058
2, 89, 0.000, 0.056
2, 90, 0.000, 0.057
2, 91, 0.000, 0.057
2, 92, 0.000, 0.057
2, 93, 0.000, 0.056
2, 94, 0.000, 0.057
2, 95, 0.000, 0.056
2, 96, 0.000, 0.057
2, 97, 0.000, 0.056
2, 98, 0.000, 0.057
2, 99, 0.000, 0.055
2, 100, 0.000, 0.057
3, 0, 69.669, 0.001
3, 1, 69.669, 0.058
3, 2, 9.382, 33.078
3, 3, 9.382, 0.055
3, 4, 0.000, 0.058
3, 5, 0.000, 80.010
3, 6, 0.000, 0.057
3, 7, 0.000, 0.057
3, 8, 0.000, 0.059
3, 9, 0.000, 195.151
3, 10, 0.000, 0.058
3, 11, 0.000, 0.057
3, 12, 0.000, 0.058
3, 13, 0.000, 0.057
3, 14, 0.000, 0.058
3, 15, 0.000, 64.325
3, 16, 0.000, 0.058
3, 17, 0.000, 0.057
3, 18, 0.000, 0.059
3, 19, 0.000, 0.055
3, 20, 0.000, 0.057
3, 21, 0.000, 0.057
3, 22, 0.000, 0.057
3, 23, 0.000, 0.055
3, 24, 0.000, 0.058
3, 25, 0.000, 0.056
3, 26, 0.000, 0.058
3, 27, 0.000, 0.056
3, 28, 0.000, 0.058
3, 29, 0.000, 0.056
3, 30, 0.000, 0.057
3, 31, 0.000, 0.057
3, 32, 0.000, 0.058
3, 33, 0.000, 0.056
3, 34, 0.000, 0.057
3, 35, 0.000, 0.057
3, 36, 0.000, 0.058
3, 37, 0.000, 0.057
3, 38, 0.000, 0.058
3, 39, 0.000, 0.057
3, 40, 0.000, 0.059
3, 41, 0.000, 0.055
3, 42, 0.000, 57.845
3, 43, 0.000, 0.057
3, 44, 0.000, 0.058
3, 45, 0.000, 0.055
3, 46, 0.000, 0.058
3, 47, 0.000, 0.055
3, 48, 0.000, 0.058
3, 49, 0.000, 0.056
3, 50, 0.000, 0.057
3, 51, 0.000, 0.057
3, 52, 0.000, 0.057
3, 53, 0.000, 0.056
3, 54, 0.000, 0.058
3, 55, 0.000, 0.057
3, 56, 0.000, 0.059
3, 57, 0.000, 0.056
3, 58, 0.000, 0.059
3, 59, 0.000, 0.057
3, 60, 0.000, 0.057
3, 61, 0.000, 0.056
3, 62, 0.000, 0.058
3, 63, 0.000, 0.056
3, 64, 0.000, 0.058
3, 65, 0.000, 0.056
3, 66, 0.000, 0.058
3, 67, 0.000, 0.057
3, 68, 0.000, 0.058
3, 69, 0.000, 0.057
3, 70, 0.000, 0.058
3, 71, 0.000, 0.057
3, 72, 0.000, 0.057
3, 73, 0.000, 0.056
3, 74, 0.000, 0.059
3, 75, 0.000, 0.056
3, 76, 0.000, 0.058
3, 77, 0.000, 0.057
3, 78, 0.000, 0.058
3, 79, 0.000, 0.057
3, 80, 0.000, 0.058
3, 81, 0.000, 0.055
3, 82, 0.000, 0.057
3, 83, 0.000, 0.056
3, 84, 0.000, 0.057
3, 85, 0.000, 0.056
3, 86, 0.000, 0.058
3, 87, 0.000, 0.057
3, 88, 0.000, 0.059
3, 89, 0.000, 0.056
3, 90, 0.000, 0.058
3, 91, 0.000, 0.057
3, 92, 0.000, 0.058
3, 93, 0.000, 0.056
3, 94, 0.000, 0.059
3, 95, 0.000, 0.057
3, 96, 0.000, 0.058
3, 97, 0.000, 0.056
3, 98, 0.000, 0.058
3, 99, 0.000, 0.056
3, 100, 0.000, 0.058
4, 0, 58.766, 0.001
4, 1, 0.000, 0.059
4, 2, 0.000, 0.060
4, 3, 0.000, 16.720
4, 4, 0.000, 0.057
4, 5, 0.000, 0.055
4, 6, 0.000, 79.143
4, 7, 0.000, 110.523
4, 8, 0.000, 171.436
4, 9, 0.000, 0.057
4, 10, 0.000, 0.061
4, 11, 0.000, 0.057
4, 12, 0.000, 0.057
4, 13, 0.000, 0.057
4, 14, 0.000, 0.058
4, 15, 0.000, 69.672
4, 16, 0.000, 0.057
4, 17, 0.000, 0.057
4, 18, 0.000, 0.056
4, 19, 0.000, 0.056
4, 20, 0.000, 0.057
4, 21, 0.000, 0.057
4, 22, 0.000, 0.057
4, 23, 0.000, 0.056
4, 24, 0.000, 0.058
4, 25, 0.000, 0.056
4, 26, 0.000, 746.869
4, 27, 0.000, 0.053
4, 28, 0.000, 0.055
4, 29, 0.000, 0.055
4, 30, 0.000, 0.056
4, 31, 0.000, 0.057
4, 32, 0.000, 0.057
4, 33, 0.000, 0.056
4, 34, 0.000, 0.057
4, 35, 0.000, 220.155
4, 36, 0.000, 0.057
4, 37, 0.000, 0.056
4, 38, 0.000, 0.058
4, 39, 0.000, 0.057
4, 40, 0.000, 0.059
4, 41, 0.000, 0.056
4, 42, 0.000, 0.059
4, 43, 0.000, 0.057
4, 44, 0.000, 0.059
4, 45, 0.000, 0.057
4, 46, 0.000, 0.059
4, 47, 0.000, 0.056
4, 48, 0.000, 0.059
4, 49, 0.000, 0.057
4, 50, 0.000, 0.059
4, 51, 0.000, 0.056
4, 52, 0.000, 0.059
4, 53, 0.000, 0.056
4, 54, 0.000, 0.058
4, 55, 0.000, 0.057
4, 56, 0.000, 0.059
4, 57, 0.000, 0.056
4, 58, 0.000, 0.058
4, 59, 0.000, 0.057
4, 60, 0.000, 0.058
4, 61, 0.000, 0.057
4, 62, 0.000, 0.058
4, 63, 0.000, 0.056
4, 64, 0.000, 0.059
4, 65, 0.000, 0.056
4, 66, 0.000, 0.059
4, 67, 0.000, 0.056
4, 68, 0.000, 0.058
4, 69, 0.000, 0.057
4, 70, 0.000, 0.058
4, 71, 0.000, 0.056
4, 72, 0.000, 0.059
4, 73, 0.000, 0.056
4, 74, 0.000, 0.059
4, 75, 0.000, 0.056
4, 76, 0.000, 106.266
4, 77, 0.000, 0.057
4, 78, 0.000, 0.058
4, 79, 0.000, 0.056
4, 80, 0.000, 0.059
4, 81, 0.000, 0.057
4, 82, 0.000, 0.058
4, 83, 0.000, 0.057
4, 84, 0.000, 0.059
4, 85, 0.000, 0.057
4, 86, 0.000, 0.059
4, 87, 0.000, 0.056
4, 88, 0.000, 0.059
4, 89, 0.000, 0.057
4, 90, 0.000, 0.058
4, 91, 0.000, 0.056
4, 92, 0.000, 0.059
4, 93, 0.000, 0.057
4, 94, 0.000, 0.059
4, 95, 0.000, 0.056
4, 96, 0.000, 0.058
4, 97, 0.000, 0.057
4, 98, 0.000, 0.059
4, 99, 0.000, 0.056
4, 100, 0.000, 0.059
5, 0, 19.919, 0.001
5, 1, 19.919, 0.060
5, 2, 19.919, 0.059
5, 3, 19.919, 45.256
5, 4, 0.000, 60.366
5, 5, 0.000, 0.058
5, 6, 0.000, 0.059
5, 7, 0.000, 119.849
5, 8, 0.000, 172.806
5, 9, 0.000, 0.054
5, 10, 0.000, 0.056
5, 11, 0.000, 0.056
5, 12, 0.000, 0.058
5, 13, 0.000, 0.056
5, 14, 0.000, 0.058
5, 15, 0.000, 0.057
5, 16, 0.000, 51.087
5, 17, 0.000, 0.056
5, 18, 0.000, 0.058
5, 19, 0.000, 0.057
5, 20, 0.000, 0.058
5, 21, 0.000, 0.056
5, 22, 0.000, 0.058
5, 23, 0.000, 0.056
5, 24, 0.000, 0.057
5, 25, 0.000, 0.056
5, 26, 0.000, 0.058
5, 27, 0.000, 0.056
5, 28, 0.000, 0.058
5, 29, 0.000, 0.057
5, 30, 0.000, 0.058
5, 31, 0.000, 0.057
5, 32, 0.000, 0.057
5, 33, 0.000, 0.058
5, 34, 0.000, 0.057
5, 35, 0.000, 0.056
5, 36, 0.000, 0.057
5, 37, 0.000, 0.057
5, 38, 0.000, 0.057
5, 39, 0.000, 0.057
5, 40, 0.000, 0.057
5, 41, 0.000, 0.056
5, 42, 0.000, 0.057
5, 43, 0.000, 51.656
5, 44, 0.000, 0.057
5, 45, 0.000, 0.056
5, 46, 0.000, 0.056
5, 47, 0.000, 0.056
5, 48, 0.000, 0.056
5, 49, 0.000, 0.056
5, 50, 0.000, 0.057
5, 51, 0.000, 0.056
5, 52, 0.000, 0.057
5, 53, 0.000, 0.056
5, 54, 0.000, 0.058
5, 55, 0.000, 0.057
5, 56, 0.000, 0.056
5, 57, 0.000, 0.056
5, 58, 0.000, 0.058
5, 59, 0.000, 0.056
5, 60, 0.000, 0.057
5, 61, 0.000, 0.056
5, 62, 0.000, 0.058
5, 63, 0.000, 0.055
5, 64, 0.000, 0.057
5, 65, 0.000, 0.056
5, 66, 0.000, 0.057
5, 67, 0.000, 0.055
5, 68, 0.000, 0.057
5, 69, 0.000, 0.056
5, 70, 0.000, 0.056
5, 71, 0.000, 0.057
5, 72, 0.000, 0.057
5, 73, 0.000, 0.056
5, 74, 0.000, 0.058
5, 75, 0.000, 0.056
5, 76, 0.000, 0.057
5, 77, 0.000, 0.055
5, 78, 0.000, 0.057
5, 79, 0.000, 0.056
5, 80, 0.000, 0.057
5, 81, 0.000, 0.056
5, 82, 0.000, 0.057
5, 83, 0.000, 0.056
5, 84, 0.000, 2934.769
5, 85, 0.000, 0.054
5, 86, 0.000, 0.057
5, 87, 0.000, 0.056
5, 88, 0.000, 0.057
5, 89, 0.000, 0.056
5, 90, 0.000, 0.056
5, 91, 0.000, 0.056
5, 92, 0.000, 0.057
5, 93, 0.000, 0.056
5, 94, 0.000, 0.056
5, 95, 0.000, 0.057
5, 96, 0.000, 0.057
5, 97, 0.000, 0.056
5, 98, 0.000, 0.058
5, 99, 0.000, 0.056
5, 100, 0.000, 0.057
6, 0, 0.000, 0.001
6, 1, 0.000, 0.058
6, 2, 0.000, 0.058
6, 3, 0.000, 44.304
6, 4, 0.000, 0.058
6, 5, 0.000, 75.320
6, 6, 0.000, 0.057
6, 7, 0.000, 0.055
6, 8, 0.000, 178.488
6, 9, 0.000, 0.056
6, 10, 0.000, 0.057
6, 11, 0.000, 0.056
6, 12, 0.000, 0.057
6, 13, 0.000, 0.055
6, 14, 0.000, 0.057
6, 15, 0.000, 0.056
6, 16, 0.000, 0.056
6, 17, 0.000, 27.194
6, 18, 0.000, 0.056
6, 19, 0.000, 0.056
6, 20, 0.000, 0.057
6, 21, 0.000, 0.057
6, 22, 0.000, 0.052
6, 23, 0.000, 0.054
6, 24, 0.000, 0.056
6, 25, 0.000, 0.056
6, 26, 0.000, 0.057
6, 27, 0.000, 0.056
6, 28, 0.000, 0.057
6, 29, 0.000, 0.057
6, 30, 0.000, 0.057
6, 31, 0.000, 0.056
6, 32, 0.000, 0.058
6, 33, 0.000, 0.057
6, 34, 0.000, 0.058
6, 35, 0.000, 0.057
6, 36, 0.000, 0.057
6, 37, 0.000, 0.056
6, 38, 0.000, 0.057
6, 39, 0.000, 0.056
6, 40, 0.000, 0.057
6, 41, 0.000, 51.557
6, 42, 0.000, 0.058
6, 43, 0.000, 0.057
6, 44, 0.000, 0.057
6, 45, 0.000, 0.057
6, 46, 0.000, 0.057
6, 47, 0.000, 0.056
6, 48, 0.000, 0.056
6, 49, 0.000, 0.056
6, 50, 0.000, 0.056
6, 51, 0.000, 0.056
6, 52, 0.000, 0.057
6, 53, 0.000, 0.057
6, 54, 0.000, 0.057
6, 55, 0.000, 0.056
6, 56, 0.000, 0.057
6, 57, 0.000, 0.055
6, 58, 0.000, 0.057
6, 59, 0.000, 0.056
6, 60, 0.000, 0.057
6, 61, 0.000, 0.057
6, 62, 0.000, 0.057
6, 63, 0.000, 0.056
6, 64, 0.000, 0.056
6, 65, 0.000, 0.056
6, 66, 0.000, 0.057
6, 67, 0.000, 0.056
6, 68, 0.000, 0.058
6, 69, 0.000, 0.056
6, 70, 0.000, 0.057
6, 71, 0.000, 0.056
6, 72, 0.000, 0.056
6, 73, 0.000, 0.055
6, 74, 0.000, 0.057
6, 75, 0.000, 0.056
6, 76, 0.000, 0.057
6, 77, 0.000, 0.057
6, 78, 0.000, 0.057
6, 79, 0.000, 0.057
6, 80, 0.000, 0.057
6, 81, 0.000, 0.056
6, 82, 0.000, 0.056
6, 83, 0.000, 0.055
6, 84, 0.000, 0.057
6, 85, 0.000, 0.056
6, 86, 0.000, 0.057
6, 87, 0.000, 0.056
6, 88, 0.000, 0.057
6, 89, 0.000, 0.056
6, 90, 0.000, 0.056
6, 91, 0.000, 0.055
6, 92, 0.000, 0.056
6, 93, 0.000, 0.056
6, 94, 0.000, 0.057
6, 95, 0.000, 0.056
6, 96, 0.000, 0.057
6, 97, 0.000, 0.057
6, 98, 0.000, 0.056
6, 99, 0.000, 0.057
6, 100, 0.000, 0.057
7, 0, 0.000, 0.001
7, 1, 95.856, 0.059
7, 2, 42.425, 32.096
7, 3, 0.000, 0.055
7, 4, 0.000, 68.734
7, 5, 0.000, 86.756
7, 6, 0.000, 0.055
7, 7, 0.000, 0.056
7, 8, 0.000, 176.549
7, 9, 0.000, 0.054
7, 10, 0.000, 0.057
7, 11, 0.000, 0.056
7, 12, 0.000, 0.057
7, 13, 0.000, 0.057
7, 14, 0.000, 0.058
7, 15, 0.000, 0.057
7, 16, 0.000, 410.533
7, 17, 0.000, 0.054
7, 18, 0.000, 0.057
7, 19, 0.000, 0.055
7, 20, 0.000, 0.056
7, 21, 0.000, 0.056
7, 22, 0.000, 0.057
7, 23, 0.000, 0.055
7, 24, 0.000, 0.056
7, 25, 0.000, 58.808
7, 26, 0.000, 0.057
7, 27, 0.000, 0.055
7, 28, 0.000, 0.056
7, 29, 0.000, 0.055
7, 30, 0.000, 0.056
7, 31, 0.000, 0.056
7, 32, 0.000, 0.056
7, 33, 0.000, 0.056
7, 34, 0.000, 0.056
7, 35, 0.000, 0.056
7, 36, 0.000, 0.056
7, 37, 0.000, 0.055
7, 38, 0.000, 0.057
7, 39, 0.000, 0.055
7, 40, 0.000, 0.057
7, 41, 0.000, 0.055
7, 42, 0.000, 0.057
7, 43, 0.000, 0.056
7, 44, 0.000, 0.057
7, 45, 0.000, 0.056
7, 46, 0.000, 0.057
7, 47, 0.000, 0.056
7, 48, 0.000, 0.058
7, 49, 0.000, 0.056
7, 50, 0.000, 0.057
7, 51, 0.000, 0.055
7, 52, 0.000, 0.057
7, 53, 0.000, 0.055
7, 54, 0.000, 0.056
7, 55, 0.000, 0.057
7, 56, 0.000, 0.056
7, 57, 0.000, 0.056
7, 58, 0.000, 0.056
7, 59, 0.000, 0.057
7, 60, 0.000, 0.056
7, 61, 0.000, 0.055
7, 62, 0.000, 73.082
7, 63, 0.000, 0.057
7, 64, 0.000, 0.057
7, 65, 0.000, 0.056
7, 66, 0.000, 0.057
7, 67, 0.000, 0.056
7, 68, 0.000, 0.056
7, 69, 0.000, 0.056
7, 70, 0.000, 0.056
7, 71, 0.000, 0.056
7, 72, 0.000, 0.057
7, 73, 0.000, 0.057
7, 74, 0.000, 0.057
7, 75, 0.000, 0.057
7, 76, 0.000, 0.057
7, 77, 0.000, 0.057
7, 78, 0.000, 0.058
7, 79, 0.000, 0.056
7, 80, 0.000, 0.057
7, 81, 0.000, 0.057
7, 82, 0.000, 0.056
7, 83, 0.000, 0.056
7, 84, 0.000, 0.056
7, 85, 0.000, 0.056
7, 86, 0.000, 0.056
7, 87, 0.000, 0.056
7, 88, 0.000, 0.056
7, 89, 0.000, 0.056
7, 90, 0.000, 0.057
7, 91, 0.000, 0.056
7, 92, 0.000, 0.057
7, 93, 0.000, 0.056
7, 94, 0.000, 0.056
7, 95, 0.000, 0.056
7, 96, 0.000, 0.057
7, 97, 0.000, 0.056
7, 98, 0.000, 0.057
7, 99, 0.000, 0.057
7, 100, 0.000, 0.057
8, 0, 31.062, 0.001
8, 1, 34.024, 0.059
8, 2, 31.062, 31.836
8, 3, 31.062, 0.054
8, 4, 0.000, 0.058
8, 5, 0.000, 38.168
8, 6, 0.000, 0.058
8, 7, 0.000, 0.057
8, 8, 0.000, 126.510
8, 9, 0.000, 190.003
8, 10, 0.000, 0.056
8, 11, 0.000, 0.052
8, 12, 0.000, 0.054
8, 13, 0.000, 0.056
8, 14, 0.000, 0.057
8, 15, 0.000, 0.054
8, 16, 0.000, 46.843
8, 17, 0.000, 0.057
8, 18, 0.000, 0.058
8, 19, 0.000, 0.057
8, 20, 0.000, 0.057
8, 21, 0.000, 0.057
8, 22, 0.000, 0.057
8, 23, 0.000, 0.058
8, 24, 0.000, 0.058
8, 25, 0.000, 0.056
8, 26, 0.000, 0.057
8, 27, 0.000, 0.056
8, 28, 0.000, 0.058
8, 29, 0.000, 0.057
8, 30, 0.000, 0.057
8, 31, 0.000, 0.057
8, 32, 0.000, 0.058
8, 33, 0.000, 0.056
8, 34, 0.000, 0.058
8, 35, 0.000, 0.058
8, 36, 0.000, 1107.837
8, 37, 0.000, 0.055
8, 38, 0.000, 0.057
8, 39, 0.000, 0.056
8, 40, 0.000, 0.058
8, 41, 0.000, 0.056
8, 42, 0.000, 220.527
8, 43, 0.000, 0.054
8, 44, 0.000, 0.054
8, 45, 0.000, 0.054
8, 46, 0.000, 0.057
8, 47, 0.000, 0.057
8, 48, 0.000, 0.057
8, 49, 0.000, 0.057
8, 50, 0.000, 0.057
8, 51, 0.000, 0.057
8, 52, 0.000, 0.057
8, 53, 0.000, 0.057
8, 54, 0.000, 0.057
8, 55, 0.000, 0.057
8, 56, 0.000, 0.057
8, 57, 0.000, 0.058
8, 58, 0.000, 0.057
8, 59, 0.000, 0.056
8, 60, 0.000, 0.057
8, 61, 0.000, 0.056
8, 62, 0.000, 0.056
8, 63, 0.000, 0.056
8, 64, 0.000, 0.057
8, 65, 0.000, 0.057
8, 66, 0.000, 150.507
8, 67, 0.000, 0.057
8, 68, 0.000, 0.058
8, 69, 0.000, 0.057
8, 70, 0.000, 0.057
8, 71, 0.000, 0.057
8, 72, 0.000, 0.058
8, 73, 0.000, 0.057
8, 74, 0.000, 0.058
8, 75, 0.000, 0.056
8, 76, 0.000, 0.057
8, 77, 0.000, 0.057
8, 78, 0.000, 0.057
8, 79, 0.000, 0.057
8, 80, 0.000, 0.057
8, 81, 0.000, 0.057
8, 82, 0.000, 0.057
8, 83, 0.000, 0.057
8, 84, 0.000, 0.057
8, 85, 0.000, 0.057
8, 86, 0.000, 0.058
8, 87, 0.000, 0.057
8, 88, 0.000, 0.058
8, 89, 0.000, 0.057
8, 90, 0.000, 0.056
8, 91, 0.000, 0.056
8, 92, 0.000, 0.056
8, 93, 0.000, 0.057
8, 94, 0.000, 0.057
8, 95, 0.000, 0.056
8, 96, 0.000, 0.057
8, 97, 0.000, 0.057
8, 98, 0.000, 0.056
8, 99, 0.000, 0.056
8, 100, 0.000, 0.057
9, 0, 97.169, 0.001
9, 1, 93.859, 0.058
9, 2, 3.311, 32.548
9, 3, 3.311, 0.056
9, 4, 3.311, 0.058
9, 5, 0.000, 75.371
9, 6, 0.000, 0.057
9, 7, 3.311, 103.811
9, 8, 3.311, 0.056
9, 9, 3.311, 196.033
9, 10, 3.311, 0.057
9, 11, 3.311, 0.057
9, 12, 3.311, 0.058
9, 13, 3.311, 0.056
9, 14, 3.311, 0.058
9, 15, 3.311, 0.056
9, 16, 3.311, 70.570
9, 17, 3.311, 0.056
9, 18, 3.311, 0.058
9, 19, 3.311, 0.056
9, 20, 3.311, 0.058
9, 21, 3.311, 0.055
9, 22, 3.311, 0.057
9, 23, 3.311, 653.290
9, 24, 0.000, 0.057
9, 25, 0.000, 0.054
9, 26, 0.000, 0.058
9, 27, 0.000, 0.055
9, 28, 0.000, 0.057
9, 29, 0.000, 0.056
9, 30, 0.000, 0.058
9, 31, 0.000, 0.057
9, 32, 0.000, 0.058
9, 33, 0.000, 0.056
9, 34, 0.000, 0.058
9, 35, 0.000, 0.056
9, 36, 0.000, 1206.609
9, 37, 0.000, 0.057
9, 38, 0.000, 0.059
9, 39, 0.000, 0.058
9, 40, 0.000, 0.058
9, 41, 0.000, 0.057
9, 42, 0.000, 0.059
9, 43, 0.000, 0.058
9, 44, 0.000, 117.918
9, 45, 0.000, 0.055
9, 46, 0.000, 0.058
9, 47, 0.000, 0.057
9, 48, 0.000, 0.058
9, 49, 0.000, 0.057
9, 50, 0.000, 0.059
9, 51, 0.000, 0.058
9, 52, 0.000, 0.057
9, 53, 0.000, 0.058
9, 54, 0.000, 0.058
9, 55, 0.000, 0.057
9, 56, 0.000, 0.057
9, 57, 0.000, 0.057
9, 58, 0.000, 0.059
9, 59, 0.000, 0.056
9, 60, 0.000, 0.059
9, 61, 0.000, 0.058
9, 62, 0.000, 0.058
9, 63, 0.000, 0.056
9, 64, 0.000, 0.059
9, 65, 0.000, 0.057
9, 66, 0.000, 0.058
9, 67, 0.000, 0.057
9, 68, 0.000, 0.058
9, 69, 0.000, 0.057
9, 70, 0.000, 0.059
9, 71, 0.000, 0.057
9, 72, 0.000, 0.058
9, 73, 0.000, 0.056
9, 74, 0.000, 0.058
9, 75, 0.000, 0.057
9, 76, 0.000, 0.059
9, 77, 0.000, 0.057
9, 78, 0.000, 0.058
9, 79, 0.000, 0.058
9, 80, 0.000, 0.058
9, 81, 0.000, 0.057
9, 82, 0.000, 0.059
9, 83, 0.000, 0.058
9, 84, 0.000, 0.058
9, 85, 0.000, 0.057
9, 86, 0.000, 0.058
9, 87, 0.000, 0.058
9, 88, 0.000, 0.057
9, 89, 0.000, 0.057
9, 90, 0.000, 0.058
9, 91, 0.000, 856.277
9, 92, 0.000, 0.057
9, 93, 0.000, 0.052
9, 94, 0.000, 0.053
9, 95, 0.000, 0.056
9, 96, 0.000, 0.057
9, 97, 0.000, 0.056
9, 98, 0.000, 0.059
9, 99, 0.000, 0.055
9, 100, 0.000, 0.059
10, 0, 24.090, 0.001
10, 1, 81.790, 0.060
10, 2, 0.000, 32.881
10, 3, 0.000, 0.056
10, 4, 24.090, 0.058
10, 5, 0.000, 51.869
10, 6, 0.000, 0.059
10, 7, 0.000, 0.057
10, 8, 0.000, 0.060
10, 9, 0.000, 0.057
10, 10, 0.000, 0.059
10, 11, 0.000, 233.350
10, 12, 0.000, 0.056
10, 13, 0.000, 0.057
10, 14, 0.000, 0.058
10, 15, 0.000, 0.057
10, 16, 0.000, 0.059
10, 17, 0.000, 0.056
10, 18, 0.000, 78.453
10, 19, 0.000, 0.053
10, 20, 0.000, 0.058
10, 21, 0.000, 0.055
10, 22, 0.000, 0.058
10, 23, 0.000, 0.057
10, 24, 0.000, 0.057
10, 25, 0.000, 0.056
10, 26, 0.000, 0.057
10, 27, 0.000, 0.056
10, 28, 0.000, 0.057
10, 29, 0.000, 0.056
10, 30, 0.000, 0.057
10, 31, 0.000, 0.056
10, 32, 0.000, 0.057
10, 33, 0.000, 0.056
10, 34, 0.000, 0.057
10, 35, 0.000, 0.057
10, 36, 0.000, 0.056
10, 37, 0.000, 0.056
10, 38, 0.000, 0.056
10, 39, 0.000, 0.056
10, 40, 0.000, 0.056
10, 41, 0.000, 0.056
10, 42, 0.000, 0.057
10, 43, 0.000, 0.056
10, 44, 0.000, 0.057
10, 45, 0.000, 60.861
10, 46, 0.000, 0.057
10, 47, 0.000, 0.056
10, 48, 0.000, 0.057
10, 49, 0.000, 0.056
10, 50, 0.000, 0.057
10, 51, 0.000, 0.057
10, 52, 0.000, 0.057
10, 53, 0.000, 0.056
10, 54, 0.000, 0.057
10, 55, 0.000, 0.056
10, 56, 0.000, 0.057
10, 57, 0.000, 0.056
10, 58, 0.000, 0.057
10, 59, 0.000, 0.057
10, 60, 0.000, 0.058
10, 61, 0.000, 0.056
10, 62, 0.000, 0.057
10, 63, 0.000, 0.057
10, 64, 0.000, 0.057
10, 65, 0.000, 0.056
10, 66, 0.000, 0.057
10, 67, 0.000, 0.056
10, 68, 0.000, 0.056
10, 69, 0.000, 0.056
10, 70, 0.000, 0.058
10, 71, 0.000, 0.056
10, 72, 0.000, 0.057
10, 73, 0.000, 0.055
10, 74, 0.000, 0.057
10, 75, 0.000, 0.056
10, 76, 0.000, 0.057
10, 77, 0.000, 0.056
10, 78, 0.000, 0.057
10, 79, 0.000, 0.056
10, 80, 0.000, 0.057
10, 81, 0.000, 0.056
10, 82, 0.000, 0.058
10, 83, 0.000, 0.057
10, 84, 0.000, 0.057
10, 85, 0.000, 0.056
10, 86, 0.000, 0.057
10, 87, 0.000, 0.057
10, 88, 0.000, 0.058
10, 89, 0.000, 0.057
10, 90, 0.000, 0.058
10, 91, 0.000, 0.056
10, 92, 0.000, 0.056
10, 93, 0.000, 0.055
10, 94, 0.000, 0.056
10, 95, 0.000, 0.057
10, 96, 0.000, 0.057
10, 97, 0.000, 0.056
10, 98, 0.000, 0.056
10, 99, 0.000, 0.057
10, 100, 0.000, 0.057
11, 0, 61.335, 0.001
11, 1, 55.780, 0.060
11, 2, 55.780, 0.058
11, 3, 55.780, 44.608
11, 4, 0.000, 0.056
11, 5, 0.000, 19.012
11, 6, 0.000, 0.058
11, 7, 0.000, 0.055
11, 8, 0.000, 0.058
11, 9, 0.000, 0.055
11, 10, 0.000, 0.057
11, 11, 0.000, 0.055
11, 12, 0.000, 0.057
11, 13, 0.000, 0.053
11, 14, 0.000, 0.057
11, 15, 0.000, 339.047
11, 16, 0.000, 0.054
11, 17, 0.000, 0.053
11, 18, 0.000, 0.056
11, 19, 0.000, 0.056
11, 20, 0.000, 0.058
11, 21, 0.000, 0.056
11, 22, 0.000, 0.058
11, 23, 0.000, 44.656
11, 24, 0.000, 0.059
11, 25, 0.000, 0.056
11, 26, 0.000, 0.058
11, 27, 0.000, 0.057
11, 28, 0.000, 0.057
11, 29, 0.000, 0.056
11, 30, 0.000, 0.059
11, 31, 0.000, 0.055
11, 32, 0.000, 0.057
11, 33, 0.000, 0.056
11, 34, 0.000, 0.058
11, 35, 0.000, 0.056
11, 36, 0.000, 0.058
11, 37, 0.000, 0.056
11, 38, 0.000, 0.058
11, 39, 0.000, 0.057
11, 40, 0.000, 0.057
11, 41, 0.000, 0.056
11, 42, 0.000, 0.058
11, 43, 0.000, 0.056
11, 44, 0.000, 0.057
11, 45, 0.000, 0.057
11, 46, 0.000, 0.058
11, 47, 0.000, 0.055
11, 48, 0.000, 0.058
11, 49, 0.000, 0.057
11, 50, 0.000, 0.058
11, 51, 0.000, 0.057
11, 52, 0.000, 0.058
11, 53, 0.000, 65.843
11, 54, 0.000, 0.057
11, 55, 0.000, 0.056
11, 56, 0.000, 0.058
11, 57, 0.000, 0.055
11, 58, 0.000, 0.058
11, 59, 0.000, 0.056
11, 60, 0.000, 0.058
11, 61, 0.000, 0.057
11, 62, 0.000, 0.057
11, 63, 0.000, 0.057
11, 64, 0.000, 0.057
11, 65, 0.000, 0.057
11, 66, 0.000, 0.057
11, 67, 0.000, 0.057
11, 68, 0.000, 0.058
11, 69, 0.000, 0.056
11, 70, 0.000, 0.057
11, 71, 0.000, 0.056
11, 72, 0.000, 0.058
11, 73, 0.000, 0.057
11, 74, 0.000, 0.057
11, 75, 0.000, 0.056
11, 76, 0.000, 0.058
11, 77, 0.000, 0.056
11, 78, 0.000, 0.056
11, 79, 0.000, 0.057
11, 80, 0.000, 0.058
11, 81, 0.000, 0.056
11, 82, 0.000, 0.056
11, 83, 0.000, 0.056
11, 84, 0.000, 0.058
11, 85, 0.000, 0.057
11, 86, 0.000, 0.057
11, 87, 0.000, 0.056
11, 88, 0.000, 0.057
11, 89, 0.000, 0.056
11, 90, 0.000, 0.057
11, 91, 0.000, 0.056
11, 92, 0.000, 0.059
11, 93, 0.000, 0.057
11, 94, 0.000, 0.057
11, 95, 0.000, 0.057
11, 96, 0.000, 0.057
11, 97, 0.000, 0.057
11, 98, 0.000, 0.058
11, 99, 0.000, 0.057
11, 100, 0.000, 0.058
12, 0, 93.326, 0.001
12, 1, 93.326, 0.059
12, 2, 14.496, 32.853
12, 3, 14.496, 0.057
12, 4, 14.496, 0.059
12, 5, 14.496, 17.597
12, 6, 14.496, 89.472
12, 7, 0.000, 111.893
12, 8, 0.000, 0.055
12, 9, 0.000, 193.034
12, 10, 0.000, 0.058
12, 11, 0.000, 0.056
12, 12, 0.000, 0.059
12, 13, 0.000, 0.056
12, 14, 0.000, 0.057
12, 15, 0.000, 0.055
12, 16, 0.000, 0.058
12, 17, 0.000, 0.056
12, 18, 0.000, 125.902
12, 19, 0.000, 0.055
12, 20, 0.000, 0.058
12, 21, 0.000, 0.056
12, 22, 0.000, 0.058
12, 23, 0.000, 0.055
12, 24, 0.000, 0.058
12, 25, 0.000, 0.057
12, 26, 0.000, 0.058
12, 27, 0.000, 0.056
12, 28, 0.000, 0.059
12, 29, 0.000, 0.056
12, 30, 0.000, 0.058
12, 31, 0.000, 0.057
12, 32, 0.000, 0.059
12, 33, 0.000, 0.056
12, 34, 0.000, 0.057
12, 35, 0.000, 0.055
12, 36, 0.000, 0.057
12, 37, 0.000, 0.056
12, 38, 0.000, 0.058
12, 39, 0.000, 0.056
12, 40, 0.000, 0.057
12, 41, 0.000, 0.056
12, 42, 0.000, 67.874
12, 43, 0.000, 0.056
12, 44, 0.000, 0.057
12, 45, 0.000, 0.056
12, 46, 0.000, 0.059
12, 47, 0.000, 0.056
12, 48, 0.000, 0.058
12, 49, 0.000, 0.057
12, 50, 0.000, 0.058
12, 51, 0.000, 0.056
12, 52, 0.000, 0.058
12, 53, 0.000, 0.056
12, 54, 0.000, 0.058
12, 55, 0.000, 0.056
12, 56, 0.000, 0.057
12, 57, 0.000, 0.057
12, 58, 0.000, 0.058
12, 59, 0.000, 0.055
12, 60, 0.000, 0.057
12, 61, 0.000, 0.056
12, 62, 0.000, 0.057
12, 63, 0.000, 0.057
12, 64, 0.000, 0.057
12, 65, 0.000, 0.057
12, 66, 0.000, 0.057
12, 67, 0.000, 0.056
12, 68, 0.000, 0.058
12, 69, 0.000, 0.054
12, 70, 0.000, 0.057
12, 71, 0.000, 0.056
12, 72, 0.000, 0.057
12, 73, 0.000, 0.056
12, 74, 0.000, 0.057
12, 75, 0.000, 0.056
12, 76, 0.000, 0.057
12, 77, 0.000, 0.056
12, 78, 0.000, 0.058
12, 79, 0.000, 0.055
12, 80, 0.000, 0.057
12, 81, 0.000, 0.056
12, 82, 0.000, 0.058
12, 83, 0.000, 0.056
12, 84, 0.000, 0.058
12, 85, 0.000, 0.056
12, 86, 0.000, 0.057
12, 87, 0.000, 0.056
12, 88, 0.000, 0.058
12, 89, 0.000, 0.056
12, 90, 0.000, 0.057
12, 91, 0.000, 0.055
12, 92, 0.000, 0.057
12, 93, 0.000, 0.056
12, 94, 0.000, 0.058
12, 95, 0.000, 0.055
12, 96, 0.000, 0.058
12, 97, 0.000, 0.055
12, 98, 0.000, 0.057
12, 99, 0.000, 0.056
12, 100, 0.000, 0.057
13, 0, 54.863, 0.001
13, 1, 19.567, 0.059
13, 2, 19.567, 0.058
13, 3, 19.567, 16.672
13, 4, 19.567, 0.058
13, 5, 19.567, 0.055
13, 6, 19.567, 0.059
13, 7, 0.000, 83.883
13, 8, 0.000, 0.058
13, 9, 0.000, 0.056
13, 10, 0.000, 0.058
13, 11, 0.000, 243.544
13, 12, 0.000, 0.059
13, 13, 0.000, 0.056
13, 14, 0.000, 0.058
13, 15, 0.000, 0.056
13, 16, 0.000, 0.058
13, 17, 0.000, 0.056
13, 18, 0.000, 84.903
13, 19, 0.000, 0.056
13, 20, 0.000, 0.057
13, 21, 0.000, 0.056
13, 22, 0.000, 0.057
13, 23, 0.000, 0.056
13, 24, 0.000, 0.057
13, 25, 0.000, 0.056
13, 26, 0.000, 0.057
13, 27, 0.000, 0.056
13, 28, 0.000, 0.058
13, 29, 0.000, 0.055
13, 30, 0.000, 0.058
13, 31, 0.000, 0.055
13, 32, 0.000, 0.057
13, 33, 0.000, 0.055
13, 34, 0.000, 0.057
13, 35, 0.000, 0.056
13, 36, 0.000, 0.058
13, 37, 0.000, 0.056
13, 38, 0.000, 0.058
13, 39, 0.000, 0.056
13, 40, 0.000, 0.058
13, 41, 0.000, 0.056
13, 42, 0.000, 0.058
13, 43, 0.000, 0.056
13, 44, 0.000, 0.057
13, 45, 0.000, 0.056
13, 46, 0.000, 51.388
13, 47, 0.000, 0.057
13, 48, 0.000, 0.058
13, 49, 0.000, 0.056
13, 50, 0.000, 0.058
13, 51, 0.000, 0.057
13, 52, 0.000, 0.057
13, 53, 0.000, 0.055
13, 54, 0.000, 0.057
13, 55, 0.000, 0.056
13, 56, 0.000, 0.057
13, 57, 0.000, 0.057
13, 58, 0.000, 0.058
13, 59, 0.000, 0.056
13, 60, 0.000, 0.058
13, 61, 0.000, 0.056
13, 62, 0.000, 0.058
13, 63, 0.000, 0.056
13, 64, 0.000, 0.057
13, 65, 0.000, 0.056
13, 66, 0.000, 0.057
13, 67, 0.000, 0.057
13, 68, 0.000, 0.058
13, 69, 0.000, 0.056
13, 70, 0.000, 0.057
13, 71, 0.000, 0.055
13, 72, 0.000, 0.058
13, 73, 0.000, 0.056
13, 74, 0.000, 0.057
13, 75, 0.000, 0.056
13, 76, 0.000, 0.058
13, 77, 0.000, 0.056
13, 78, 0.000, 0.057
13, 79, 0.000, 0.056
13, 80, 0.000, 0.058
13, 81, 0.000, 0.056
13, 82, 0.000, 0.057
13, 83, 0.000, 0.056
13, 84, 0.000, 0.057
13, 85, 0.000, 0.056
13, 86, 0.000, 0.058
13, 87, 0.000, 0.056
13, 88, 0.000, 0.058
13, 89, 0.000, 0.057
13, 90, 0.000, 0.057
13, 91, 0.000, 0.057
13, 92, 0.000, 0.058
13, 93, 0.000, 0.056
13, 94, 0.000, 0.057
13, 95, 0.000, 0.055
13, 96, 0.000, 0.058
13, 97, 0.000, 0.056
13, 98, 0.000, 0.057
13, 99, 0.000, 0.057
13, 100, 0.000, 0.058
14, 0, 50.548, 0.001
14, 1, 50.548, 0.058
14, 2, 0.000, 32.833
14, 3, 0.000, 0.055
14, 4, 0.000, 0.057
14, 5, 0.000, 42.147
14, 6, 0.000, 0.059
14, 7, 0.000, 108.348
14, 8, 0.000, 0.056
14, 9, 0.000, 191.777
14, 10, 0.000, 0.054
14, 11, 0.000, 0.055
14, 12, 0.000, 0.055
14, 13, 0.000, 0.056
14, 14, 0.000, 0.056
14, 15, 0.000, 0.056
14, 16, 0.000, 72.686
14, 17, 0.000, 0.053
14, 18, 0.000, 0.058
14, 19, 0.000, 0.056
14, 20, 0.000, 0.058
14, 21, 0.000, 0.057
14, 22, 0.000, 0.057
14, 23, 0.000, 0.056
14, 24, 0.000, 0.058
14, 25, 0.000, 0.056
14, 26, 0.000, 0.058
14, 27, 0.000, 0.056
14, 28, 0.000, 0.058
14, 29, 0.000, 0.056
14, 30, 0.000, 0.057
14, 31, 0.000, 0.055
14, 32, 0.000, 0.058
14, 33, 0.000, 0.055
14, 34, 0.000, 0.058
14, 35, 0.000, 0.057
14, 36, 0.000, 0.058
14, 37, 0.000, 0.057
14, 38, 0.000, 0.058
14, 39, 0.000, 0.057
14, 40, 0.000, 0.057
14, 41, 0.000, 0.056
14, 42, 0.000, 0.058
14, 43, 0.000, 0.057
14, 44, 0.000, 53.637
14, 45, 0.000, 0.055
14, 46, 0.000, 0.055
14, 47, 0.000, 0.056
14, 48, 0.000, 0.057
14, 49, 0.000, 0.056
14, 50, 0.000, 0.058
14, 51, 0.000, 0.055
14, 52, 0.000, 0.058
14, 53, 0.000, 0.056
14, 54, 0.000, 0.058
14, 55, 0.000, 0.056
14, 56, 0.000, 0.056
14, 57, 0.000, 0.055
14, 58, 0.000, 0.058
14, 59, 0.000, 0.056
14, 60, 0.000, 0.057
14, 61, 0.000, 0.055
14, 62, 0.000, 0.058
14, 63, 0.000, 0.056
14, 64, 0.000, 0.057
14, 65, 0.000, 0.056
14, 66, 0.000, 0.057
14, 67, 0.000, 0.056
14, 68, 0.000, 0.057
14, 69, 0.000, 0.056
14, 70, 0.000, 0.058
14, 71, 0.000, 0.056
14, 72, 0.000, 0.058
14, 73, 0.000, 0.056
14, 74, 0.000, 0.058
14, 75, 0.000, 0.056
14, 76, 0.000, 0.058
14, 77, 0.000, 0.057
14, 78, 0.000, 0.058
14, 79, 0.000, 0.055
14, 80, 0.000, 0.057
14, 81, 0.000, 0.056
14, 82, 0.000, 0.057
14, 83, 0.000, 0.055
14, 84, 0.000, 0.057
14, 85, 0.000, 0.055
14, 86, 0.000, 0.057
14, 87, 0.000, 0.056
14, 88, 0.000, 0.057
14, 89, 0.000, 0.056
14, 90, 0.000, 0.057
14, 91, 0.000, 0.057
14, 92, 0.000, 0.057
14, 93, 0.000, 0.055
14, 94, 0.000, 0.057
14, 95, 0.000, 0.056
14, 96, 0.000, 0.057
14, 97, 0.000, 0.056
14, 98, 0.000, 0.059
14, 99, 0.000, 0.057
14, 100, 0.000, 0.058
15, 0, 0.000, 0.001
15, 1, 54.666, 0.059
15, 2, 0.000, 33.212
15, 3, 0.000, 0.056
15, 4, 0.000, 0.057
15, 5, 0.000, 39.187
15, 6, 0.000, 96.690
15, 7, 0.000, 0.054
15, 8, 0.000, 0.055
15, 9, 0.000, 188.557
15, 10, 0.000, 0.056
15, 11, 0.000, 0.056
15, 12, 0.000, 0.057
15, 13, 0.000, 0.056
15, 14, 0.000, 0.056
15, 15, 0.000, 0.057
15, 16, 0.000, 109.201
15, 17, 0.000, 0.056
15, 18, 0.000, 0.058
15, 19, 0.000, 0.056
15, 20, 0.000, 576.797
15, 21, 0.000, 0.054
15, 22, 0.000, 0.056
15, 23, 0.000, 0.055
15, 24, 0.000, 0.057
15, 25, 0.000, 0.057
15, 26, 0.000, 0.057
15, 27, 0.000, 100.451
15, 28, 0.000, 0.057
15, 29, 0.000, 0.057
15, 30, 0.000, 0.056
15, 31, 0.000, 0.057
15, 32, 0.000, 0.058
15, 33, 0.000, 0.056
15, 34, 0.000, 0.056
15, 35, 0.000, 0.056
15, 36, 0.000, 0.057
15, 37, 0.000, 0.055
15, 38, 0.000, 0.056
15, 39, 0.000, 0.056
15, 40, 0.000, 0.057
15, 41, 0.000, 0.055
15, 42, 0.000, 0.057
15, 43, 0.000, 0.056
15, 44, 0.000, 0.058
15, 45, 0.000, 0.058
15, 46, 0.000, 0.057
15, 47, 0.000, 0.056
15, 48, 0.000, 0.057
15, 49, 0.000, 129.290
15, 50, 0.000, 0.058
15, 51, 0.000, 0.057
15, 52, 0.000, 0.058
15, 53, 0.000, 0.057
15, 54, 0.000, 0.057
15, 55, 0.000, 0.057
15, 56, 0.000, 0.058
15, 57, 0.000, 0.057
15, 58, 0.000, 0.058
15, 59, 0.000, 0.057
15, 60, 0.000, 0.057
15, 61, 0.000, 0.057
15, 62, 0.000, 0.058
15, 63, 0.000, 0.056
15, 64, 0.000, 0.057
15, 65, 0.000, 0.057
15, 66, 0.000, 0.057
15, 67, 0.000, 0.057
15, 68, 0.000, 0.057
15, 69, 0.000, 0.057
15, 70, 0.000, 0.057
15, 71, 0.000, 0.056
15, 72, 0.000, 0.057
15, 73, 0.000, 0.056
15, 74, 0.000, 0.057
15, 75, 0.000, 0.056
15, 76, 0.000, 0.057
15, 77, 0.000, 0.058
15, 78, 0.000, 0.057
15, 79, 0.000, 0.056
15, 80, 0.000, 0.058
15, 81, 0.000, 177.998
15, 82, 0.000, 0.059
15, 83, 0.000, 0.056
15, 84, 0.000, 0.058
15, 85, 0.000, 0.057
15, 86, 0.000, 0.057
15, 87, 0.000, 0.056
15, 88, 0.000, 0.057
15, 89, 0.000, 0.057
15, 90, 0.000, 0.058
15, 91, 0.000, 0.057
15, 92, 0.000, 0.058
15, 93, 0.000, 0.057
15, 94, 0.000, 0.057
15, 95, 0.000, 0.056
15, 96, 0.000, 0.058
15, 97, 0.000, 0.057
15, 98, 0.000, 0.059
15, 99, 0.000, 0.057
15, 100, 0.000, 0.059
16, 0, 47.325, 0.001
16, 1, 0.000, 0.059
16, 2, 0.000, 0.059
16, 3, 0.000, 17.131
16, 4, 0.000, 0.054
16, 5, 0.000, 0.053
16, 6, 0.000, 79.382
16, 7, 0.000, 0.057
16, 8, 0.000, 0.058
16, 9, 0.000, 0.057
16, 10, 0.000, 0.057
16, 11, 0.000, 0.057
16, 12, 0.000, 0.058
16, 13, 0.000, 0.056
16, 14, 0.000, 0.057
16, 15, 0.000, 0.056
16, 16, 0.000, 0.057
16, 17, 0.000, 0.056
16, 18, 0.000, 0.058
16, 19, 0.000, 0.056
16, 20, 0.000, 0.058
16, 21, 0.000, 0.057
16, 22, 0.000, 0.058
16, 23, 0.000, 0.055
16, 24, 0.000, 0.058
16, 25, 0.000, 0.057
16, 26, 0.000, 0.058
16, 27, 0.000, 0.057
16, 28, 0.000, 0.058
16, 29, 0.000, 0.056
16, 30, 0.000, 0.058
16, 31, 0.000, 0.056
16, 32, 0.000, 0.057
16, 33, 0.000, 0.056
16, 34, 0.000, 0.058
16, 35, 0.000, 0.056
16, 36, 0.000, 752.675
16, 37, 0.000, 952.920
16, 38, 0.000, 0.057
16, 39, 0.000, 0.055
16, 40, 0.000, 0.057
16, 41, 0.000, 0.055
16, 42, 0.000, 152.203
16, 43, 0.000, 0.055
16, 44, 0.000, 0.058
16, 45, 0.000, 0.057
16, 46, 0.000, 0.058
16, 47, 0.000, 0.057
16, 48, 0.000, 0.059
16, 49, 0.000, 0.057
16, 50, 0.000, 0.059
16, 51, 0.000, 0.056
16, 52, 0.000, 0.058
16, 53, 0.000, 0.057
16, 54, 0.000, 0.058
16, 55, 0.000, 0.056
16, 56, 0.000, 0.057
16, 57, 0.000, 0.057
16, 58, 0.000, 0.058
16, 59, 0.000, 0.056
16, 60, 0.000, 0.058
16, 61, 0.000, 113.962
16, 62, 0.000, 0.057
16, 63, 0.000, 0.056
16, 64, 0.000, 0.058
16, 65, 0.000, 0.056
16, 66, 0.000, 0.058
16, 67, 0.000, 0.055
16, 68, 0.000, 0.057
16, 69, 0.000, 0.056
16, 70, 0.000, 0.058
16, 71, 0.000, 0.056
16, 72, 0.000, 0.059
16, 73, 0.000, 0.055
16, 74, 0.000, 0.058
16, 75, 0.000, 0.056
16, 76, 0.000, 0.058
16, 77, 0.000, 0.056
16, 78, 0.000, 0.057
16, 79, 0.000, 0.056
16, 80, 0.000, 0.057
16, 81, 0.000, 0.056
16, 82, 0.000, 0.057
16, 83, 0.000, 0.055
16, 84, 0.000, 0.057
16, 85, 0.000, 0.055
16, 86, 0.000, 0.057
16, 87, 0.000, 0.056
16, 88, 0.000, 0.057
16, 89, 0.000, 0.056
16, 90, 0.000, 0.057
16, 91, 0.000, 0.057
16, 92, 0.000, 0.057
16, 93, 0.000, 0.054
16, 94, 0.000, 0.056
16, 95, 0.000, 0.056
16, 96, 0.000, 0.058
16, 97, 0.000, 0.055
16, 98, 0.000, 0.058
16, 99, 0.000, 0.057
16, 100, 0.000, 0.058
17, 0, 15.726, 0.001
17, 1, 0.000, 0.059
17, 2, 0.000, 0.059
17, 3, 0.000, 16.727
17, 4, 0.000, 0.057
17, 5, 0.000, 0.057
17, 6, 0.000, 84.895
17, 7, 0.000, 0.053
17, 8, 0.000, 0.056
17, 9, 0.000, 0.054
17, 10, 0.000, 0.055
17, 11, 0.000, 0.057
17, 12, 0.000, 0.057
17, 13, 0.000, 0.056
17, 14, 0.000, 0.058
17, 15, 0.000, 0.056
17, 16, 0.000, 0.057
17, 17, 0.000, 0.058
17, 18, 0.000, 0.057
17, 19, 0.000, 0.056
17, 20, 0.000, 424.404
17, 21, 0.000, 0.052
17, 22, 0.000, 0.056
17, 23, 0.000, 0.056
17, 24, 0.000, 0.056
17, 25, 0.000, 0.056
17, 26, 0.000, 0.057
17, 27, 0.000, 0.055
17, 28, 0.000, 72.074
17, 29, 0.000, 0.056
17, 30, 0.000, 0.057
17, 31, 0.000, 0.057
17, 32, 0.000, 0.058
17, 33, 0.000, 0.057
17, 34, 0.000, 0.058
17, 35, 0.000, 0.057
17, 36, 0.000, 0.058
17, 37, 0.000, 0.057
17, 38, 0.000, 0.058
17, 39, 0.000, 0.057
17, 40, 0.000, 0.057
17, 41, 0.000, 0.057
17, 42, 0.000, 0.057
17, 43, 0.000, 0.057
17, 44, 0.000, 0.058
17, 45, 0.000, 0.057
17, 46, 0.000, 0.057
17, 47, 0.000, 0.057
17, 48, 0.000, 0.057
17, 49, 0.000, 0.056
17, 50, 0.000, 0.057
17, 51, 0.000, 0.057
17, 52, 0.000, 0.056
17, 53, 0.000, 0.055
17, 54, 0.000, 0.056
17, 55, 0.000, 0.056
17, 56, 0.000, 0.057
17, 57, 0.000, 0.057
17, 58, 0.000, 0.058
17, 59, 0.000, 0.056
17, 60, 0.000, 0.056
17, 61, 0.000, 0.057
17, 62, 0.000, 63.015
17, 63, 0.000, 0.055
17, 64, 0.000, 0.057
17, 65, 0.000, 0.056
17, 66, 0.000, 0.058
17, 67, 0.000, 0.056
17, 68, 0.000, 0.057
17, 69, 0.000, 0.056
17, 70, 0.000, 0.057
17, 71, 0.000, 0.056
17, 72, 0.000, 0.057
17, 73, 0.000, 0.057
17, 74, 0.000, 0.056
17, 75, 0.000, 0.056
17, 76, 0.000, 0.057
17, 77, 0.000, 0.057
17, 78, 0.000, 0.057
17, 79, 0.000, 0.056
17, 80, 0.000, 0.057
17, 81, 0.000, 0.056
17, 82, 0.000, 0.056
17, 83, 0.000, 0.056
17, 84, 0.000, 0.057
17, 85, 0.000, 0.056
17, 86, 0.000, 0.056
17, 87, 0.000, 0.056
17, 88, 0.000, 0.057
17, 89, 0.000, 0.057
17, 90, 0.000, 0.056
17, 91, 0.000, 0.056
17, 92, 0.000, 0.057
17, 93, 0.000, 0.056
17, 94, 0.000, 0.057
17, 95, 0.000, 0.056
17, 96, 0.000, 0.057
17, 97, 0.000, 0.055
17, 98, 0.000, 0.058
17, 99, 0.000, 0.056
17, 100, 0.000, 0.057
18, 0, 80.940, 0.001
18, 1, 0.000, 0.059
18, 2, 0.000, 0.060
18, 3, 0.000, 16.850
18, 4, 0.000, 0.059
18, 5, 0.000, 0.057
18, 6, 0.000, 23.592
18, 7, 0.000, 97.153
18, 8, 0.000, 0.060
18, 9, 0.000, 190.250
18, 10, 0.000, 0.057
18, 11, 0.000, 0.057
18, 12, 0.000, 0.059
18, 13, 0.000, 0.057
18, 14, 0.000, 0.059
18, 15, 0.000, 0.058
18, 16, 0.000, 46.857
18, 17, 0.000, 0.056
18, 18, 0.000, 0.059
18, 19, 0.000, 0.057
18, 20, 0.000, 0.059
18, 21, 0.000, 0.057
18, 22, 0.000, 0.058
18, 23, 0.000, 0.058
18, 24, 0.000, 0.059
18, 25, 0.000, 0.056
18, 26, 0.000, 0.058
18, 27, 0.000, 0.057
18, 28, 0.000, 0.058
18, 29, 0.000, 0.057
18, 30, 0.000, 0.059
18, 31, 0.000, 0.057
18, 32, 0.000, 0.059
18, 33, 0.000, 0.058
18, 34, 0.000, 0.059
18, 35, 0.000, 0.057
18, 36, 0.000, 0.060
18, 37, 0.000, 0.058
18, 38, 0.000, 0.059
18, 39, 0.000, 0.058
18, 40, 0.000, 0.060
18, 41, 0.000, 0.057
18, 42, 0.000, 0.059
18, 43, 0.000, 0.057
18, 44, 0.000, 0.060
18, 45, 0.000, 45.657
18, 46, 0.000, 0.059
18, 47, 0.000, 0.057
18, 48, 0.000, 0.060
18, 49, 0.000, 0.057
18, 50, 0.000, 0.059
18, 51, 0.000, 0.057
18, 52, 0.000, 0.060
18, 53, 0.000, 0.058
18, 54, 0.000, 0.060
18, 55, 0.000, 0.058
18, 56, 0.000, 0.060
18, 57, 0.000, 0.057
18, 58, 0.000, 0.059
18, 59, 0.000, 1995.986
18, 60, 0.000, 0.057
18, 61, 0.000, 0.055
18, 62, 0.000, 0.059
18, 63, 0.000, 0.057
18, 64, 0.000, 0.058
18, 65, 0.000, 632.862
18, 66, 0.000, 0.057
18, 67, 0.000, 0.056
18, 68, 0.000, 0.058
18, 69, 0.000, 0.056
18, 70, 0.000, 0.058
18, 71, 0.000, 0.057
18, 72, 0.000, 0.058
18, 73, 0.000, 0.056
18, 74, 0.000, 0.059
18, 75, 0.000, 0.056
18, 76, 0.000, 0.057
18, 77, 0.000, 0.056
18, 78, 0.000, 0.056
18, 79, 0.000, 0.055
18, 80, 0.000, 0.058
18, 81, 0.000, 0.056
18, 82, 0.000, 0.057
18, 83, 0.000, 3165.191
18, 84, 0.000, 0.057
18, 85, 0.000, 0.054
18, 86, 0.000, 0.058
18, 87, 0.000, 0.055
18, 88, 0.000, 0.057
18, 89, 0.000, 0.055
18, 90, 0.000, 300.482
18, 91, 0.000, 0.055
18, 92, 0.000, 0.057
18, 93, 0.000, 0.055
18, 94, 0.000, 0.057
18, 95, 0.000, 0.056
18, 96, 0.000, 0.057
18, 97, 0.000, 0.056
18, 98, 0.000, 0.058
18, 99, 0.000, 0.056
18, 100, 0.000, 0.058
19, 0, 0.000, 0.001
19, 1, 0.000, 0.059
19, 2, 0.000, 0.059
19, 3, 0.000, 16.872
19, 4, 0.000, 0.058
19, 5, 0.000, 0.056
19, 6, 0.000, 0.058
19, 7, 0.000, 86.562
19, 8, 0.000, 0.057
19, 9, 0.000, 188.968
19, 10, 0.000, 0.057
19, 11, 0.000, 0.057
19, 12, 0.000, 0.058
19, 13, 0.000, 0.057
19, 14, 0.000, 0.059
19, 15, 0.000, 62.283
19, 16, 0.000, 0.057
19, 17, 0.000, 0.052
19, 18, 0.000, 0.057
19, 19, 0.000, 0.056
19, 20, 0.000, 0.057
19, 21, 0.000, 0.056
19, 22, 0.000, 0.058
19, 23, 0.000, 0.056
19, 24, 0.000, 0.057
19, 25, 0.000, 0.055
19, 26, 0.000, 0.058
19, 27, 0.000, 0.056
19, 28, 0.000, 0.057
19, 29, 0.000, 0.056
19, 30, 0.000, 0.058
19, 31, 0.000, 0.056
19, 32, 0.000, 0.057
19, 33, 0.000, 0.056
19, 34, 0.000, 0.057
19, 35, 0.000, 0.056
19, 36, 0.000, 0.057
19, 37, 0.000, 0.056
19, 38, 0.000, 0.058
19, 39, 0.000, 50.450
19, 40, 0.000, 0.057
19, 41, 0.000, 0.055
19, 42, 0.000, 0.057
19, 43, 0.000, 0.055
19, 44, 0.000, 0.056
19, 45, 0.000, 0.054
19, 46, 0.000, 0.054
19, 47, 0.000, 0.054
19, 48, 0.000, 0.058
19, 49, 0.000, 0.056
19, 50, 0.000, 0.057
19, 51, 0.000, 0.057
19, 52, 0.000, 0.057
19, 53, 0.000, 0.056
19, 54, 0.000, 0.058
19, 55, 0.000, 0.056
19, 56, 0.000, 0.057
19, 57, 0.000, 0.057
19, 58, 0.000, 0.057
19, 59, 0.000, 0.056
19, 60, 0.000, 0.058
19, 61, 0.000, 0.056
19, 62, 0.000, 0.058
19, 63, 0.000, 0.055
19, 64, 0.000, 0.057
19, 65, 0.000, 0.055
19, 66, 0.000, 0.057
19, 67, 0.000, 0.055
19, 68, 0.000, 0.056
19, 69, 0.000, 0.056
19, 70, 0.000, 0.057
19, 71, 0.000, 0.056
19, 72, 0.000, 0.057
19, 73, 0.000, 0.056
19, 74, 0.000, 0.058
19, 75, 0.000, 0.056
19, 76, 0.000, 0.057
19, 77, 0.000, 0.056
19, 78, 0.000, 0.057
19, 79, 0.000, 0.056
19, 80, 0.000, 0.057
19, 81, 0.000, 0.057
19, 82, 0.000, 0.057
19, 83, 0.000, 0.056
19, 84, 0.000, 0.057
19, 85, 0.000, 0.057
19, 86, 0.000, 0.057
19, 87, 0.000, 0.055
19, 88, 0.000, 0.058
19, 89, 0.000, 0.055
19, 90, 0.000, 0.058
19, 91, 0.000, 0.055
19, 92, 0.000, 0.057
19, 93, 0.000, 0.056
19, 94, 0.000, 0.057
19, 95, 0.000, 0.055
19, 96, 0.000, 0.057
19, 97, 0.000, 0.056
19, 98, 0.000, 0.057
19, 99, 0.000, 0.056
19, 100, 0.000, 0.058
20, 0, 0.000, 0.001
20, 1, 10.749, 0.058
20, 2, 10.749, 0.059
20, 3, 10.749, 17.505
20, 4, 10.749, 0.058
20, 5, 10.749, 0.057
20, 6, 0.000, 81.079
20, 7, 0.000, 120.110
20, 8, 0.000, 170.640
20, 9, 0.000, 0.053
20, 10, 0.000, 0.056
20, 11, 0.000, 0.056
20, 12, 0.000, 0.056
20, 13, 0.000, 0.058
20, 14, 0.000, 0.057
20, 15, 0.000, 0.057
20, 16, 0.000, 110.604
20, 17, 0.000, 0.057
20, 18, 0.000, 0.058
20, 19, 0.000, 0.057
20, 20, 0.000, 0.058
20, 21, 0.000, 0.057
20, 22, 0.000, 0.056
20, 23, 0.000, 0.057
20, 24, 0.000, 0.057
20, 25, 0.000, 0.057
20, 26, 0.000, 0.057
20, 27, 0.000, 0.056
20, 28, 0.000, 0.057
20, 29, 0.000, 0.056
20, 30, 0.000, 0.057
20, 31, 0.000, 0.056
20, 32, 0.000, 0.057
20, 33, 0.000, 0.057
20, 34, 0.000, 0.057
20, 35, 0.000, 0.057
20, 36, 0.000, 0.057
20, 37, 0.000, 0.057
20, 38, 0.000, 0.057
20, 39, 0.000, 0.056
20, 40, 0.000, 42.455
20, 41, 0.000, 0.056
20, 42, 0.000, 0.058
20, 43, 0.000, 0.056
20, 44, 0.000, 0.056
20, 45, 0.000, 0.055
20, 46, 0.000, 0.057
20, 47, 0.000, 0.056
20, 48, 0.000, 0.058
20, 49, 0.000, 0.057
20, 50, 0.000, 0.057
20, 51, 0.000, 0.057
20, 52, 0.000, 0.057
20, 53, 0.000, 0.057
20, 54, 0.000, 0.057
20, 55, 0.000, 1824.663
20, 56, 0.000, 0.058
20, 57, 0.000, 0.057
20, 58, 0.000, 0.057
20, 59, 0.000, 0.055
20, 60, 0.000, 0.057
20, 61, 0.000, 0.057
20, 62, 0.000, 0.057
20, 63, 0.000, 454.118
20, 64, 0.000, 0.058
20, 65, 0.000, 0.057
20, 66, 0.000, 0.058
20, 67, 0.000, 0.057
20, 68, 0.000, 0.058
20, 69, 0.000, 0.056
20, 70, 0.000, 0.057
20, 71, 0.000, 0.057
20, 72, 0.000, 0.057
20, 73, 0.000, 0.057
20, 74, 0.000, 0.058
20, 75, 0.000, 0.056
20, 76, 0.000, 0.058
20, 77, 0.000, 0.057
20, 78, 0.000, 0.058
20, 79, 0.000, 0.057
20, 80, 0.000, 0.058
20, 81, 0.000, 0.056
20, 82, 0.000, 0.058
20, 83, 0.000, 0.056
20, 84, 0.000, 0.058
20, 85, 0.000, 0.056
20, 86, 0.000, 0.057
20, 87, 0.000, 0.056
20, 88, 0.000, 0.057
20, 89, 0.000, 0.056
20, 90, 0.000, 0.057
20, 91, 0.000, 0.056
20, 92, 0.000, 0.058
20, 93, 0.000, 0.056
20, 94, 0.000, 0.057
20, 95, 0.000, 0.056
20, 96, 0.000, 0.057
20, 97, 0.000, 0.055
20, 98, 0.000, 0.057
20, 99, 0.000, 0.056
20, 100, 0.000, 0.057
