Run, Query, Loss, Time
1, 0, 59.924, 0.002
1, 1, 51.092, 0.028
1, 2, 51.092, 0.027
1, 3, 51.092, 27.548
1, 4, 0.000, 0.032
1, 5, 0.000, 0.034
1, 6, 0.000, 0.026
1, 7, 0.000, 11.696
1, 8, 0.000, 70.126
1, 9, 0.000, 0.029
1, 10, 0.000, 0.026
1, 11, 0.000, 141.052
1, 12, 0.000, 0.026
1, 13, 0.000, 0.027
1, 14, 0.000, 0.027
1, 15, 0.000, 0.027
1, 16, 0.000, 0.026
1, 17, 0.000, 0.027
1, 18, 0.000, 0.032
1, 19, 0.000, 0.026
1, 20, 0.000, 0.028
1, 21, 0.000, 0.026
1, 22, 0.000, 49.116
1, 23, 0.000, 0.026
1, 24, 0.000, 0.027
1, 25, 0.000, 0.027
1, 26, 0.000, 0.027
1, 27, 0.000, 0.026
1, 28, 0.000, 0.026
1, 29, 0.000, 0.027
1, 30, 0.000, 0.027
1, 31, 0.000, 0.027
1, 32, 0.000, 0.027
1, 33, 0.000, 0.027
1, 34, 0.000, 0.026
1, 35, 0.000, 0.027
1, 36, 0.000, 0.027
1, 37, 0.000, 0.027
1, 38, 0.000, 0.027
1, 39, 0.000, 0.027
1, 40, 0.000, 0.027
1, 41, 0.000, 0.027
1, 42, 0.000, 0.027
1, 43, 0.000, 0.026
1, 44, 0.000, 0.026
1, 45, 0.000, 0.026
1, 46, 0.000, 0.026
1, 47, 0.000, 0.027
1, 48, 0.000, 0.026
1, 49, 0.000, 0.026
1, 50, 0.000, 0.026
1, 51, 0.000, 0.026
1, 52, 0.000, 0.028
1, 53, 0.000, 0.027
1, 54, 0.000, 0.027
1, 55, 0.000, 0.027
1, 56, 0.000, 0.027
1, 57, 0.000, 31.487
1, 58, 0.000, 0.029
1, 59, 0.000, 1042.230
1, 60, 0.000, 0.027
1, 61, 0.000, 0.027
1, 62, 0.000, 0.027
1, 63, 0.000, 0.027
1, 64, 0.000, 0.027
1, 65, 0.000, 0.027
1, 66, 0.000, 0.026
1, 67, 0.000, 0.027
1, 68, 0.000, 0.027
1, 69, 0.000, 0.027
1, 70, 0.000, 0.033
1, 71, 0.000, 0.027
1, 72, 0.000, 0.027
1, 73, 0.000, 0.027
1, 74, 0.000, 0.027
1, 75, 0.000, 0.028
1, 76, 0.000, 0.027
1, 77, 0.000, 0.027
1, 78, 0.000, 0.027
1, 79, 0.000, 0.027
1, 80, 0.000, 0.027
1, 81, 0.000, 0.027
1, 82, 0.000, 0.027
1, 83, 0.000, 0.028
1, 84, 0.000, 0.028
1, 85, 0.000, 0.027
1, 86, 0.000, 0.026
1, 87, 0.000, 0.027
1, 88, 0.000, 0.027
1, 89, 0.000, 0.027
1, 90, 0.000, 0.027
1, 91, 0.000, 0.027
1, 92, 0.000, 0.027
1, 93, 0.000, 0.028
1, 94, 0.000, 0.027
1, 95, 0.000, 0.027
1, 96, 0.000, 0.027
1, 97, 0.000, 0.027
1, 98, 0.000, 0.027
1, 99, 0.000, 868.634
1, 100, 0.000, 0.027
2, 0, 74.375, 0.001
2, 1, 74.375, 0.036
2, 2, 74.375, 0.027
2, 3, 74.375, 14.361
2, 4, 74.375, 0.025
2, 5, 0.000, 44.455
2, 6, 0.000, 0.033
2, 7, 0.000, 0.027
2, 8, 0.000, 0.026
2, 9, 0.000, 0.027
2, 10, 0.000, 125.976
2, 11, 0.000, 0.029
2, 12, 0.000, 0.027
2, 13, 0.000, 0.026
2, 14, 0.000, 0.026
2, 15, 0.000, 180.176
2, 16, 0.000, 0.029
2, 17, 0.000, 242.018
2, 18, 0.000, 0.027
2, 19, 0.000, 0.027
2, 20, 0.000, 0.027
2, 21, 0.000, 0.027
2, 22, 0.000, 0.027
2, 23, 0.000, 0.027
2, 24, 0.000, 0.027
2, 25, 0.000, 55.519
2, 26, 0.000, 0.028
2, 27, 0.000, 0.026
2, 28, 0.000, 0.027
2, 29, 0.000, 0.027
2, 30, 0.000, 0.027
2, 31, 0.000, 0.027
2, 32, 0.000, 0.027
2, 33, 0.000, 0.027
2, 34, 0.000, 0.027
2, 35, 0.000, 0.026
2, 36, 0.000, 0.026
2, 37, 0.000, 0.027
2, 38, 0.000, 0.027
2, 39, 0.000, 41.917
2, 40, 0.000, 0.027
2, 41, 0.000, 0.027
2, 42, 0.000, 0.027
2, 43, 0.000, 0.027
2, 44, 0.000, 0.027
2, 45, 0.000, 0.027
2, 46, 0.000, 0.027
2, 47, 0.000, 0.027
2, 48, 0.000, 0.027
2, 49, 0.000, 0.030
2, 50, 0.000, 0.028
2, 51, 0.000, 0.027
2, 52, 0.000, 0.026
2, 53, 0.000, 0.028
2, 54, 0.000, 0.027
2, 55, 0.000, 0.028
2, 56, 0.000, 0.029
2, 57, 0.000, 0.028
2, 58, 0.000, 0.028
2, 59, 0.000, 0.028
2, 60, 0.000, 0.028
2, 61, 0.000, 0.027
2, 62, 0.000, 0.027
2, 63, 0.000, 0.027
2, 64, 0.000, 0.027
2, 65, 0.000, 0.027
2, 66, 0.000, 40.872
2, 67, 0.000, 0.027
2, 68, 0.000, 0.027
2, 69, 0.000, 0.027
2, 70, 0.000, 0.027
2, 71, 0.000, 0.027
2, 72, 0.000, 0.027
2, 73, 0.000, 0.027
2, 74, 0.000, 0.027
2, 75, 0.000, 0.027
2, 76, 0.000, 0.027
2, 77, 0.000, 0.027
2, 78, 0.000, 0.028
2, 79, 0.000, 0.027
2, 80, 0.000, 0.027
2, 81, 0.000, 0.027
2, 82, 0.000, 0.027
2, 83, 0.000, 0.027
2, 84, 0.000, 0.027
2, 85, 0.000, 0.027
2, 86, 0.000, 0.027
2, 87, 0.000, 0.027
2, 88, 0.000, 0.028
2, 89, 0.000, 0.027
2, 90, 0.000, 0.028
2, 91, 0.000, 0.028
2, 92, 0.000, 0.028
2, 93, 0.000, 0.027
2, 94, 0.000, 0.027
2, 95, 0.000, 0.027
2, 96, 0.000, 0.027
2, 97, 0.000, 0.027
2, 98, 0.000, 0.027
2, 99, 0.000, 0.027
2, 100, 0.000, 0.027
3, 0, 0.000, 0.001
3, 1, 0.000, 0.046
3, 2, 0.000, 0.028
3, 3, 0.000, 13.486
3, 4, 0.000, 0.026
3, 5, 0.000, 0.027
3, 6, 0.000, 0.027
3, 7, 0.000, 23.886
3, 8, 0.000, 0.026
3, 9, 0.000, 115.247
3, 10, 0.000, 0.027
3, 11, 0.000, 0.027
3, 12, 0.000, 0.027
3, 13, 0.000, 0.026
3, 14, 0.000, 0.027
3, 15, 0.000, 0.027
3, 16, 0.000, 0.027
3, 17, 0.000, 26.719
3, 18, 0.000, 0.027
3, 19, 0.000, 0.026
3, 20, 0.000, 0.026
3, 21, 0.000, 0.027
3, 22, 0.000, 0.027
3, 23, 0.000, 0.027
3, 24, 0.000, 0.027
3, 25, 0.000, 0.027
3, 26, 0.000, 0.027
3, 27, 0.000, 0.027
3, 28, 0.000, 0.027
3, 29, 0.000, 0.027
3, 30, 0.000, 0.026
3, 31, 0.000, 0.028
3, 32, 0.000, 0.027
3, 33, 0.000, 0.026
3, 34, 0.000, 0.027
3, 35, 0.000, 0.027
3, 36, 0.000, 0.027
3, 37, 0.000, 0.028
3, 38, 0.000, 0.028
3, 39, 0.000, 0.029
3, 40, 0.000, 0.028
3, 41, 0.000, 0.027
3, 42, 0.000, 0.027
3, 43, 0.000, 0.027
3, 44, 0.000, 0.026
3, 45, 0.000, 0.026
3, 46, 0.000, 0.026
3, 47, 0.000, 0.026
3, 48, 0.000, 26.343
3, 49, 0.000, 0.027
3, 50, 0.000, 0.027
3, 51, 0.000, 0.026
3, 52, 0.000, 0.027
3, 53, 0.000, 0.027
3, 54, 0.000, 0.026
3, 55, 0.000, 0.028
3, 56, 0.000, 0.027
3, 57, 0.000, 0.026
3, 58, 0.000, 0.027
3, 59, 0.000, 0.027
3, 60, 0.000, 0.027
3, 61, 0.000, 0.027
3, 62, 0.000, 0.026
3, 63, 0.000, 0.026
3, 64, 0.000, 0.029
3, 65, 0.000, 0.027
3, 66, 0.000, 0.026
3, 67, 0.000, 0.026
3, 68, 0.000, 0.027
3, 69, 0.000, 0.027
3, 70, 0.000, 0.026
3, 71, 0.000, 0.026
3, 72, 0.000, 0.027
3, 73, 0.000, 0.027
3, 74, 0.000, 0.026
3, 75, 0.000, 0.027
3, 76, 0.000, 0.027
3, 77, 0.000, 0.026
3, 78, 0.000, 0.026
3, 79, 0.000, 0.027
3, 80, 0.000, 0.028
3, 81, 0.000, 0.026
3, 82, 0.000, 0.027
3, 83, 0.000, 0.027
3, 84, 0.000, 0.026
3, 85, 0.000, 0.027
3, 86, 0.000, 0.026
3, 87, 0.000, 0.027
3, 88, 0.000, 0.026
3, 89, 0.000, 0.027
3, 90, 0.000, 0.027
3, 91, 0.000, 0.027
3, 92, 0.000, 0.027
3, 93, 0.000, 0.027
3, 94, 0.000, 0.027
3, 95, 0.000, 0.027
3, 96, 0.000, 0.026
3, 97, 0.000, 0.027
3, 98, 0.000, 0.029
3, 99, 0.000, 0.026
3, 100, 0.000, 0.029
4, 0, 58.766, 0.001
4, 1, 9.352, 0.028
4, 2, 9.352, 0.028
4, 3, 9.352, 13.051
4, 4, 9.352, 0.026
4, 5, 0.000, 35.149
4, 6, 0.000, 0.026
4, 7, 0.000, 0.026
4, 8, 0.000, 102.147
4, 9, 0.000, 0.028
4, 10, 0.000, 0.027
4, 11, 0.000, 0.027
4, 12, 0.000, 0.027
4, 13, 0.000, 0.026
4, 14, 0.000, 0.026
4, 15, 0.000, 0.027
4, 16, 0.000, 26.380
4, 17, 0.000, 0.027
4, 18, 0.000, 0.027
4, 19, 0.000, 0.026
4, 20, 0.000, 0.027
4, 21, 0.000, 0.027
4, 22, 0.000, 0.027
4, 23, 0.000, 0.027
4, 24, 0.000, 0.026
4, 25, 0.000, 0.027
4, 26, 0.000, 0.026
4, 27, 0.000, 0.027
4, 28, 0.000, 0.027
4, 29, 0.000, 0.026
4, 30, 0.000, 0.027
4, 31, 0.000, 0.027
4, 32, 0.000, 0.027
4, 33, 0.000, 0.027
4, 34, 0.000, 0.027
4, 35, 0.000, 0.027
4, 36, 0.000, 0.027
4, 37, 0.000, 0.027
4, 38, 0.000, 0.027
4, 39, 0.000, 0.027
4, 40, 0.000, 675.106
4, 41, 0.000, 0.027
4, 42, 0.000, 0.027
4, 43, 0.000, 0.027
4, 44, 0.000, 0.027
4, 45, 0.000, 0.027
4, 46, 0.000, 82.335
4, 47, 0.000, 0.026
4, 48, 0.000, 0.026
4, 49, 0.000, 0.027
4, 50, 0.000, 0.027
4, 51, 0.000, 0.026
4, 52, 0.000, 0.027
4, 53, 0.000, 0.027
4, 54, 0.000, 0.027
4, 55, 0.000, 0.027
4, 56, 0.000, 0.027
4, 57, 0.000, 0.034
4, 58, 0.000, 0.026
4, 59, 0.000, 0.027
4, 60, 0.000, 0.027
4, 61, 0.000, 0.027
4, 62, 0.000, 0.026
4, 63, 0.000, 0.027
4, 64, 0.000, 0.026
4, 65, 0.000, 0.026
4, 66, 0.000, 0.026
4, 67, 0.000, 0.027
4, 68, 0.000, 63.721
4, 69, 0.000, 0.027
4, 70, 0.000, 0.027
4, 71, 0.000, 0.027
4, 72, 0.000, 0.027
4, 73, 0.000, 0.027
4, 74, 0.000, 0.034
4, 75, 0.000, 0.027
4, 76, 0.000, 0.027
4, 77, 0.000, 0.029
4, 78, 0.000, 0.027
4, 79, 0.000, 0.028
4, 80, 0.000, 0.030
4, 81, 0.000, 0.028
4, 82, 0.000, 0.028
4, 83, 0.000, 0.028
4, 84, 0.000, 0.027
4, 85, 0.000, 0.027
4, 86, 0.000, 0.027
4, 87, 0.000, 0.027
4, 88, 0.000, 0.027
4, 89, 0.000, 0.027
4, 90, 0.000, 0.027
4, 91, 0.000, 0.027
4, 92, 0.000, 0.027
4, 93, 0.000, 0.027
4, 94, 0.000, 0.027
4, 95, 0.000, 0.026
4, 96, 0.000, 0.027
4, 97, 0.000, 0.028
4, 98, 0.000, 0.027
4, 99, 0.000, 0.027
4, 100, 0.000, 0.027
5, 0, 107.397, 0.001
5, 1, 87.478, 0.028
5, 2, 87.478, 0.028
5, 3, 0.000, 25.714
5, 4, 0.000, 0.026
5, 5, 0.000, 0.027
5, 6, 0.000, 0.026
5, 7, 0.000, 0.026
5, 8, 0.000, 0.027
5, 9, 0.000, 0.026
5, 10, 0.000, 0.026
5, 11, 0.000, 0.028
5, 12, 0.000, 0.028
5, 13, 0.000, 0.028
5, 14, 0.000, 0.026
5, 15, 0.000, 0.028
5, 16, 0.000, 0.026
5, 17, 0.000, 0.026
5, 18, 0.000, 0.029
5, 19, 0.000, 0.028
5, 20, 0.000, 0.026
5, 21, 0.000, 0.032
5, 22, 0.000, 0.030
5, 23, 0.000, 2.412
5, 24, 0.000, 0.030
5, 25, 0.000, 0.027
5, 26, 0.000, 0.037
5, 27, 0.000, 0.026
5, 28, 0.000, 322.817
5, 29, 0.000, 0.029
5, 30, 0.000, 0.027
5, 31, 0.000, 0.027
5, 32, 0.000, 0.027
5, 33, 0.000, 0.027
5, 34, 0.000, 0.027
5, 35, 0.000, 0.027
5, 36, 0.000, 0.027
5, 37, 0.000, 42.782
5, 38, 0.000, 0.027
5, 39, 0.000, 0.027
5, 40, 0.000, 0.027
5, 41, 0.000, 0.027
5, 42, 0.000, 0.027
5, 43, 0.000, 0.027
5, 44, 0.000, 0.027
5, 45, 0.000, 0.027
5, 46, 0.000, 0.028
5, 47, 0.000, 0.028
5, 48, 0.000, 0.028
5, 49, 0.000, 0.027
5, 50, 0.000, 0.027
5, 51, 0.000, 0.028
5, 52, 0.000, 0.027
5, 53, 0.000, 0.028
5, 54, 0.000, 0.027
5, 55, 0.000, 0.027
5, 56, 0.000, 0.028
5, 57, 0.000, 0.027
5, 58, 0.000, 0.027
5, 59, 0.000, 0.027
5, 60, 0.000, 0.027
5, 61, 0.000, 0.027
5, 62, 0.000, 0.027
5, 63, 0.000, 0.027
5, 64, 0.000, 0.027
5, 65, 0.000, 0.027
5, 66, 0.000, 0.026
5, 67, 0.000, 0.027
5, 68, 0.000, 0.027
5, 69, 0.000, 0.027
5, 70, 0.000, 0.027
5, 71, 0.000, 0.027
5, 72, 0.000, 0.027
5, 73, 0.000, 47.308
5, 74, 0.000, 0.026
5, 75, 0.000, 0.027
5, 76, 0.000, 0.027
5, 77, 0.000, 0.027
5, 78, 0.000, 0.027
5, 79, 0.000, 0.027
5, 80, 0.000, 0.027
5, 81, 0.000, 0.028
5, 82, 0.000, 0.026
5, 83, 0.000, 0.027
5, 84, 0.000, 0.027
5, 85, 0.000, 0.028
5, 86, 0.000, 0.027
5, 87, 0.000, 0.027
5, 88, 0.000, 0.026
5, 89, 0.000, 0.027
5, 90, 0.000, 0.027
5, 91, 0.000, 0.027
5, 92, 0.000, 0.027
5, 93, 0.000, 0.027
5, 94, 0.000, 0.027
5, 95, 0.000, 0.027
5, 96, 0.000, 0.026
5, 97, 0.000, 0.027
5, 98, 0.000, 0.027
5, 99, 0.000, 0.026
5, 100, 0.000, 0.026
6, 0, 0.000, 0.001
6, 1, 69.518, 0.028
6, 2, 69.518, 0.028
6, 3, 69.518, 31.454
6, 4, 69.518, 47.731
6, 5, 69.518, 55.314
6, 6, 0.000, 65.326
6, 7, 0.000, 94.096
6, 8, 0.000, 0.026
6, 9, 0.000, 0.028
6, 10, 0.000, 0.036
6, 11, 0.000, 0.028
6, 12, 0.000, 0.027
6, 13, 0.000, 0.027
6, 14, 0.000, 33.448
6, 15, 0.000, 0.028
6, 16, 0.000, 0.028
6, 17, 0.000, 0.027
6, 18, 0.000, 0.027
6, 19, 0.000, 0.028
6, 20, 0.000, 0.027
6, 21, 0.000, 0.027
6, 22, 0.000, 0.027
6, 23, 0.000, 0.027
6, 24, 0.000, 0.027
6, 25, 0.000, 0.027
6, 26, 0.000, 0.027
6, 27, 0.000, 0.027
6, 28, 0.000, 0.027
6, 29, 0.000, 0.027
6, 30, 0.000, 0.027
6, 31, 0.000, 0.027
6, 32, 0.000, 0.027
6, 33, 0.000, 0.027
6, 34, 0.000, 0.027
6, 35, 0.000, 0.027
6, 36, 0.000, 0.026
6, 37, 0.000, 0.028
6, 38, 0.000, 28.356
6, 39, 0.000, 0.028
6, 40, 0.000, 0.028
6, 41, 0.000, 0.027
6, 42, 0.000, 0.027
6, 43, 0.000, 0.027
6, 44, 0.000, 0.026
6, 45, 0.000, 0.028
6, 46, 0.000, 0.027
6, 47, 0.000, 0.027
6, 48, 0.000, 0.027
6, 49, 0.000, 0.027
6, 50, 0.000, 0.027
6, 51, 0.000, 0.028
6, 52, 0.000, 0.029
6, 53, 0.000, 0.028
6, 54, 0.000, 0.028
6, 55, 0.000, 0.028
6, 56, 0.000, 0.027
6, 57, 0.000, 0.027
6, 58, 0.000, 0.026
6, 59, 0.000, 0.027
6, 60, 0.000, 0.027
6, 61, 0.000, 0.027
6, 62, 0.000, 0.027
6, 63, 0.000, 0.027
6, 64, 0.000, 0.027
6, 65, 0.000, 0.027
6, 66, 0.000, 0.027
6, 67, 0.000, 0.027
6, 68, 0.000, 0.027
6, 69, 0.000, 0.027
6, 70, 0.000, 0.026
6, 71, 0.000, 0.027
6, 72, 0.000, 0.027
6, 73, 0.000, 1286.514
6, 74, 0.000, 0.029
6, 75, 0.000, 0.028
6, 76, 0.000, 0.027
6, 77, 0.000, 0.028
6, 78, 0.000, 0.027
6, 79, 0.000, 0.027
6, 80, 0.000, 0.026
6, 81, 0.000, 0.027
6, 82, 0.000, 0.027
6, 83, 0.000, 0.028
6, 84, 0.000, 0.034
6, 85, 0.000, 0.035
6, 86, 0.000, 135.280
6, 87, 0.000, 0.027
6, 88, 0.000, 0.034
6, 89, 0.000, 0.027
6, 90, 0.000, 0.026
6, 91, 0.000, 0.027
6, 92, 0.000, 0.027
6, 93, 0.000, 0.027
6, 94, 0.000, 0.033
6, 95, 0.000, 0.027
6, 96, 0.000, 0.027
6, 97, 0.000, 0.035
6, 98, 0.000, 0.027
6, 99, 0.000, 0.028
6, 100, 0.000, 0.028
7, 0, 0.000, 0.001
7, 1, 138.281, 0.029
7, 2, 95.856, 20.143
7, 3, 95.856, 0.029
7, 4, 0.000, 0.034
7, 5, 0.000, 17.277
7, 6, 0.000, 0.026
7, 7, 0.000, 0.026
7, 8, 0.000, 0.026
7, 9, 0.000, 0.026
7, 10, 0.000, 126.895
7, 11, 0.000, 0.027
7, 12, 0.000, 0.026
7, 13, 0.000, 0.027
7, 14, 0.000, 0.027
7, 15, 0.000, 0.027
7, 16, 0.000, 244.719
7, 17, 0.000, 0.029
7, 18, 0.000, 0.027
7, 19, 0.000, 0.028
7, 20, 0.000, 0.028
7, 21, 0.000, 0.027
7, 22, 0.000, 0.027
7, 23, 0.000, 115.832
7, 24, 0.000, 0.029
7, 25, 0.000, 0.028
7, 26, 0.000, 0.028
7, 27, 0.000, 0.027
7, 28, 0.000, 0.029
7, 29, 0.000, 0.027
7, 30, 0.000, 0.027
7, 31, 0.000, 0.027
7, 32, 0.000, 0.026
7, 33, 0.000, 0.027
7, 34, 0.000, 0.026
7, 35, 0.000, 0.026
7, 36, 0.000, 64.825
7, 37, 0.000, 0.029
7, 38, 0.000, 0.027
7, 39, 0.000, 0.030
7, 40, 0.000, 0.029
7, 41, 0.000, 0.027
7, 42, 0.000, 0.027
7, 43, 0.000, 0.027
7, 44, 0.000, 0.027
7, 45, 0.000, 0.028
7, 46, 0.000, 0.027
7, 47, 0.000, 0.027
7, 48, 0.000, 0.027
7, 49, 0.000, 0.027
7, 50, 0.000, 0.026
7, 51, 0.000, 0.027
7, 52, 0.000, 0.027
7, 53, 0.000, 0.027
7, 54, 0.000, 0.027
7, 55, 0.000, 0.027
7, 56, 0.000, 0.027
7, 57, 0.000, 0.027
7, 58, 0.000, 0.027
7, 59, 0.000, 0.027
7, 60, 0.000, 0.026
7, 61, 0.000, 0.027
7, 62, 0.000, 0.027
7, 63, 0.000, 60.094
7, 64, 0.000, 0.026
7, 65, 0.000, 0.027
7, 66, 0.000, 0.027
7, 67, 0.000, 0.027
7, 68, 0.000, 0.027
7, 69, 0.000, 0.027
7, 70, 0.000, 0.027
7, 71, 0.000, 0.027
7, 72, 0.000, 0.027
7, 73, 0.000, 0.027
7, 74, 0.000, 0.027
7, 75, 0.000, 0.027
7, 76, 0.000, 0.027
7, 77, 0.000, 0.027
7, 78, 0.000, 0.027
7, 79, 0.000, 0.027
7, 80, 0.000, 0.027
7, 81, 0.000, 0.027
7, 82, 0.000, 0.027
7, 83, 0.000, 0.027
7, 84, 0.000, 0.027
7, 85, 0.000, 0.026
7, 86, 0.000, 0.026
7, 87, 0.000, 0.027
7, 88, 0.000, 0.027
7, 89, 0.000, 0.027
7, 90, 0.000, 0.033
7, 91, 0.000, 0.026
7, 92, 0.000, 0.027
7, 93, 0.000, 0.027
7, 94, 0.000, 0.027
7, 95, 0.000, 0.027
7, 96, 0.000, 0.026
7, 97, 0.000, 0.027
7, 98, 0.000, 0.032
7, 99, 0.000, 0.027
7, 100, 0.000, 0.027
8, 0, 65.086, 0.001
8, 1, 31.062, 0.036
8, 2, 31.062, 0.028
8, 3, 31.062, 0.034
8, 4, 31.062, 32.133
8, 5, 31.062, 0.026
8, 6, 31.062, 0.027
8, 7, 31.062, 0.028
8, 8, 31.062, 0.026
8, 9, 31.062, 77.726
8, 10, 31.062, 0.026
8, 11, 0.000, 0.027
8, 12, 0.000, 0.026
8, 13, 0.000, 0.033
8, 14, 0.000, 176.109
8, 15, 0.000, 0.026
8, 16, 0.000, 0.027
8, 17, 0.000, 0.027
8, 18, 0.000, 0.027
8, 19, 0.000, 0.027
8, 20, 0.000, 0.027
8, 21, 0.000, 0.027
8, 22, 0.000, 0.027
8, 23, 0.000, 0.027
8, 24, 0.000, 39.209
8, 25, 0.000, 0.027
8, 26, 0.000, 0.028
8, 27, 0.000, 0.028
8, 28, 0.000, 0.028
8, 29, 0.000, 0.027
8, 30, 0.000, 0.027
8, 31, 0.000, 0.027
8, 32, 0.000, 0.027
8, 33, 0.000, 0.028
8, 34, 0.000, 0.027
8, 35, 0.000, 0.027
8, 36, 0.000, 0.027
8, 37, 0.000, 0.027
8, 38, 0.000, 0.026
8, 39, 0.000, 0.027
8, 40, 0.000, 0.027
8, 41, 0.000, 0.028
8, 42, 0.000, 0.027
8, 43, 0.000, 0.027
8, 44, 0.000, 0.028
8, 45, 0.000, 0.027
8, 46, 0.000, 0.027
8, 47, 0.000, 0.027
8, 48, 0.000, 0.027
8, 49, 0.000, 0.027
8, 50, 0.000, 0.027
8, 51, 0.000, 0.027
8, 52, 0.000, 0.027
8, 53, 0.000, 0.026
8, 54, 0.000, 0.027
8, 55, 0.000, 0.028
8, 56, 0.000, 0.026
8, 57, 0.000, 0.026
8, 58, 0.000, 0.026
8, 59, 0.000, 0.026
8, 60, 0.000, 0.026
8, 61, 0.000, 0.028
8, 62, 0.000, 0.027
8, 63, 0.000, 0.027
8, 64, 0.000, 0.026
8, 65, 0.000, 0.033
8, 66, 0.000, 0.027
8, 67, 0.000, 0.027
8, 68, 0.000, 0.027
8, 69, 0.000, 0.028
8, 70, 0.000, 0.026
8, 71, 0.000, 1261.801
8, 72, 0.000, 0.030
8, 73, 0.000, 0.029
8, 74, 0.000, 0.027
8, 75, 0.000, 0.027
8, 76, 0.000, 0.027
8, 77, 0.000, 0.027
8, 78, 0.000, 0.027
8, 79, 0.000, 0.027
8, 80, 0.000, 248.697
8, 81, 0.000, 0.030
8, 82, 0.000, 0.026
8, 83, 0.000, 0.029
8, 84, 0.000, 0.027
8, 85, 0.000, 0.027
8, 86, 0.000, 0.027
8, 87, 0.000, 0.027
8, 88, 0.000, 0.027
8, 89, 0.000, 0.028
8, 90, 0.000, 0.027
8, 91, 0.000, 0.027
8, 92, 0.000, 0.027
8, 93, 0.000, 0.027
8, 94, 0.000, 0.026
8, 95, 0.000, 0.027
8, 96, 0.000, 0.027
8, 97, 0.000, 0.027
8, 98, 0.000, 0.032
8, 99, 0.000, 0.027
8, 100, 0.000, 0.027
9, 0, 93.859, 0.001
9, 1, 97.169, 0.036
9, 2, 93.859, 24.891
9, 3, 0.000, 0.029
9, 4, 0.000, 0.027
9, 5, 0.000, 0.026
9, 6, 0.000, 22.711
9, 7, 0.000, 0.027
9, 8, 0.000, 0.027
9, 9, 0.000, 0.028
9, 10, 0.000, 0.028
9, 11, 0.000, 0.027
9, 12, 0.000, 0.028
9, 13, 0.000, 0.030
9, 14, 0.000, 0.032
9, 15, 0.000, 0.026
9, 16, 0.000, 190.369
9, 17, 0.000, 0.027
9, 18, 0.000, 0.027
9, 19, 0.000, 0.027
9, 20, 0.000, 0.028
9, 21, 0.000, 0.028
9, 22, 0.000, 0.028
9, 23, 0.000, 23.956
9, 24, 0.000, 0.027
9, 25, 0.000, 0.029
9, 26, 0.000, 0.027
9, 27, 0.000, 0.027
9, 28, 0.000, 0.027
9, 29, 0.000, 0.027
9, 30, 0.000, 0.027
9, 31, 0.000, 0.027
9, 32, 0.000, 0.027
9, 33, 0.000, 0.029
9, 34, 0.000, 0.027
9, 35, 0.000, 0.028
9, 36, 0.000, 0.027
9, 37, 0.000, 0.027
9, 38, 0.000, 0.027
9, 39, 0.000, 0.026
9, 40, 0.000, 0.027
9, 41, 0.000, 0.026
9, 42, 0.000, 0.027
9, 43, 0.000, 0.027
9, 44, 0.000, 0.027
9, 45, 0.000, 0.027
9, 46, 0.000, 0.028
9, 47, 0.000, 0.027
9, 48, 0.000, 0.028
9, 49, 0.000, 0.027
9, 50, 0.000, 0.027
9, 51, 0.000, 26.966
9, 52, 0.000, 0.027
9, 53, 0.000, 0.027
9, 54, 0.000, 0.027
9, 55, 0.000, 0.028
9, 56, 0.000, 0.027
9, 57, 0.000, 0.027
9, 58, 0.000, 0.027
9, 59, 0.000, 0.027
9, 60, 0.000, 0.027
9, 61, 0.000, 0.027
9, 62, 0.000, 0.027
9, 63, 0.000, 0.027
9, 64, 0.000, 0.027
9, 65, 0.000, 0.026
9, 66, 0.000, 0.028
9, 67, 0.000, 0.026
9, 68, 0.000, 0.026
9, 69, 0.000, 0.026
9, 70, 0.000, 0.026
9, 71, 0.000, 0.026
9, 72, 0.000, 0.027
9, 73, 0.000, 0.028
9, 74, 0.000, 0.027
9, 75, 0.000, 0.028
9, 76, 0.000, 0.026
9, 77, 0.000, 0.027
9, 78, 0.000, 0.027
9, 79, 0.000, 0.026
9, 80, 0.000, 0.031
9, 81, 0.000, 0.028
9, 82, 0.000, 0.029
9, 83, 0.000, 0.028
9, 84, 0.000, 0.028
9, 85, 0.000, 0.027
9, 86, 0.000, 0.027
9, 87, 0.000, 0.026
9, 88, 0.000, 0.026
9, 89, 0.000, 0.026
9, 90, 0.000, 0.027
9, 91, 0.000, 0.027
9, 92, 0.000, 0.026
9, 93, 0.000, 0.027
9, 94, 0.000, 0.027
9, 95, 0.000, 0.027
9, 96, 0.000, 0.027
9, 97, 0.000, 0.027
9, 98, 0.000, 0.027
9, 99, 0.000, 0.026
9, 100, 0.000, 0.027
10, 0, 24.090, 0.001
10, 1, 24.090, 0.028
10, 2, 24.090, 0.028
10, 3, 24.090, 14.430
10, 4, 24.090, 0.026
10, 5, 24.090, 0.026
10, 6, 0.000, 0.027
10, 7, 0.000, 18.867
10, 8, 0.000, 0.026
10, 9, 0.000, 0.026
10, 10, 0.000, 0.026
10, 11, 0.000, 135.334
10, 12, 0.000, 0.027
10, 13, 0.000, 0.027
10, 14, 0.000, 0.027
10, 15, 0.000, 0.027
10, 16, 0.000, 0.026
10, 17, 0.000, 0.026
10, 18, 0.000, 0.026
10, 19, 0.000, 45.551
10, 20, 0.000, 0.027
10, 21, 0.000, 0.027
10, 22, 0.000, 0.028
10, 23, 0.000, 0.028
10, 24, 0.000, 0.028
10, 25, 0.000, 0.027
10, 26, 0.000, 0.027
10, 27, 0.000, 0.027
10, 28, 0.000, 0.028
10, 29, 0.000, 0.026
10, 30, 0.000, 0.026
10, 31, 0.000, 0.027
10, 32, 0.000, 0.027
10, 33, 0.000, 0.027
10, 34, 0.000, 0.028
10, 35, 0.000, 0.028
10, 36, 0.000, 0.026
10, 37, 0.000, 0.027
10, 38, 0.000, 0.027
10, 39, 0.000, 0.027
10, 40, 0.000, 0.027
10, 41, 0.000, 0.027
10, 42, 0.000, 0.027
10, 43, 0.000, 0.027
10, 44, 0.000, 0.027
10, 45, 0.000, 0.027
10, 46, 0.000, 0.027
10, 47, 0.000, 30.728
10, 48, 0.000, 0.028
10, 49, 0.000, 0.027
10, 50, 0.000, 0.027
10, 51, 0.000, 0.027
10, 52, 0.000, 0.027
10, 53, 0.000, 0.027
10, 54, 0.000, 0.028
10, 55, 0.000, 0.028
10, 56, 0.000, 0.027
10, 57, 0.000, 0.027
10, 58, 0.000, 0.027
10, 59, 0.000, 0.027
10, 60, 0.000, 0.027
10, 61, 0.000, 0.027
10, 62, 0.000, 0.027
10, 63, 0.000, 0.027
10, 64, 0.000, 1145.656
10, 65, 0.000, 0.029
10, 66, 0.000, 0.027
10, 67, 0.000, 0.027
10, 68, 0.000, 0.027
10, 69, 0.000, 0.027
10, 70, 0.000, 0.035
10, 71, 0.000, 131.574
10, 72, 0.000, 0.027
10, 73, 0.000, 0.027
10, 74, 0.000, 0.027
10, 75, 0.000, 0.027
10, 76, 0.000, 0.027
10, 77, 0.000, 0.026
10, 78, 0.000, 0.027
10, 79, 0.000, 0.027
10, 80, 0.000, 0.027
10, 81, 0.000, 0.027
10, 82, 0.000, 0.027
10, 83, 0.000, 0.028
10, 84, 0.000, 0.026
10, 85, 0.000, 0.027
10, 86, 0.000, 0.026
10, 87, 0.000, 0.027
10, 88, 0.000, 0.027
10, 89, 0.000, 0.027
10, 90, 0.000, 0.027
10, 91, 0.000, 0.027
10, 92, 0.000, 0.027
10, 93, 0.000, 0.027
10, 94, 0.000, 0.027
10, 95, 0.000, 0.027
10, 96, 0.000, 0.027
10, 97, 0.000, 0.027
10, 98, 0.000, 0.027
10, 99, 0.000, 0.027
10, 100, 0.000, 0.027
11, 0, 0.000, 0.001
11, 1, 61.335, 0.028
11, 2, 55.780, 23.012
11, 3, 0.000, 0.033
11, 4, 0.000, 0.027
11, 5, 0.000, 16.395
11, 6, 0.000, 0.026
11, 7, 0.000, 0.026
11, 8, 0.000, 0.026
11, 9, 0.000, 0.027
11, 10, 0.000, 0.026
11, 11, 0.000, 0.027
11, 12, 0.000, 0.026
11, 13, 0.000, 0.027
11, 14, 0.000, 0.026
11, 15, 0.000, 0.028
11, 16, 0.000, 194.514
11, 17, 0.000, 0.028
11, 18, 0.000, 0.029
11, 19, 0.000, 0.027
11, 20, 0.000, 0.027
11, 21, 0.000, 0.028
11, 22, 0.000, 0.027
11, 23, 0.000, 0.027
11, 24, 0.000, 33.526
11, 25, 0.000, 0.027
11, 26, 0.000, 0.028
11, 27, 0.000, 0.027
11, 28, 0.000, 0.027
11, 29, 0.000, 0.028
11, 30, 0.000, 0.027
11, 31, 0.000, 0.027
11, 32, 0.000, 0.027
11, 33, 0.000, 0.027
11, 34, 0.000, 0.028
11, 35, 0.000, 0.027
11, 36, 0.000, 0.027
11, 37, 0.000, 0.027
11, 38, 0.000, 0.027
11, 39, 0.000, 0.028
11, 40, 0.000, 0.026
11, 41, 0.000, 0.027
11, 42, 0.000, 0.027
11, 43, 0.000, 0.027
11, 44, 0.000, 0.027
11, 45, 0.000, 0.027
11, 46, 0.000, 0.026
11, 47, 0.000, 0.026
11, 48, 0.000, 0.026
11, 49, 0.000, 0.026
11, 50, 0.000, 0.026
11, 51, 0.000, 0.027
11, 52, 0.000, 0.027
11, 53, 0.000, 0.027
11, 54, 0.000, 0.027
11, 55, 0.000, 0.027
11, 56, 0.000, 0.027
11, 57, 0.000, 0.027
11, 58, 0.000, 39.182
11, 59, 0.000, 0.027
11, 60, 0.000, 0.027
11, 61, 0.000, 0.027
11, 62, 0.000, 0.027
11, 63, 0.000, 0.027
11, 64, 0.000, 0.027
11, 65, 0.000, 0.027
11, 66, 0.000, 0.027
11, 67, 0.000, 0.027
11, 68, 0.000, 0.027
11, 69, 0.000, 0.027
11, 70, 0.000, 0.027
11, 71, 0.000, 0.027
11, 72, 0.000, 0.027
11, 73, 0.000, 0.027
11, 74, 0.000, 0.027
11, 75, 0.000, 0.027
11, 76, 0.000, 0.027
11, 77, 0.000, 0.027
11, 78, 0.000, 0.027
11, 79, 0.000, 0.027
11, 80, 0.000, 0.027
11, 81, 0.000, 0.027
11, 82, 0.000, 0.026
11, 83, 0.000, 0.027
11, 84, 0.000, 0.027
11, 85, 0.000, 0.027
11, 86, 0.000, 0.027
11, 87, 0.000, 0.027
11, 88, 0.000, 0.027
11, 89, 0.000, 0.028
11, 90, 0.000, 0.027
11, 91, 0.000, 0.026
11, 92, 0.000, 0.027
11, 93, 0.000, 0.026
11, 94, 0.000, 0.027
11, 95, 0.000, 0.027
11, 96, 0.000, 0.027
11, 97, 0.000, 0.027
11, 98, 0.000, 0.027
11, 99, 0.000, 0.027
11, 100, 0.000, 0.027
12, 0, 93.326, 0.001
12, 1, 0.000, 0.028
12, 2, 0.000, 0.035
12, 3, 0.000, 11.607
12, 4, 0.000, 0.026
12, 5, 0.000, 46.368
12, 6, 0.000, 0.029
12, 7, 0.000, 0.027
12, 8, 0.000, 0.033
12, 9, 0.000, 0.026
12, 10, 0.000, 0.026
12, 11, 0.000, 0.027
12, 12, 0.000, 139.261
12, 13, 0.000, 0.027
12, 14, 0.000, 0.026
12, 15, 0.000, 0.027
12, 16, 0.000, 0.027
12, 17, 0.000, 0.027
12, 18, 0.000, 0.026
12, 19, 0.000, 0.026
12, 20, 0.000, 0.026
12, 21, 0.000, 0.027
12, 22, 0.000, 0.026
12, 23, 0.000, 0.027
12, 24, 0.000, 0.027
12, 25, 0.000, 92.208
12, 26, 0.000, 0.028
12, 27, 0.000, 0.026
12, 28, 0.000, 0.027
12, 29, 0.000, 0.027
12, 30, 0.000, 0.027
12, 31, 0.000, 0.028
12, 32, 0.000, 0.027
12, 33, 0.000, 0.027
12, 34, 0.000, 0.026
12, 35, 0.000, 0.027
12, 36, 0.000, 0.027
12, 37, 0.000, 0.027
12, 38, 0.000, 0.027
12, 39, 0.000, 0.027
12, 40, 0.000, 0.027
12, 41, 0.000, 0.027
12, 42, 0.000, 0.027
12, 43, 0.000, 0.027
12, 44, 0.000, 0.027
12, 45, 0.000, 0.027
12, 46, 0.000, 0.027
12, 47, 0.000, 0.027
12, 48, 0.000, 35.671
12, 49, 0.000, 0.030
12, 50, 0.000, 0.027
12, 51, 0.000, 0.027
12, 52, 0.000, 0.029
12, 53, 0.000, 0.027
12, 54, 0.000, 0.027
12, 55, 0.000, 0.026
12, 56, 0.000, 0.027
12, 57, 0.000, 0.028
12, 58, 0.000, 0.027
12, 59, 0.000, 0.027
12, 60, 0.000, 0.027
12, 61, 0.000, 0.026
12, 62, 0.000, 0.027
12, 63, 0.000, 0.026
12, 64, 0.000, 0.026
12, 65, 0.000, 0.027
12, 66, 0.000, 0.027
12, 67, 0.000, 0.027
12, 68, 0.000, 0.027
12, 69, 0.000, 0.027
12, 70, 0.000, 0.027
12, 71, 0.000, 0.027
12, 72, 0.000, 0.026
12, 73, 0.000, 0.027
12, 74, 0.000, 0.027
12, 75, 0.000, 0.027
12, 76, 0.000, 0.027
12, 77, 0.000, 0.027
12, 78, 0.000, 0.027
12, 79, 0.000, 0.027
12, 80, 0.000, 0.027
12, 81, 0.000, 0.027
12, 82, 0.000, 0.027
12, 83, 0.000, 0.027
12, 84, 0.000, 0.027
12, 85, 0.000, 0.027
12, 86, 0.000, 0.027
12, 87, 0.000, 0.027
12, 88, 0.000, 0.027
12, 89, 0.000, 0.027
12, 90, 0.000, 0.027
12, 91, 0.000, 0.027
12, 92, 0.000, 0.027
12, 93, 0.000, 0.027
12, 94, 0.000, 0.027
12, 95, 0.000, 0.027
12, 96, 0.000, 0.027
12, 97, 0.000, 0.027
12, 98, 0.000, 0.027
12, 99, 0.000, 0.027
12, 100, 0.000, 0.026
13, 0, 54.863, 0.001
13, 1, 54.863, 0.028
13, 2, 35.296, 25.043
13, 3, 35.296, 0.026
13, 4, 35.296, 0.027
13, 5, 35.296, 23.809
13, 6, 0.000, 0.025
13, 7, 0.000, 0.026
13, 8, 0.000, 0.027
13, 9, 0.000, 0.026
13, 10, 0.000, 122.541
13, 11, 0.000, 0.032
13, 12, 0.000, 0.027
13, 13, 0.000, 0.028
13, 14, 0.000, 0.027
13, 15, 0.000, 0.027
13, 16, 0.000, 0.028
13, 17, 0.000, 20.021
13, 18, 0.000, 0.029
13, 19, 0.000, 0.028
13, 20, 0.000, 0.027
13, 21, 0.000, 0.027
13, 22, 0.000, 0.027
13, 23, 0.000, 0.027
13, 24, 0.000, 0.026
13, 25, 0.000, 0.027
13, 26, 0.000, 0.027
13, 27, 0.000, 0.027
13, 28, 0.000, 0.026
13, 29, 0.000, 0.027
13, 30, 0.000, 0.027
13, 31, 0.000, 0.027
13, 32, 0.000, 0.027
13, 33, 0.000, 0.027
13, 34, 0.000, 0.027
13, 35, 0.000, 0.027
13, 36, 0.000, 0.027
13, 37, 0.000, 0.027
13, 38, 0.000, 0.027
13, 39, 0.000, 0.027
13, 40, 0.000, 0.026
13, 41, 0.000, 0.027
13, 42, 0.000, 0.027
13, 43, 0.000, 42.784
13, 44, 0.000, 0.026
13, 45, 0.000, 0.027
13, 46, 0.000, 0.027
13, 47, 0.000, 0.027
13, 48, 0.000, 804.434
13, 49, 0.000, 0.037
13, 50, 0.000, 0.034
13, 51, 0.000, 0.034
13, 52, 0.000, 0.034
13, 53, 0.000, 0.027
13, 54, 0.000, 0.027
13, 55, 0.000, 0.026
13, 56, 0.000, 186.287
13, 57, 0.000, 0.030
13, 58, 0.000, 0.027
13, 59, 0.000, 0.027
13, 60, 0.000, 0.026
13, 61, 0.000, 0.026
13, 62, 0.000, 0.027
13, 63, 0.000, 0.027
13, 64, 0.000, 0.027
13, 65, 0.000, 0.033
13, 66, 0.000, 0.027
13, 67, 0.000, 0.026
13, 68, 0.000, 0.027
13, 69, 0.000, 0.026
13, 70, 0.000, 0.029
13, 71, 0.000, 0.029
13, 72, 0.000, 0.027
13, 73, 0.000, 0.027
13, 74, 0.000, 0.027
13, 75, 0.000, 0.027
13, 76, 0.000, 0.027
13, 77, 0.000, 0.027
13, 78, 0.000, 0.027
13, 79, 0.000, 0.026
13, 80, 0.000, 0.026
13, 81, 0.000, 0.026
13, 82, 0.000, 0.027
13, 83, 0.000, 0.027
13, 84, 0.000, 0.027
13, 85, 0.000, 57.418
13, 86, 0.000, 0.026
13, 87, 0.000, 0.027
13, 88, 0.000, 0.027
13, 89, 0.000, 0.027
13, 90, 0.000, 0.027
13, 91, 0.000, 0.027
13, 92, 0.000, 0.027
13, 93, 0.000, 0.027
13, 94, 0.000, 0.027
13, 95, 0.000, 0.027
13, 96, 0.000, 0.027
13, 97, 0.000, 0.027
13, 98, 0.000, 0.027
13, 99, 0.000, 0.027
13, 100, 0.000, 0.027
14, 0, 50.548, 0.001
14, 1, 0.000, 0.028
14, 2, 0.000, 0.028
14, 3, 0.000, 31.388
14, 4, 0.000, 0.027
14, 5, 0.000, 0.026
14, 6, 0.000, 0.027
14, 7, 0.000, 57.556
14, 8, 0.000, 0.028
14, 9, 0.000, 0.027
14, 10, 0.000, 0.026
14, 11, 0.000, 0.026
14, 12, 0.000, 0.027
14, 13, 0.000, 161.828
14, 14, 0.000, 0.028
14, 15, 0.000, 0.029
14, 16, 0.000, 0.027
14, 17, 0.000, 0.027
14, 18, 0.000, 0.027
14, 19, 0.000, 0.027
14, 20, 0.000, 0.027
14, 21, 0.000, 0.027
14, 22, 0.000, 331.662
14, 23, 0.000, 0.026
14, 24, 0.000, 0.027
14, 25, 0.000, 0.027
14, 26, 0.000, 0.027
14, 27, 0.000, 0.026
14, 28, 0.000, 0.026
14, 29, 0.000, 0.027
14, 30, 0.000, 90.806
14, 31, 0.000, 0.027
14, 32, 0.000, 0.027
14, 33, 0.000, 0.027
14, 34, 0.000, 0.026
14, 35, 0.000, 0.027
14, 36, 0.000, 0.026
14, 37, 0.000, 0.027
14, 38, 0.000, 0.027
14, 39, 0.000, 0.027
14, 40, 0.000, 0.027
14, 41, 0.000, 0.036
14, 42, 0.000, 0.027
14, 43, 0.000, 0.029
14, 44, 0.000, 0.029
14, 45, 0.000, 0.028
14, 46, 0.000, 0.027
14, 47, 0.000, 0.031
14, 48, 0.000, 0.027
14, 49, 0.000, 0.029
14, 50, 0.000, 0.027
14, 51, 0.000, 0.028
14, 52, 0.000, 0.027
14, 53, 0.000, 0.027
14, 54, 0.000, 0.026
14, 55, 0.000, 93.158
14, 56, 0.000, 0.026
14, 57, 0.000, 0.027
14, 58, 0.000, 0.027
14, 59, 0.000, 0.026
14, 60, 0.000, 0.026
14, 61, 0.000, 0.026
14, 62, 0.000, 0.027
14, 63, 0.000, 0.027
14, 64, 0.000, 0.027
14, 65, 0.000, 0.027
14, 66, 0.000, 0.027
14, 67, 0.000, 0.027
14, 68, 0.000, 0.027
14, 69, 0.000, 0.027
14, 70, 0.000, 0.026
14, 71, 0.000, 0.026
14, 72, 0.000, 0.026
14, 73, 0.000, 0.026
14, 74, 0.000, 0.026
14, 75, 0.000, 0.026
14, 76, 0.000, 0.026
14, 77, 0.000, 0.027
14, 78, 0.000, 0.026
14, 79, 0.000, 0.027
14, 80, 0.000, 0.027
14, 81, 0.000, 0.027
14, 82, 0.000, 0.026
14, 83, 0.000, 0.027
14, 84, 0.000, 0.027
14, 85, 0.000, 0.026
14, 86, 0.000, 0.026
14, 87, 0.000, 0.026
14, 88, 0.000, 0.026
14, 89, 0.000, 0.026
14, 90, 0.000, 0.027
14, 91, 0.000, 0.027
14, 92, 0.000, 0.026
14, 93, 0.000, 0.026
14, 94, 0.000, 0.027
14, 95, 0.000, 0.027
14, 96, 0.000, 0.027
14, 97, 0.000, 0.027
14, 98, 0.000, 0.026
14, 99, 0.000, 0.026
14, 100, 0.000, 0.027
15, 0, 0.000, 0.001
15, 1, 0.000, 0.036
15, 2, 0.000, 0.028
15, 3, 0.000, 14.200
15, 4, 0.000, 0.026
15, 5, 0.000, 0.027
15, 6, 0.000, 45.220
15, 7, 0.000, 0.025
15, 8, 0.000, 59.461
15, 9, 0.000, 0.027
15, 10, 0.000, 127.105
15, 11, 0.000, 0.027
15, 12, 0.000, 0.027
15, 13, 0.000, 0.027
15, 14, 0.000, 0.027
15, 15, 0.000, 220.991
15, 16, 0.000, 0.026
15, 17, 0.000, 0.026
15, 18, 0.000, 0.027
15, 19, 0.000, 0.027
15, 20, 0.000, 0.028
15, 21, 0.000, 0.026
15, 22, 0.000, 0.027
15, 23, 0.000, 0.027
15, 24, 0.000, 399.440
15, 25, 0.000, 0.026
15, 26, 0.000, 0.027
15, 27, 0.000, 0.034
15, 28, 0.000, 0.026
15, 29, 0.000, 0.026
15, 30, 0.000, 0.026
15, 31, 0.000, 143.858
15, 32, 0.000, 0.027
15, 33, 0.000, 0.027
15, 34, 0.000, 0.026
15, 35, 0.000, 0.026
15, 36, 0.000, 0.026
15, 37, 0.000, 0.026
15, 38, 0.000, 0.026
15, 39, 0.000, 0.027
15, 40, 0.000, 0.027
15, 41, 0.000, 0.026
15, 42, 0.000, 0.027
15, 43, 0.000, 0.027
15, 44, 0.000, 0.026
15, 45, 0.000, 0.027
15, 46, 0.000, 0.026
15, 47, 0.000, 0.026
15, 48, 0.000, 105.079
15, 49, 0.000, 0.026
15, 50, 0.000, 0.028
15, 51, 0.000, 0.028
15, 52, 0.000, 0.035
15, 53, 0.000, 0.027
15, 54, 0.000, 0.028
15, 55, 0.000, 0.026
15, 56, 0.000, 0.027
15, 57, 0.000, 0.027
15, 58, 0.000, 0.027
15, 59, 0.000, 0.027
15, 60, 0.000, 0.026
15, 61, 0.000, 0.027
15, 62, 0.000, 0.027
15, 63, 0.000, 0.027
15, 64, 0.000, 0.027
15, 65, 0.000, 0.027
15, 66, 0.000, 0.027
15, 67, 0.000, 0.027
15, 68, 0.000, 719.003
15, 69, 0.000, 0.027
15, 70, 0.000, 0.027
15, 71, 0.000, 0.027
15, 72, 0.000, 0.027
15, 73, 0.000, 0.026
15, 74, 0.000, 0.027
15, 75, 0.000, 0.026
15, 76, 0.000, 0.027
15, 77, 0.000, 0.027
15, 78, 0.000, 0.026
15, 79, 0.000, 0.027
15, 80, 0.000, 0.034
15, 81, 0.000, 0.034
15, 82, 0.000, 0.034
15, 83, 0.000, 0.027
15, 84, 0.000, 0.028
15, 85, 0.000, 0.038
15, 86, 0.000, 0.028
15, 87, 0.000, 0.028
15, 88, 0.000, 142.582
15, 89, 0.000, 0.029
15, 90, 0.000, 0.027
15, 91, 0.000, 0.027
15, 92, 0.000, 0.027
15, 93, 0.000, 0.027
15, 94, 0.000, 0.034
15, 95, 0.000, 0.026
15, 96, 0.000, 0.027
15, 97, 0.000, 0.028
15, 98, 0.000, 0.027
15, 99, 0.000, 0.027
15, 100, 0.000, 0.027
16, 0, 45.707, 0.001
16, 1, 1.618, 0.036
16, 2, 0.000, 20.200
16, 3, 0.000, 0.028
16, 4, 0.000, 0.027
16, 5, 0.000, 0.027
16, 6, 0.000, 0.026
16, 7, 0.000, 0.026
16, 8, 1.618, 67.865
16, 9, 0.000, 108.390
16, 10, 0.000, 0.027
16, 11, 0.000, 0.027
16, 12, 0.000, 0.027
16, 13, 0.000, 0.028
16, 14, 0.000, 0.027
16, 15, 0.000, 0.027
16, 16, 0.000, 240.881
16, 17, 0.000, 0.026
16, 18, 0.000, 0.026
16, 19, 0.000, 0.027
16, 20, 0.000, 0.026
16, 21, 0.000, 0.027
16, 22, 0.000, 0.026
16, 23, 0.000, 0.027
16, 24, 0.000, 0.027
16, 25, 0.000, 0.027
16, 26, 0.000, 45.987
16, 27, 0.000, 0.027
16, 28, 0.000, 0.027
16, 29, 0.000, 0.027
16, 30, 0.000, 0.027
16, 31, 0.000, 0.027
16, 32, 0.000, 0.027
16, 33, 0.000, 0.028
16, 34, 0.000, 0.027
16, 35, 0.000, 0.027
16, 36, 0.000, 0.027
16, 37, 0.000, 0.027
16, 38, 0.000, 0.027
16, 39, 0.000, 0.027
16, 40, 0.000, 0.027
16, 41, 0.000, 0.027
16, 42, 0.000, 0.027
16, 43, 0.000, 0.027
16, 44, 0.000, 0.027
16, 45, 0.000, 0.027
16, 46, 0.000, 0.027
16, 47, 0.000, 0.027
16, 48, 0.000, 0.027
16, 49, 0.000, 0.027
16, 50, 0.000, 0.027
16, 51, 0.000, 0.026
16, 52, 0.000, 0.027
16, 53, 0.000, 0.026
16, 54, 0.000, 0.027
16, 55, 0.000, 0.027
16, 56, 0.000, 0.026
16, 57, 0.000, 0.026
16, 58, 0.000, 0.027
16, 59, 0.000, 0.026
16, 60, 0.000, 0.026
16, 61, 0.000, 46.569
16, 62, 0.000, 0.027
16, 63, 0.000, 0.027
16, 64, 0.000, 0.026
16, 65, 0.000, 0.027
16, 66, 0.000, 0.027
16, 67, 0.000, 0.026
16, 68, 0.000, 0.026
16, 69, 0.000, 0.026
16, 70, 0.000, 0.027
16, 71, 0.000, 0.026
16, 72, 0.000, 0.027
16, 73, 0.000, 0.026
16, 74, 0.000, 0.026
16, 75, 0.000, 0.026
16, 76, 0.000, 0.026
16, 77, 0.000, 0.026
16, 78, 0.000, 0.026
16, 79, 0.000, 1470.663
16, 80, 0.000, 0.026
16, 81, 0.000, 0.026
16, 82, 0.000, 0.027
16, 83, 0.000, 0.027
16, 84, 0.000, 0.027
16, 85, 0.000, 0.027
16, 86, 0.000, 0.027
16, 87, 0.000, 0.028
16, 88, 0.000, 0.035
16, 89, 0.000, 0.027
16, 90, 0.000, 0.027
16, 91, 0.000, 151.115
16, 92, 0.000, 0.026
16, 93, 0.000, 0.027
16, 94, 0.000, 0.027
16, 95, 0.000, 0.026
16, 96, 0.000, 0.027
16, 97, 0.000, 0.027
16, 98, 0.000, 0.027
16, 99, 0.000, 0.026
16, 100, 0.000, 0.026
17, 0, 15.726, 0.001
17, 1, 34.549, 0.028
17, 2, 34.549, 0.028
17, 3, 34.549, 26.576
17, 4, 15.726, 0.025
17, 5, 15.726, 21.910
17, 6, 15.726, 0.026
17, 7, 15.726, 0.027
17, 8, 0.000, 62.231
17, 9, 0.000, 0.028
17, 10, 0.000, 123.729
17, 11, 0.000, 0.026
17, 12, 0.000, 0.027
17, 13, 0.000, 0.027
17, 14, 0.000, 0.027
17, 15, 0.000, 0.029
17, 16, 0.000, 0.027
17, 17, 0.000, 0.029
17, 18, 0.000, 0.026
17, 19, 0.000, 0.026
17, 20, 0.000, 0.027
17, 21, 0.000, 0.026
17, 22, 0.000, 85.513
17, 23, 0.000, 0.026
17, 24, 0.000, 0.027
17, 25, 0.000, 0.026
17, 26, 0.000, 0.026
17, 27, 0.000, 0.026
17, 28, 0.000, 0.029
17, 29, 0.000, 0.028
17, 30, 0.000, 0.028
17, 31, 0.000, 0.026
17, 32, 0.000, 0.034
17, 33, 0.000, 0.031
17, 34, 0.000, 0.033
17, 35, 0.000, 0.030
17, 36, 0.000, 0.030
17, 37, 0.000, 0.034
17, 38, 0.000, 0.033
17, 39, 0.000, 0.027
17, 40, 0.000, 0.027
17, 41, 0.000, 0.038
17, 42, 0.000, 0.031
17, 43, 0.000, 0.038
17, 44, 0.000, 0.053
17, 45, 0.000, 0.039
17, 46, 0.000, 0.029
17, 47, 0.000, 0.026
17, 48, 0.000, 0.041
17, 49, 0.000, 0.027
17, 50, 0.000, 0.043
17, 51, 0.000, 0.029
17, 52, 0.000, 0.039
17, 53, 0.000, 0.028
17, 54, 0.000, 0.029
17, 55, 0.000, 0.026
17, 56, 0.000, 0.026
17, 57, 0.000, 0.027
17, 58, 0.000, 0.029
17, 59, 0.000, 0.049
17, 60, 0.000, 72.016
17, 61, 0.000, 0.029
17, 62, 0.000, 0.052
17, 63, 0.000, 0.037
17, 64, 0.000, 0.033
17, 65, 0.000, 1105.019
17, 66, 0.000, 0.027
17, 67, 0.000, 0.028
17, 68, 0.000, 0.027
17, 69, 0.000, 0.027
17, 70, 0.000, 0.026
17, 71, 0.000, 0.027
17, 72, 0.000, 0.027
17, 73, 0.000, 126.083
17, 74, 0.000, 0.032
17, 75, 0.000, 0.027
17, 76, 0.000, 0.035
17, 77, 0.000, 0.027
17, 78, 0.000, 0.027
17, 79, 0.000, 0.027
17, 80, 0.000, 0.027
17, 81, 0.000, 0.027
17, 82, 0.000, 0.027
17, 83, 0.000, 0.027
17, 84, 0.000, 0.027
17, 85, 0.000, 0.027
17, 86, 0.000, 0.027
17, 87, 0.000, 0.027
17, 88, 0.000, 0.026
17, 89, 0.000, 0.027
17, 90, 0.000, 0.027
17, 91, 0.000, 0.027
17, 92, 0.000, 0.027
17, 93, 0.000, 0.026
17, 94, 0.000, 0.027
17, 95, 0.000, 0.027
17, 96, 0.000, 0.027
17, 97, 0.000, 0.027
17, 98, 0.000, 0.026
17, 99, 0.000, 71.481
17, 100, 0.000, 0.026
18, 0, 80.940, 0.001
18, 1, 31.328, 0.036
18, 2, 31.328, 0.028
18, 3, 31.328, 14.084
18, 4, 31.328, 0.027
18, 5, 31.328, 41.504
18, 6, 0.000, 0.027
18, 7, 0.000, 0.026
18, 8, 0.000, 0.027
18, 9, 0.000, 0.027
18, 10, 0.000, 0.027
18, 11, 0.000, 0.031
18, 12, 0.000, 0.028
18, 13, 0.000, 0.027
18, 14, 0.000, 0.029
18, 15, 0.000, 0.036
18, 16, 0.000, 0.027
18, 17, 0.000, 0.031
18, 18, 0.000, 218.023
18, 19, 0.000, 0.026
18, 20, 0.000, 0.027
18, 21, 0.000, 0.027
18, 22, 0.000, 0.027
18, 23, 0.000, 0.027
18, 24, 0.000, 0.027
18, 25, 0.000, 0.026
18, 26, 0.000, 0.027
18, 27, 0.000, 0.027
18, 28, 0.000, 0.027
18, 29, 0.000, 52.944
18, 30, 0.000, 0.029
18, 31, 0.000, 0.027
18, 32, 0.000, 0.028
18, 33, 0.000, 0.028
18, 34, 0.000, 0.027
18, 35, 0.000, 0.028
18, 36, 0.000, 0.028
18, 37, 0.000, 0.028
18, 38, 0.000, 0.027
18, 39, 0.000, 0.028
18, 40, 0.000, 0.028
18, 41, 0.000, 0.027
18, 42, 0.000, 0.027
18, 43, 0.000, 0.027
18, 44, 0.000, 0.027
18, 45, 0.000, 0.027
18, 46, 0.000, 0.027
18, 47, 0.000, 0.027
18, 48, 0.000, 0.027
18, 49, 0.000, 0.029
18, 50, 0.000, 0.028
18, 51, 0.000, 0.028
18, 52, 0.000, 0.027
18, 53, 0.000, 0.027
18, 54, 0.000, 0.027
18, 55, 0.000, 0.027
18, 56, 0.000, 0.027
18, 57, 0.000, 0.027
18, 58, 0.000, 0.027
18, 59, 0.000, 0.027
18, 60, 0.000, 0.027
18, 61, 0.000, 0.028
18, 62, 0.000, 0.027
18, 63, 0.000, 0.027
18, 64, 0.000, 0.027
18, 65, 0.000, 0.033
18, 66, 0.000, 0.028
18, 67, 0.000, 0.027
18, 68, 0.000, 0.027
18, 69, 0.000, 0.028
18, 70, 0.000, 0.027
18, 71, 0.000, 0.027
18, 72, 0.000, 0.027
18, 73, 0.000, 0.027
18, 74, 0.000, 34.609
18, 75, 0.000, 0.027
18, 76, 0.000, 0.027
18, 77, 0.000, 0.027
18, 78, 0.000, 0.027
18, 79, 0.000, 0.027
18, 80, 0.000, 0.027
18, 81, 0.000, 0.028
18, 82, 0.000, 0.028
18, 83, 0.000, 0.027
18, 84, 0.000, 0.027
18, 85, 0.000, 0.027
18, 86, 0.000, 0.027
18, 87, 0.000, 0.027
18, 88, 0.000, 0.027
18, 89, 0.000, 0.027
18, 90, 0.000, 0.027
18, 91, 0.000, 0.027
18, 92, 0.000, 0.027
18, 93, 0.000, 0.027
18, 94, 0.000, 0.028
18, 95, 0.000, 0.027
18, 96, 0.000, 0.027
18, 97, 0.000, 0.027
18, 98, 0.000, 0.027
18, 99, 0.000, 0.027
18, 100, 0.000, 0.027
19, 0, 60.841, 0.001
19, 1, 25.445, 0.036
19, 2, 25.445, 0.028
19, 3, 25.445, 23.840
19, 4, 25.445, 0.026
19, 5, 25.445, 0.027
19, 6, 25.445, 0.027
19, 7, 25.445, 59.430
19, 8, 0.000, 0.026
19, 9, 0.000, 0.026
19, 10, 0.000, 0.027
19, 11, 0.000, 3.343
19, 12, 0.000, 0.028
19, 13, 0.000, 0.027
19, 14, 0.000, 0.032
19, 15, 0.000, 0.035
19, 16, 0.000, 0.048
19, 17, 0.000, 0.031
19, 18, 0.000, 219.349
19, 19, 0.000, 0.035
19, 20, 0.000, 0.027
19, 21, 0.000, 0.029
19, 22, 0.000, 0.029
19, 23, 0.000, 0.031
19, 24, 0.000, 0.030
19, 25, 0.000, 0.026
19, 26, 0.000, 0.026
19, 27, 0.000, 63.459
19, 28, 0.000, 0.028
19, 29, 0.000, 0.028
19, 30, 0.000, 0.027
19, 31, 0.000, 0.027
19, 32, 0.000, 0.027
19, 33, 0.000, 0.027
19, 34, 0.000, 0.027
19, 35, 0.000, 0.028
19, 36, 0.000, 0.027
19, 37, 0.000, 0.027
19, 38, 0.000, 0.027
19, 39, 0.000, 0.027
19, 40, 0.000, 0.027
19, 41, 0.000, 0.027
19, 42, 0.000, 0.027
19, 43, 0.000, 0.027
19, 44, 0.000, 0.027
19, 45, 0.000, 0.027
19, 46, 0.000, 0.027
19, 47, 0.000, 0.027
19, 48, 0.000, 0.027
19, 49, 0.000, 0.027
19, 50, 0.000, 0.027
19, 51, 0.000, 0.027
19, 52, 0.000, 0.027
19, 53, 0.000, 0.027
19, 54, 0.000, 0.027
19, 55, 0.000, 0.027
19, 56, 0.000, 0.027
19, 57, 0.000, 0.027
19, 58, 0.000, 0.027
19, 59, 0.000, 0.027
19, 60, 0.000, 0.027
19, 61, 0.000, 0.027
19, 62, 0.000, 0.027
19, 63, 0.000, 0.027
19, 64, 0.000, 0.027
19, 65, 0.000, 0.027
19, 66, 0.000, 0.027
19, 67, 0.000, 0.027
19, 68, 0.000, 37.885
19, 69, 0.000, 0.027
19, 70, 0.000, 0.027
19, 71, 0.000, 0.027
19, 72, 0.000, 0.027
19, 73, 0.000, 0.027
19, 74, 0.000, 0.027
19, 75, 0.000, 0.027
19, 76, 0.000, 0.027
19, 77, 0.000, 0.027
19, 78, 0.000, 1367.134
19, 79, 0.000, 0.026
19, 80, 0.000, 0.027
19, 81, 0.000, 0.027
19, 82, 0.000, 0.027
19, 83, 0.000, 0.026
19, 84, 0.000, 0.027
19, 85, 0.000, 0.027
19, 86, 0.000, 0.026
19, 87, 0.000, 0.028
19, 88, 0.000, 0.027
19, 89, 0.000, 0.027
19, 90, 0.000, 0.027
19, 91, 0.000, 0.027
19, 92, 0.000, 0.026
19, 93, 0.000, 0.028
19, 94, 0.000, 0.026
19, 95, 0.000, 0.026
19, 96, 0.000, 0.027
19, 97, 0.000, 0.027
19, 98, 0.000, 0.026
19, 99, 0.000, 0.026
19, 100, 0.000, 0.026
20, 0, 10.749, 0.001
20, 1, 84.357, 0.028
20, 2, 84.357, 0.028
20, 3, 84.357, 35.403
20, 4, 84.357, 0.025
20, 5, 84.357, 0.028
20, 6, 84.357, 82.141
20, 7, 84.357, 0.027
20, 8, 73.608, 0.027
20, 9, 0.000, 83.043
20, 10, 0.000, 0.028
20, 11, 0.000, 0.027
20, 12, 0.000, 0.027
20, 13, 0.000, 0.026
20, 14, 0.000, 0.027
20, 15, 0.000, 0.026
20, 16, 0.000, 0.027
20, 17, 0.000, 0.027
20, 18, 0.000, 0.027
20, 19, 0.000, 0.026
20, 20, 0.000, 43.758
20, 21, 0.000, 0.026
20, 22, 0.000, 0.027
20, 23, 0.000, 0.027
20, 24, 0.000, 0.027
20, 25, 0.000, 0.027
20, 26, 0.000, 0.027
20, 27, 0.000, 0.026
20, 28, 0.000, 0.027
20, 29, 0.000, 0.027
20, 30, 0.000, 0.027
20, 31, 0.000, 0.027
20, 32, 0.000, 0.027
20, 33, 0.000, 0.027
20, 34, 0.000, 0.027
20, 35, 0.000, 0.027
20, 36, 0.000, 0.027
20, 37, 0.000, 0.027
20, 38, 0.000, 0.027
20, 39, 0.000, 0.027
20, 40, 0.000, 0.027
20, 41, 0.000, 0.027
20, 42, 0.000, 0.027
20, 43, 0.000, 0.027
20, 44, 0.000, 0.027
20, 45, 0.000, 0.027
20, 46, 0.000, 0.027
20, 47, 0.000, 0.027
20, 48, 0.000, 0.026
20, 49, 0.000, 0.027
20, 50, 0.000, 0.027
20, 51, 0.000, 0.027
20, 52, 0.000, 0.027
20, 53, 0.000, 0.027
20, 54, 0.000, 0.027
20, 55, 0.000, 0.027
20, 56, 0.000, 0.026
20, 57, 0.000, 0.027
20, 58, 0.000, 0.026
20, 59, 0.000, 0.026
20, 60, 0.000, 39.843
20, 61, 0.000, 0.026
20, 62, 0.000, 0.026
20, 63, 0.000, 0.026
20, 64, 0.000, 0.026
20, 65, 0.000, 0.027
20, 66, 0.000, 0.027
20, 67, 0.000, 0.027
20, 68, 0.000, 0.027
20, 69, 0.000, 0.026
20, 70, 0.000, 0.027
20, 71, 0.000, 0.027
20, 72, 0.000, 0.027
20, 73, 0.000, 0.027
20, 74, 0.000, 0.027
20, 75, 0.000, 0.027
20, 76, 0.000, 0.026
20, 77, 0.000, 0.027
20, 78, 0.000, 0.027
20, 79, 0.000, 0.027
20, 80, 0.000, 0.027
20, 81, 0.000, 0.027
20, 82, 0.000, 0.027
20, 83, 0.000, 0.026
20, 84, 0.000, 0.027
20, 85, 0.000, 0.027
20, 86, 0.000, 0.027
20, 87, 0.000, 0.027
20, 88, 0.000, 0.027
20, 89, 0.000, 0.027
20, 90, 0.000, 0.027
20, 91, 0.000, 0.027
20, 92, 0.000, 0.027
20, 93, 0.000, 0.027
20, 94, 0.000, 0.027
20, 95, 0.000, 0.027
20, 96, 0.000, 0.027
20, 97, 0.000, 0.027
20, 98, 0.000, 0.027
20, 99, 0.000, 0.027
20, 100, 0.000, 0.027
