Run, Query, Loss, Time
1, 0, 14.458, 0.002
1, 1, 14.458, 0.025
1, 2, 14.458, 0.026
1, 3, 14.458, 13.342
1, 4, 14.458, 0.025
1, 5, 0.000, 36.860
1, 6, 0.000, 0.033
1, 7, 0.000, 13.134
1, 8, 0.000, 0.026
1, 9, 0.000, 0.026
1, 10, 0.000, 0.025
1, 11, 0.000, 0.026
1, 12, 0.000, 123.817
1, 13, 0.000, 0.029
1, 14, 0.000, 0.027
1, 15, 0.000, 0.028
1, 16, 0.000, 0.026
1, 17, 0.000, 0.026
1, 18, 0.000, 0.026
1, 19, 0.000, 0.026
1, 20, 0.000, 0.025
1, 21, 0.000, 0.027
1, 22, 0.000, 29.992
1, 23, 0.000, 0.025
1, 24, 0.000, 0.025
1, 25, 0.000, 0.026
1, 26, 0.000, 0.025
1, 27, 0.000, 0.026
1, 28, 0.000, 0.026
1, 29, 0.000, 0.026
1, 30, 0.000, 0.026
1, 31, 0.000, 0.026
1, 32, 0.000, 0.026
1, 33, 0.000, 483.525
1, 34, 0.000, 0.027
1, 35, 0.000, 0.026
1, 36, 0.000, 0.025
1, 37, 0.000, 0.025
1, 38, 0.000, 0.026
1, 39, 0.000, 0.028
1, 40, 0.000, 0.026
1, 41, 0.000, 0.026
1, 42, 0.000, 0.025
1, 43, 0.000, 0.026
1, 44, 0.000, 0.026
1, 45, 0.000, 0.026
1, 46, 0.000, 0.026
1, 47, 0.000, 0.026
1, 48, 0.000, 0.026
1, 49, 0.000, 272.118
1, 50, 0.000, 0.025
1, 51, 0.000, 0.025
1, 52, 0.000, 0.025
1, 53, 0.000, 0.026
1, 54, 0.000, 0.025
1, 55, 0.000, 0.026
1, 56, 0.000, 0.025
1, 57, 0.000, 0.026
1, 58, 0.000, 0.026
1, 59, 0.000, 0.026
1, 60, 0.000, 0.026
1, 61, 0.000, 0.025
1, 62, 0.000, 0.025
1, 63, 0.000, 0.026
1, 64, 0.000, 0.025
1, 65, 0.000, 0.025
1, 66, 0.000, 0.025
1, 67, 0.000, 0.025
1, 68, 0.000, 0.025
1, 69, 0.000, 0.026
1, 70, 0.000, 0.025
1, 71, 0.000, 0.026
1, 72, 0.000, 0.026
1, 73, 0.000, 0.025
1, 74, 0.000, 0.025
1, 75, 0.000, 0.026
1, 76, 0.000, 0.026
1, 77, 0.000, 0.025
1, 78, 0.000, 0.026
1, 79, 0.000, 0.026
1, 80, 0.000, 0.025
1, 81, 0.000, 0.026
1, 82, 0.000, 0.025
1, 83, 0.000, 41.583
1, 84, 0.000, 0.026
1, 85, 0.000, 0.028
1, 86, 0.000, 0.026
1, 87, 0.000, 0.027
1, 88, 0.000, 0.027
1, 89, 0.000, 0.026
1, 90, 0.000, 0.026
1, 91, 0.000, 0.025
1, 92, 0.000, 0.025
1, 93, 0.000, 0.026
1, 94, 0.000, 0.026
1, 95, 0.000, 0.027
1, 96, 0.000, 0.026
1, 97, 0.000, 0.027
1, 98, 0.000, 0.025
1, 99, 0.000, 0.026
1, 100, 0.000, 0.025
2, 0, 27.530, 0.001
2, 1, 27.530, 0.033
2, 2, 27.530, 0.026
2, 3, 27.530, 0.026
2, 4, 27.530, 8.014
2, 5, 27.530, 0.025
2, 6, 27.530, 14.132
2, 7, 27.530, 0.025
2, 8, 0.000, 81.221
2, 9, 0.000, 0.025
2, 10, 0.000, 0.025
2, 11, 0.000, 0.025
2, 12, 0.000, 0.026
2, 13, 0.000, 0.025
2, 14, 0.000, 0.025
2, 15, 0.000, 0.026
2, 16, 0.000, 183.003
2, 17, 0.000, 0.026
2, 18, 0.000, 0.026
2, 19, 0.000, 0.026
2, 20, 0.000, 0.026
2, 21, 0.000, 0.026
2, 22, 0.000, 0.026
2, 23, 0.000, 0.025
2, 24, 0.000, 0.026
2, 25, 0.000, 284.856
2, 26, 0.000, 0.028
2, 27, 0.000, 0.027
2, 28, 0.000, 0.027
2, 29, 0.000, 0.026
2, 30, 0.000, 0.025
2, 31, 0.000, 0.025
2, 32, 0.000, 0.025
2, 33, 0.000, 0.026
2, 34, 0.000, 86.920
2, 35, 0.000, 0.028
2, 36, 0.000, 0.025
2, 37, 0.000, 0.025
2, 38, 0.000, 0.025
2, 39, 0.000, 0.026
2, 40, 0.000, 0.025
2, 41, 0.000, 0.025
2, 42, 0.000, 0.026
2, 43, 0.000, 0.026
2, 44, 0.000, 0.026
2, 45, 0.000, 0.026
2, 46, 0.000, 0.025
2, 47, 0.000, 0.025
2, 48, 0.000, 0.027
2, 49, 0.000, 0.026
2, 50, 0.000, 0.025
2, 51, 0.000, 0.026
2, 52, 0.000, 60.014
2, 53, 0.000, 0.026
2, 54, 0.000, 0.026
2, 55, 0.000, 0.026
2, 56, 0.000, 0.026
2, 57, 0.000, 0.026
2, 58, 0.000, 0.026
2, 59, 0.000, 0.026
2, 60, 0.000, 0.026
2, 61, 0.000, 0.027
2, 62, 0.000, 0.025
2, 63, 0.000, 0.026
2, 64, 0.000, 0.025
2, 65, 0.000, 0.026
2, 66, 0.000, 0.025
2, 67, 0.000, 0.026
2, 68, 0.000, 0.026
2, 69, 0.000, 0.026
2, 70, 0.000, 0.026
2, 71, 0.000, 0.026
2, 72, 0.000, 0.025
2, 73, 0.000, 0.025
2, 74, 0.000, 0.025
2, 75, 0.000, 0.026
2, 76, 0.000, 0.026
2, 77, 0.000, 0.026
2, 78, 0.000, 0.025
2, 79, 0.000, 0.025
2, 80, 0.000, 0.025
2, 81, 0.000, 0.026
2, 82, 0.000, 0.026
2, 83, 0.000, 0.026
2, 84, 0.000, 0.026
2, 85, 0.000, 0.026
2, 86, 0.000, 0.025
2, 87, 0.000, 0.027
2, 88, 0.000, 0.027
2, 89, 0.000, 0.033
2, 90, 0.000, 0.027
2, 91, 0.000, 0.027
2, 92, 0.000, 0.028
2, 93, 0.000, 0.026
2, 94, 0.000, 0.026
2, 95, 0.000, 0.026
2, 96, 0.000, 0.026
2, 97, 0.000, 59.444
2, 98, 0.000, 0.026
2, 99, 0.000, 0.026
2, 100, 0.000, 0.026
3, 0, 0.000, 0.001
3, 1, 38.916, 0.033
3, 2, 12.031, 15.435
3, 3, 12.031, 0.025
3, 4, 0.000, 36.308
3, 5, 0.000, 0.025
3, 6, 0.000, 0.025
3, 7, 0.000, 0.026
3, 8, 0.000, 67.450
3, 9, 0.000, 0.027
3, 10, 0.000, 0.026
3, 11, 0.000, 0.025
3, 12, 0.000, 0.028
3, 13, 0.000, 0.027
3, 14, 0.000, 0.026
3, 15, 0.000, 162.206
3, 16, 0.000, 0.025
3, 17, 0.000, 0.026
3, 18, 0.000, 0.025
3, 19, 0.000, 0.026
3, 20, 0.000, 0.025
3, 21, 0.000, 0.026
3, 22, 0.000, 0.026
3, 23, 0.000, 0.026
3, 24, 0.000, 0.027
3, 25, 0.000, 336.699
3, 26, 0.000, 0.025
3, 27, 0.000, 0.026
3, 28, 0.000, 0.026
3, 29, 0.000, 0.026
3, 30, 0.000, 0.025
3, 31, 0.000, 0.026
3, 32, 0.000, 0.026
3, 33, 0.000, 0.026
3, 34, 0.000, 0.025
3, 35, 0.000, 0.026
3, 36, 0.000, 0.025
3, 37, 0.000, 0.026
3, 38, 0.000, 0.026
3, 39, 0.000, 140.349
3, 40, 0.000, 0.025
3, 41, 0.000, 0.025
3, 42, 0.000, 0.025
3, 43, 0.000, 0.026
3, 44, 0.000, 0.026
3, 45, 0.000, 0.026
3, 46, 0.000, 0.026
3, 47, 0.000, 0.026
3, 48, 0.000, 0.026
3, 49, 0.000, 0.026
3, 50, 0.000, 0.026
3, 51, 0.000, 0.026
3, 52, 0.000, 0.026
3, 53, 0.000, 0.026
3, 54, 0.000, 0.026
3, 55, 0.000, 0.026
3, 56, 0.000, 0.025
3, 57, 0.000, 0.026
3, 58, 0.000, 0.026
3, 59, 0.000, 0.026
3, 60, 0.000, 0.026
3, 61, 0.000, 0.026
3, 62, 0.000, 0.026
3, 63, 0.000, 0.026
3, 64, 0.000, 0.026
3, 65, 0.000, 0.026
3, 66, 0.000, 0.025
3, 67, 0.000, 0.026
3, 68, 0.000, 0.026
3, 69, 0.000, 54.820
3, 70, 0.000, 0.025
3, 71, 0.000, 0.025
3, 72, 0.000, 0.025
3, 73, 0.000, 0.026
3, 74, 0.000, 0.026
3, 75, 0.000, 0.026
3, 76, 0.000, 0.026
3, 77, 0.000, 0.025
3, 78, 0.000, 0.026
3, 79, 0.000, 0.026
3, 80, 0.000, 0.026
3, 81, 0.000, 0.026
3, 82, 0.000, 0.025
3, 83, 0.000, 0.026
3, 84, 0.000, 0.026
3, 85, 0.000, 0.026
3, 86, 0.000, 0.026
3, 87, 0.000, 0.026
3, 88, 0.000, 0.025
3, 89, 0.000, 0.026
3, 90, 0.000, 0.025
3, 91, 0.000, 0.026
3, 92, 0.000, 0.026
3, 93, 0.000, 0.026
3, 94, 0.000, 0.026
3, 95, 0.000, 0.026
3, 96, 0.000, 0.026
3, 97, 0.000, 0.026
3, 98, 0.000, 0.026
3, 99, 0.000, 0.026
3, 100, 0.000, 0.025
4, 0, 0.000, 0.001
4, 1, 0.000, 0.033
4, 2, 0.000, 0.026
4, 3, 0.000, 10.751
4, 4, 0.000, 0.025
4, 5, 0.000, 15.990
4, 6, 0.000, 0.042
4, 7, 0.000, 0.026
4, 8, 0.000, 0.025
4, 9, 0.000, 0.026
4, 10, 0.000, 0.025
4, 11, 0.000, 0.026
4, 12, 0.000, 0.026
4, 13, 0.000, 145.719
4, 14, 0.000, 0.025
4, 15, 0.000, 0.033
4, 16, 0.000, 0.027
4, 17, 0.000, 0.026
4, 18, 0.000, 0.026
4, 19, 0.000, 0.025
4, 20, 0.000, 289.721
4, 21, 0.000, 0.025
4, 22, 0.000, 0.026
4, 23, 0.000, 0.026
4, 24, 0.000, 0.025
4, 25, 0.000, 0.026
4, 26, 0.000, 0.026
4, 27, 0.000, 0.025
4, 28, 0.000, 0.025
4, 29, 0.000, 0.025
4, 30, 0.000, 146.564
4, 31, 0.000, 0.025
4, 32, 0.000, 0.026
4, 33, 0.000, 0.026
4, 34, 0.000, 0.025
4, 35, 0.000, 0.026
4, 36, 0.000, 0.026
4, 37, 0.000, 0.026
4, 38, 0.000, 0.025
4, 39, 0.000, 0.025
4, 40, 0.000, 0.025
4, 41, 0.000, 0.026
4, 42, 0.000, 0.026
4, 43, 0.000, 0.026
4, 44, 0.000, 0.026
4, 45, 0.000, 38.812
4, 46, 0.000, 0.032
4, 47, 0.000, 0.026
4, 48, 0.000, 0.025
4, 49, 0.000, 0.025
4, 50, 0.000, 0.025
4, 51, 0.000, 0.025
4, 52, 0.000, 0.025
4, 53, 0.000, 0.025
4, 54, 0.000, 0.025
4, 55, 0.000, 0.026
4, 56, 0.000, 0.025
4, 57, 0.000, 0.025
4, 58, 0.000, 0.025
4, 59, 0.000, 0.025
4, 60, 0.000, 0.026
4, 61, 0.000, 0.025
4, 62, 0.000, 1021.374
4, 63, 0.000, 0.025
4, 64, 0.000, 0.026
4, 65, 0.000, 0.026
4, 66, 0.000, 0.025
4, 67, 0.000, 0.026
4, 68, 0.000, 0.026
4, 69, 0.000, 0.025
4, 70, 0.000, 0.025
4, 71, 0.000, 0.025
4, 72, 0.000, 0.025
4, 73, 0.000, 0.026
4, 74, 0.000, 0.026
4, 75, 0.000, 298.822
4, 76, 0.000, 0.025
4, 77, 0.000, 0.025
4, 78, 0.000, 0.025
4, 79, 0.000, 0.025
4, 80, 0.000, 0.025
4, 81, 0.000, 0.026
4, 82, 0.000, 0.026
4, 83, 0.000, 0.032
4, 84, 0.000, 0.026
4, 85, 0.000, 0.025
4, 86, 0.000, 0.026
4, 87, 0.000, 0.026
4, 88, 0.000, 0.025
4, 89, 0.000, 0.026
4, 90, 0.000, 0.026
4, 91, 0.000, 0.026
4, 92, 0.000, 0.026
4, 93, 0.000, 0.025
4, 94, 0.000, 0.025
4, 95, 0.000, 0.026
4, 96, 0.000, 0.026
4, 97, 0.000, 0.026
4, 98, 0.000, 0.026
4, 99, 0.000, 0.033
4, 100, 0.000, 0.026
5, 0, 0.000, 0.001
5, 1, 14.284, 0.026
5, 2, 14.284, 0.026
5, 3, 14.284, 23.846
5, 4, 0.000, 39.674
5, 5, 0.000, 0.032
5, 6, 0.000, 0.026
5, 7, 0.000, 0.025
5, 8, 0.000, 15.447
5, 9, 0.000, 0.027
5, 10, 0.000, 131.378
5, 11, 0.000, 0.025
5, 12, 0.000, 0.026
5, 13, 0.000, 149.386
5, 14, 0.000, 0.025
5, 15, 0.000, 0.026
5, 16, 0.000, 0.025
5, 17, 0.000, 0.026
5, 18, 0.000, 0.025
5, 19, 0.000, 267.782
5, 20, 0.000, 0.026
5, 21, 0.000, 0.026
5, 22, 0.000, 0.026
5, 23, 0.000, 0.026
5, 24, 0.000, 0.025
5, 25, 0.000, 0.025
5, 26, 0.000, 0.026
5, 27, 0.000, 0.026
5, 28, 0.000, 88.352
5, 29, 0.000, 0.027
5, 30, 0.000, 0.026
5, 31, 0.000, 0.026
5, 32, 0.000, 0.026
5, 33, 0.000, 0.026
5, 34, 0.000, 0.026
5, 35, 0.000, 0.026
5, 36, 0.000, 0.025
5, 37, 0.000, 0.026
5, 38, 0.000, 0.026
5, 39, 0.000, 0.026
5, 40, 0.000, 0.026
5, 41, 0.000, 0.026
5, 42, 0.000, 0.026
5, 43, 0.000, 0.026
5, 44, 0.000, 0.026
5, 45, 0.000, 0.026
5, 46, 0.000, 376.530
5, 47, 0.000, 0.025
5, 48, 0.000, 0.026
5, 49, 0.000, 0.026
5, 50, 0.000, 0.025
5, 51, 0.000, 0.026
5, 52, 0.000, 0.026
5, 53, 0.000, 0.026
5, 54, 0.000, 0.026
5, 55, 0.000, 0.026
5, 56, 0.000, 0.025
5, 57, 0.000, 0.025
5, 58, 0.000, 0.026
5, 59, 0.000, 0.026
5, 60, 0.000, 0.026
5, 61, 0.000, 0.026
5, 62, 0.000, 0.026
5, 63, 0.000, 0.026
5, 64, 0.000, 0.025
5, 65, 0.000, 0.025
5, 66, 0.000, 0.026
5, 67, 0.000, 0.026
5, 68, 0.000, 0.025
5, 69, 0.000, 0.026
5, 70, 0.000, 0.026
5, 71, 0.000, 0.025
5, 72, 0.000, 1347.452
5, 73, 0.000, 0.025
5, 74, 0.000, 0.025
5, 75, 0.000, 0.026
5, 76, 0.000, 0.026
5, 77, 0.000, 0.026
5, 78, 0.000, 0.026
5, 79, 0.000, 0.025
5, 80, 0.000, 0.025
5, 81, 0.000, 0.026
5, 82, 0.000, 0.026
5, 83, 0.000, 101.103
5, 84, 0.000, 0.025
5, 85, 0.000, 0.026
5, 86, 0.000, 0.026
5, 87, 0.000, 0.026
5, 88, 0.000, 0.026
5, 89, 0.000, 0.025
5, 90, 0.000, 0.025
5, 91, 0.000, 0.025
5, 92, 0.000, 0.026
5, 93, 0.000, 0.026
5, 94, 0.000, 0.025
5, 95, 0.000, 0.026
5, 96, 0.000, 0.026
5, 97, 0.000, 0.025
5, 98, 0.000, 159.130
5, 99, 0.000, 0.030
5, 100, 0.000, 0.026
6, 0, 32.053, 0.001
6, 1, 25.517, 0.026
6, 2, 6.537, 16.722
6, 3, 6.537, 0.029
6, 4, 0.000, 0.026
6, 5, 0.000, 51.742
6, 6, 0.000, 0.026
6, 7, 0.000, 0.025
6, 8, 0.000, 76.032
6, 9, 0.000, 0.025
6, 10, 0.000, 0.032
6, 11, 0.000, 0.026
6, 12, 0.000, 0.025
6, 13, 0.000, 0.026
6, 14, 0.000, 0.026
6, 15, 0.000, 0.026
6, 16, 0.000, 0.025
6, 17, 0.000, 0.026
6, 18, 0.000, 25.673
6, 19, 0.000, 0.027
6, 20, 0.000, 0.026
6, 21, 0.000, 0.025
6, 22, 0.000, 0.026
6, 23, 0.000, 0.026
6, 24, 0.000, 0.025
6, 25, 0.000, 0.025
6, 26, 0.000, 0.025
6, 27, 0.000, 0.026
6, 28, 0.000, 0.025
6, 29, 0.000, 0.025
6, 30, 0.000, 0.026
6, 31, 0.000, 0.025
6, 32, 0.000, 0.026
6, 33, 0.000, 0.025
6, 34, 0.000, 0.025
6, 35, 0.000, 0.026
6, 36, 0.000, 0.025
6, 37, 0.000, 0.026
6, 38, 0.000, 546.084
6, 39, 0.000, 0.025
6, 40, 0.000, 0.025
6, 41, 0.000, 0.026
6, 42, 0.000, 0.026
6, 43, 0.000, 0.026
6, 44, 0.000, 0.026
6, 45, 0.000, 0.027
6, 46, 0.000, 0.027
6, 47, 0.000, 0.032
6, 48, 0.000, 0.026
6, 49, 0.000, 0.026
6, 50, 0.000, 0.026
6, 51, 0.000, 105.270
6, 52, 0.000, 0.026
6, 53, 0.000, 0.026
6, 54, 0.000, 0.025
6, 55, 0.000, 0.025
6, 56, 0.000, 0.025
6, 57, 0.000, 0.026
6, 58, 0.000, 0.025
6, 59, 0.000, 0.025
6, 60, 0.000, 0.026
6, 61, 0.000, 0.025
6, 62, 0.000, 0.025
6, 63, 0.000, 0.026
6, 64, 0.000, 0.025
6, 65, 0.000, 0.025
6, 66, 0.000, 0.025
6, 67, 0.000, 0.026
6, 68, 0.000, 0.026
6, 69, 0.000, 0.026
6, 70, 0.000, 0.025
6, 71, 0.000, 0.026
6, 72, 0.000, 0.025
6, 73, 0.000, 0.026
6, 74, 0.000, 0.026
6, 75, 0.000, 0.026
6, 76, 0.000, 0.026
6, 77, 0.000, 0.026
6, 78, 0.000, 0.026
6, 79, 0.000, 0.026
6, 80, 0.000, 105.384
6, 81, 0.000, 0.026
6, 82, 0.000, 0.026
6, 83, 0.000, 0.026
6, 84, 0.000, 0.026
6, 85, 0.000, 0.026
6, 86, 0.000, 0.032
6, 87, 0.000, 0.026
6, 88, 0.000, 0.026
6, 89, 0.000, 0.026
6, 90, 0.000, 0.032
6, 91, 0.000, 0.026
6, 92, 0.000, 0.026
6, 93, 0.000, 0.026
6, 94, 0.000, 0.026
6, 95, 0.000, 0.026
6, 96, 0.000, 0.026
6, 97, 0.000, 0.025
6, 98, 0.000, 0.026
6, 99, 0.000, 0.026
6, 100, 0.000, 0.026
7, 0, 28.053, 0.001
7, 1, 15.850, 0.033
7, 2, 12.202, 16.742
7, 3, 12.202, 0.025
7, 4, 0.000, 0.025
7, 5, 0.000, 0.032
7, 6, 0.000, 0.025
7, 7, 0.000, 15.308
7, 8, 0.000, 0.025
7, 9, 0.000, 77.986
7, 10, 0.000, 0.026
7, 11, 0.000, 138.776
7, 12, 0.000, 0.026
7, 13, 0.000, 0.026
7, 14, 0.000, 0.025
7, 15, 0.000, 0.026
7, 16, 0.000, 0.026
7, 17, 0.000, 35.955
7, 18, 0.000, 0.025
7, 19, 0.000, 0.025
7, 20, 0.000, 0.026
7, 21, 0.000, 0.026
7, 22, 0.000, 0.026
7, 23, 0.000, 0.026
7, 24, 0.000, 0.026
7, 25, 0.000, 0.026
7, 26, 0.000, 0.026
7, 27, 0.000, 0.026
7, 28, 0.000, 209.714
7, 29, 0.000, 0.027
7, 30, 0.000, 0.026
7, 31, 0.000, 0.027
7, 32, 0.000, 0.026
7, 33, 0.000, 0.026
7, 34, 0.000, 0.026
7, 35, 0.000, 0.026
7, 36, 0.000, 0.026
7, 37, 0.000, 0.026
7, 38, 0.000, 0.026
7, 39, 0.000, 0.026
7, 40, 0.000, 0.026
7, 41, 0.000, 0.026
7, 42, 0.000, 0.025
7, 43, 0.000, 0.026
7, 44, 0.000, 0.025
7, 45, 0.000, 0.025
7, 46, 0.000, 0.026
7, 47, 0.000, 59.366
7, 48, 0.000, 0.026
7, 49, 0.000, 0.026
7, 50, 0.000, 0.026
7, 51, 0.000, 0.026
7, 52, 0.000, 0.026
7, 53, 0.000, 0.026
7, 54, 0.000, 0.026
7, 55, 0.000, 0.026
7, 56, 0.000, 0.026
7, 57, 0.000, 0.026
7, 58, 0.000, 0.025
7, 59, 0.000, 0.026
7, 60, 0.000, 0.026
7, 61, 0.000, 0.026
7, 62, 0.000, 0.026
7, 63, 0.000, 0.026
7, 64, 0.000, 0.026
7, 65, 0.000, 0.026
7, 66, 0.000, 0.026
7, 67, 0.000, 0.026
7, 68, 0.000, 0.026
7, 69, 0.000, 0.026
7, 70, 0.000, 0.025
7, 71, 0.000, 0.026
7, 72, 0.000, 0.026
7, 73, 0.000, 0.026
7, 74, 0.000, 0.025
7, 75, 0.000, 0.025
7, 76, 0.000, 0.026
7, 77, 0.000, 0.026
7, 78, 0.000, 0.026
7, 79, 0.000, 0.026
7, 80, 0.000, 51.268
7, 81, 0.000, 0.026
7, 82, 0.000, 0.025
7, 83, 0.000, 0.025
7, 84, 0.000, 0.025
7, 85, 0.000, 0.026
7, 86, 0.000, 0.026
7, 87, 0.000, 0.025
7, 88, 0.000, 0.025
7, 89, 0.000, 0.026
7, 90, 0.000, 0.026
7, 91, 0.000, 0.026
7, 92, 0.000, 0.025
7, 93, 0.000, 0.026
7, 94, 0.000, 0.026
7, 95, 0.000, 0.026
7, 96, 0.000, 0.026
7, 97, 0.000, 0.026
7, 98, 0.000, 0.025
7, 99, 0.000, 0.025
7, 100, 0.000, 0.026
8, 0, 56.714, 0.001
8, 1, 23.672, 0.026
8, 2, 23.672, 0.026
8, 3, 23.672, 0.033
8, 4, 23.672, 14.635
8, 5, 23.672, 0.025
8, 6, 23.672, 0.032
8, 7, 23.672, 0.025
8, 8, 0.000, 61.775
8, 9, 0.000, 0.029
8, 10, 0.000, 115.583
8, 11, 0.000, 0.025
8, 12, 0.000, 0.025
8, 13, 0.000, 0.025
8, 14, 0.000, 0.026
8, 15, 0.000, 0.025
8, 16, 0.000, 0.025
8, 17, 0.000, 0.026
8, 18, 0.000, 0.026
8, 19, 0.000, 39.709
8, 20, 0.000, 0.030
8, 21, 0.000, 0.028
8, 22, 0.000, 0.025
8, 23, 0.000, 0.027
8, 24, 0.000, 0.025
8, 25, 0.000, 0.027
8, 26, 0.000, 0.026
8, 27, 0.000, 0.028
8, 28, 0.000, 0.027
8, 29, 0.000, 0.026
8, 30, 0.000, 0.026
8, 31, 0.000, 0.026
8, 32, 0.000, 0.026
8, 33, 0.000, 0.026
8, 34, 0.000, 0.026
8, 35, 0.000, 0.026
8, 36, 0.000, 0.026
8, 37, 0.000, 0.027
8, 38, 0.000, 0.026
8, 39, 0.000, 0.027
8, 40, 0.000, 0.033
8, 41, 0.000, 0.026
8, 42, 0.000, 0.026
8, 43, 0.000, 0.026
8, 44, 0.000, 28.910
8, 45, 0.000, 0.025
8, 46, 0.000, 0.026
8, 47, 0.000, 0.026
8, 48, 0.000, 0.026
8, 49, 0.000, 0.026
8, 50, 0.000, 0.026
8, 51, 0.000, 0.025
8, 52, 0.000, 0.026
8, 53, 0.000, 0.025
8, 54, 0.000, 0.026
8, 55, 0.000, 0.026
8, 56, 0.000, 0.026
8, 57, 0.000, 0.025
8, 58, 0.000, 0.026
8, 59, 0.000, 0.026
8, 60, 0.000, 0.026
8, 61, 0.000, 0.026
8, 62, 0.000, 0.026
8, 63, 0.000, 1033.380
8, 64, 0.000, 0.025
8, 65, 0.000, 0.025
8, 66, 0.000, 0.026
8, 67, 0.000, 0.026
8, 68, 0.000, 0.025
8, 69, 0.000, 0.026
8, 70, 0.000, 0.025
8, 71, 0.000, 0.032
8, 72, 0.000, 0.025
8, 73, 0.000, 0.026
8, 74, 0.000, 0.026
8, 75, 0.000, 0.026
8, 76, 0.000, 0.026
8, 77, 0.000, 0.025
8, 78, 0.000, 0.026
8, 79, 0.000, 0.025
8, 80, 0.000, 0.026
8, 81, 0.000, 114.842
8, 82, 0.000, 0.031
8, 83, 0.000, 0.026
8, 84, 0.000, 0.025
8, 85, 0.000, 0.026
8, 86, 0.000, 0.025
8, 87, 0.000, 0.026
8, 88, 0.000, 0.025
8, 89, 0.000, 0.026
8, 90, 0.000, 0.026
8, 91, 0.000, 0.025
8, 92, 0.000, 0.025
8, 93, 0.000, 0.026
8, 94, 0.000, 0.026
8, 95, 0.000, 0.025
8, 96, 0.000, 0.025
8, 97, 0.000, 0.025
8, 98, 0.000, 0.025
8, 99, 0.000, 0.025
8, 100, 0.000, 0.026
9, 0, 0.000, 0.001
9, 1, 0.000, 0.034
9, 2, 0.000, 16.787
9, 3, 0.000, 0.026
9, 4, 0.000, 0.026
9, 5, 0.000, 0.032
9, 6, 0.000, 0.026
9, 7, 0.000, 77.011
9, 8, 0.000, 0.027
9, 9, 0.000, 0.035
9, 10, 0.000, 104.749
9, 11, 0.000, 0.031
9, 12, 0.000, 0.026
9, 13, 0.000, 0.026
9, 14, 0.000, 0.025
9, 15, 0.000, 177.305
9, 16, 0.000, 0.026
9, 17, 0.000, 0.026
9, 18, 0.000, 0.026
9, 19, 0.000, 0.026
9, 20, 0.000, 0.025
9, 21, 0.000, 0.026
9, 22, 0.000, 0.026
9, 23, 0.000, 0.026
9, 24, 0.000, 160.574
9, 25, 0.000, 0.025
9, 26, 0.000, 0.026
9, 27, 0.000, 0.026
9, 28, 0.000, 0.025
9, 29, 0.000, 0.026
9, 30, 0.000, 0.026
9, 31, 0.000, 0.026
9, 32, 0.000, 0.026
9, 33, 0.000, 0.026
9, 34, 0.000, 0.026
9, 35, 0.000, 0.025
9, 36, 0.000, 0.026
9, 37, 0.000, 0.026
9, 38, 0.000, 48.622
9, 39, 0.000, 0.026
9, 40, 0.000, 0.025
9, 41, 0.000, 0.025
9, 42, 0.000, 0.026
9, 43, 0.000, 0.026
9, 44, 0.000, 0.027
9, 45, 0.000, 0.026
9, 46, 0.000, 0.026
9, 47, 0.000, 0.026
9, 48, 0.000, 0.026
9, 49, 0.000, 0.026
9, 50, 0.000, 0.026
9, 51, 0.000, 0.026
9, 52, 0.000, 0.026
9, 53, 0.000, 0.026
9, 54, 0.000, 0.026
9, 55, 0.000, 0.026
9, 56, 0.000, 0.026
9, 57, 0.000, 0.026
9, 58, 0.000, 0.026
9, 59, 0.000, 0.026
9, 60, 0.000, 0.026
9, 61, 0.000, 0.026
9, 62, 0.000, 0.026
9, 63, 0.000, 0.026
9, 64, 0.000, 0.026
9, 65, 0.000, 0.025
9, 66, 0.000, 0.026
9, 67, 0.000, 0.026
9, 68, 0.000, 0.026
9, 69, 0.000, 0.026
9, 70, 0.000, 0.026
9, 71, 0.000, 0.026
9, 72, 0.000, 46.053
9, 73, 0.000, 0.031
9, 74, 0.000, 0.027
9, 75, 0.000, 0.027
9, 76, 0.000, 0.027
9, 77, 0.000, 0.028
9, 78, 0.000, 0.027
9, 79, 0.000, 0.026
9, 80, 0.000, 0.026
9, 81, 0.000, 0.026
9, 82, 0.000, 0.026
9, 83, 0.000, 0.026
9, 84, 0.000, 0.026
9, 85, 0.000, 0.026
9, 86, 0.000, 0.026
9, 87, 0.000, 0.025
9, 88, 0.000, 0.026
9, 89, 0.000, 0.026
9, 90, 0.000, 0.026
9, 91, 0.000, 0.026
9, 92, 0.000, 0.026
9, 93, 0.000, 0.026
9, 94, 0.000, 0.025
9, 95, 0.000, 0.026
9, 96, 0.000, 0.026
9, 97, 0.000, 0.026
9, 98, 0.000, 0.025
9, 99, 0.000, 0.026
9, 100, 0.000, 0.026
10, 0, 0.000, 0.001
10, 1, 23.773, 0.033
10, 2, 23.773, 0.026
10, 3, 0.000, 23.195
10, 4, 0.000, 0.025
10, 5, 0.000, 0.033
10, 6, 0.000, 0.025
10, 7, 0.000, 0.026
10, 8, 0.000, 0.025
10, 9, 0.000, 0.025
10, 10, 0.000, 0.026
10, 11, 0.000, 0.025
10, 12, 0.000, 0.026
10, 13, 0.000, 0.025
10, 14, 0.000, 3.812
10, 15, 0.000, 0.026
10, 16, 0.000, 0.026
10, 17, 0.000, 0.026
10, 18, 0.000, 0.032
10, 19, 0.000, 211.995
10, 20, 0.000, 0.025
10, 21, 0.000, 0.041
10, 22, 0.000, 0.026
10, 23, 0.000, 0.026
10, 24, 0.000, 0.025
10, 25, 0.000, 0.026
10, 26, 0.000, 0.026
10, 27, 0.000, 35.813
10, 28, 0.000, 0.028
10, 29, 0.000, 0.026
10, 30, 0.000, 0.026
10, 31, 0.000, 0.026
10, 32, 0.000, 0.027
10, 33, 0.000, 0.026
10, 34, 0.000, 0.026
10, 35, 0.000, 0.026
10, 36, 0.000, 0.026
10, 37, 0.000, 0.026
10, 38, 0.000, 523.934
10, 39, 0.000, 0.025
10, 40, 0.000, 0.025
10, 41, 0.000, 0.025
10, 42, 0.000, 0.026
10, 43, 0.000, 0.026
10, 44, 0.000, 0.026
10, 45, 0.000, 0.026
10, 46, 0.000, 0.026
10, 47, 0.000, 0.026
10, 48, 0.000, 0.026
10, 49, 0.000, 0.026
10, 50, 0.000, 0.026
10, 51, 0.000, 0.025
10, 52, 0.000, 0.026
10, 53, 0.000, 0.026
10, 54, 0.000, 0.027
10, 55, 0.000, 0.026
10, 56, 0.000, 0.026
10, 57, 0.000, 0.026
10, 58, 0.000, 151.884
10, 59, 0.000, 0.025
10, 60, 0.000, 0.027
10, 61, 0.000, 0.026
10, 62, 0.000, 0.026
10, 63, 0.000, 0.025
10, 64, 0.000, 0.025
10, 65, 0.000, 0.025
10, 66, 0.000, 0.026
10, 67, 0.000, 0.026
10, 68, 0.000, 0.026
10, 69, 0.000, 0.026
10, 70, 0.000, 0.028
10, 71, 0.000, 0.027
10, 72, 0.000, 0.026
10, 73, 0.000, 0.026
10, 74, 0.000, 0.026
10, 75, 0.000, 0.026
10, 76, 0.000, 0.025
10, 77, 0.000, 0.026
10, 78, 0.000, 0.026
10, 79, 0.000, 0.026
10, 80, 0.000, 0.026
10, 81, 0.000, 0.025
10, 82, 0.000, 0.025
10, 83, 0.000, 0.025
10, 84, 0.000, 0.025
10, 85, 0.000, 0.025
10, 86, 0.000, 0.025
10, 87, 0.000, 0.026
10, 88, 0.000, 0.026
10, 89, 0.000, 0.025
10, 90, 0.000, 0.025
10, 91, 0.000, 0.025
10, 92, 0.000, 0.025
10, 93, 0.000, 122.870
10, 94, 0.000, 0.027
10, 95, 0.000, 0.026
10, 96, 0.000, 0.025
10, 97, 0.000, 0.025
10, 98, 0.000, 0.026
10, 99, 0.000, 0.026
10, 100, 0.000, 0.026
11, 0, 33.689, 0.001
11, 1, 20.989, 0.026
11, 2, 20.989, 0.026
11, 3, 0.000, 18.827
11, 4, 0.000, 0.028
11, 5, 0.000, 0.027
11, 6, 0.000, 0.025
11, 7, 0.000, 0.025
11, 8, 0.000, 0.025
11, 9, 0.000, 0.026
11, 10, 0.000, 107.312
11, 11, 0.000, 0.030
11, 12, 0.000, 0.025
11, 13, 0.000, 0.026
11, 14, 0.000, 0.026
11, 15, 0.000, 0.025
11, 16, 0.000, 0.027
11, 17, 0.000, 25.258
11, 18, 0.000, 0.033
11, 19, 0.000, 0.027
11, 20, 0.000, 0.025
11, 21, 0.000, 0.025
11, 22, 0.000, 0.026
11, 23, 0.000, 0.026
11, 24, 0.000, 0.026
11, 25, 0.000, 0.026
11, 26, 0.000, 0.026
11, 27, 0.000, 0.025
11, 28, 0.000, 0.026
11, 29, 0.000, 387.412
11, 30, 0.000, 0.025
11, 31, 0.000, 0.026
11, 32, 0.000, 0.026
11, 33, 0.000, 0.033
11, 34, 0.000, 0.026
11, 35, 0.000, 0.026
11, 36, 0.000, 0.026
11, 37, 0.000, 0.025
11, 38, 0.000, 0.026
11, 39, 0.000, 0.026
11, 40, 0.000, 0.026
11, 41, 0.000, 0.025
11, 42, 0.000, 173.747
11, 43, 0.000, 0.027
11, 44, 0.000, 0.026
11, 45, 0.000, 0.026
11, 46, 0.000, 0.033
11, 47, 0.000, 0.033
11, 48, 0.000, 0.025
11, 49, 0.000, 0.025
11, 50, 0.000, 0.025
11, 51, 0.000, 0.025
11, 52, 0.000, 0.026
11, 53, 0.000, 0.027
11, 54, 0.000, 0.026
11, 55, 0.000, 0.026
11, 56, 0.000, 0.026
11, 57, 0.000, 0.026
11, 58, 0.000, 0.026
11, 59, 0.000, 0.025
11, 60, 0.000, 0.025
11, 61, 0.000, 0.026
11, 62, 0.000, 0.026
11, 63, 0.000, 0.026
11, 64, 0.000, 0.025
11, 65, 0.000, 0.026
11, 66, 0.000, 0.026
11, 67, 0.000, 0.026
11, 68, 0.000, 0.025
11, 69, 0.000, 0.025
11, 70, 0.000, 65.123
11, 71, 0.000, 0.025
11, 72, 0.000, 0.025
11, 73, 0.000, 0.025
11, 74, 0.000, 0.025
11, 75, 0.000, 0.025
11, 76, 0.000, 0.025
11, 77, 0.000, 0.026
11, 78, 0.000, 0.025
11, 79, 0.000, 0.026
11, 80, 0.000, 0.026
11, 81, 0.000, 0.026
11, 82, 0.000, 0.027
11, 83, 0.000, 0.026
11, 84, 0.000, 0.026
11, 85, 0.000, 0.027
11, 86, 0.000, 0.032
11, 87, 0.000, 0.026
11, 88, 0.000, 0.026
11, 89, 0.000, 0.026
11, 90, 0.000, 0.026
11, 91, 0.000, 0.027
11, 92, 0.000, 0.027
11, 93, 0.000, 0.027
11, 94, 0.000, 0.026
11, 95, 0.000, 0.026
11, 96, 0.000, 0.026
11, 97, 0.000, 0.026
11, 98, 0.000, 0.026
11, 99, 0.000, 0.026
11, 100, 0.000, 0.025
12, 0, 22.812, 0.001
12, 1, 0.000, 0.026
12, 2, 0.000, 0.034
12, 3, 0.000, 0.026
12, 4, 0.000, 11.533
12, 5, 0.000, 0.032
12, 6, 0.000, 0.025
12, 7, 0.000, 0.026
12, 8, 0.000, 0.025
12, 9, 0.000, 3.208
12, 10, 0.000, 104.587
12, 11, 0.000, 0.025
12, 12, 0.000, 0.025
12, 13, 0.000, 0.026
12, 14, 0.000, 0.025
12, 15, 0.000, 0.025
12, 16, 0.000, 0.025
12, 17, 0.000, 0.026
12, 18, 0.000, 0.026
12, 19, 0.000, 0.025
12, 20, 0.000, 0.025
12, 21, 0.000, 48.386
12, 22, 0.000, 0.028
12, 23, 0.000, 0.026
12, 24, 0.000, 0.027
12, 25, 0.000, 0.026
12, 26, 0.000, 0.025
12, 27, 0.000, 0.026
12, 28, 0.000, 0.026
12, 29, 0.000, 0.026
12, 30, 0.000, 0.026
12, 31, 0.000, 0.026
12, 32, 0.000, 0.025
12, 33, 0.000, 0.026
12, 34, 0.000, 0.025
12, 35, 0.000, 0.025
12, 36, 0.000, 0.026
12, 37, 0.000, 0.026
12, 38, 0.000, 0.025
12, 39, 0.000, 0.026
12, 40, 0.000, 0.026
12, 41, 0.000, 0.027
12, 42, 0.000, 0.026
12, 43, 0.000, 0.026
12, 44, 0.000, 0.026
12, 45, 0.000, 0.027
12, 46, 0.000, 0.026
12, 47, 0.000, 0.026
12, 48, 0.000, 0.025
12, 49, 0.000, 0.026
12, 50, 0.000, 38.146
12, 51, 0.000, 0.026
12, 52, 0.000, 0.025
12, 53, 0.000, 0.025
12, 54, 0.000, 0.026
12, 55, 0.000, 0.026
12, 56, 0.000, 875.749
12, 57, 0.000, 0.025
12, 58, 0.000, 0.025
12, 59, 0.000, 0.026
12, 60, 0.000, 0.026
12, 61, 0.000, 0.026
12, 62, 0.000, 0.026
12, 63, 0.000, 0.026
12, 64, 0.000, 0.026
12, 65, 0.000, 0.026
12, 66, 0.000, 0.032
12, 67, 0.000, 0.025
12, 68, 0.000, 0.026
12, 69, 0.000, 0.026
12, 70, 0.000, 0.025
12, 71, 0.000, 0.025
12, 72, 0.000, 0.026
12, 73, 0.000, 0.025
12, 74, 0.000, 0.026
12, 75, 0.000, 0.025
12, 76, 0.000, 0.026
12, 77, 0.000, 0.025
12, 78, 0.000, 0.025
12, 79, 0.000, 0.025
12, 80, 0.000, 0.026
12, 81, 0.000, 0.026
12, 82, 0.000, 0.026
12, 83, 0.000, 0.026
12, 84, 0.000, 0.026
12, 85, 0.000, 0.026
12, 86, 0.000, 0.025
12, 87, 0.000, 0.025
12, 88, 0.000, 0.026
12, 89, 0.000, 0.026
12, 90, 0.000, 0.026
12, 91, 0.000, 0.026
12, 92, 0.000, 0.026
12, 93, 0.000, 49.940
12, 94, 0.000, 0.028
12, 95, 0.000, 0.026
12, 96, 0.000, 0.026
12, 97, 0.000, 0.027
12, 98, 0.000, 0.026
12, 99, 0.000, 0.026
12, 100, 0.000, 0.025
13, 0, 48.351, 0.001
13, 1, 0.000, 0.026
13, 2, 0.000, 0.026
13, 3, 0.000, 0.033
13, 4, 0.000, 12.465
13, 5, 0.000, 0.025
13, 6, 0.000, 0.033
13, 7, 0.000, 0.025
13, 8, 0.000, 74.476
13, 9, 0.000, 0.027
13, 10, 0.000, 0.026
13, 11, 0.000, 0.027
13, 12, 0.000, 114.722
13, 13, 0.000, 0.025
13, 14, 0.000, 0.025
13, 15, 0.000, 0.026
13, 16, 0.000, 0.026
13, 17, 0.000, 0.026
13, 18, 0.000, 0.025
13, 19, 0.000, 0.026
13, 20, 0.000, 222.097
13, 21, 0.000, 0.027
13, 22, 0.000, 0.026
13, 23, 0.000, 0.026
13, 24, 0.000, 0.027
13, 25, 0.000, 0.026
13, 26, 0.000, 0.026
13, 27, 0.000, 0.031
13, 28, 0.000, 0.034
13, 29, 0.000, 0.026
13, 30, 0.000, 0.026
13, 31, 0.000, 0.026
13, 32, 0.000, 0.025
13, 33, 0.000, 0.026
13, 34, 0.000, 0.026
13, 35, 0.000, 0.025
13, 36, 0.000, 0.025
13, 37, 0.000, 0.026
13, 38, 0.000, 0.026
13, 39, 0.000, 0.026
13, 40, 0.000, 35.648
13, 41, 0.000, 0.032
13, 42, 0.000, 0.027
13, 43, 0.000, 0.026
13, 44, 0.000, 0.026
13, 45, 0.000, 0.026
13, 46, 0.000, 0.025
13, 47, 0.000, 0.026
13, 48, 0.000, 0.026
13, 49, 0.000, 0.026
13, 50, 0.000, 0.026
13, 51, 0.000, 0.026
13, 52, 0.000, 0.025
13, 53, 0.000, 0.026
13, 54, 0.000, 0.026
13, 55, 0.000, 0.026
13, 56, 0.000, 0.026
13, 57, 0.000, 0.026
13, 58, 0.000, 0.027
13, 59, 0.000, 0.026
13, 60, 0.000, 0.025
13, 61, 0.000, 0.026
13, 62, 0.000, 0.026
13, 63, 0.000, 0.026
13, 64, 0.000, 0.026
13, 65, 0.000, 0.025
13, 66, 0.000, 0.025
13, 67, 0.000, 0.025
13, 68, 0.000, 0.026
13, 69, 0.000, 0.027
13, 70, 0.000, 0.027
13, 71, 0.000, 0.026
13, 72, 0.000, 0.026
13, 73, 0.000, 0.026
13, 74, 0.000, 0.026
13, 75, 0.000, 0.026
13, 76, 0.000, 0.026
13, 77, 0.000, 0.026
13, 78, 0.000, 0.025
13, 79, 0.000, 0.026
13, 80, 0.000, 0.026
13, 81, 0.000, 0.026
13, 82, 0.000, 0.026
13, 83, 0.000, 0.026
13, 84, 0.000, 0.025
13, 85, 0.000, 0.026
13, 86, 0.000, 0.026
13, 87, 0.000, 0.026
13, 88, 0.000, 0.025
13, 89, 0.000, 0.026
13, 90, 0.000, 0.025
13, 91, 0.000, 0.026
13, 92, 0.000, 0.026
13, 93, 0.000, 0.026
13, 94, 0.000, 0.026
13, 95, 0.000, 0.026
13, 96, 0.000, 0.026
13, 97, 0.000, 0.026
13, 98, 0.000, 0.026
13, 99, 0.000, 0.026
13, 100, 0.000, 0.032
14, 0, 66.600, 0.001
14, 1, 32.522, 0.026
14, 2, 32.522, 0.026
14, 3, 32.522, 7.883
14, 4, 32.522, 0.030
14, 5, 0.000, 0.026
14, 6, 0.000, 8.996
14, 7, 0.000, 0.026
14, 8, 0.000, 0.025
14, 9, 0.000, 0.026
14, 10, 0.000, 0.025
14, 11, 0.000, 0.025
14, 12, 0.000, 0.026
14, 13, 0.000, 140.621
14, 14, 0.000, 0.027
14, 15, 0.000, 0.025
14, 16, 0.000, 0.025
14, 17, 0.000, 0.025
14, 18, 0.000, 0.025
14, 19, 0.000, 0.026
14, 20, 0.000, 0.026
14, 21, 0.000, 0.025
14, 22, 0.000, 51.661
14, 23, 0.000, 0.028
14, 24, 0.000, 0.026
14, 25, 0.000, 0.025
14, 26, 0.000, 0.025
14, 27, 0.000, 0.026
14, 28, 0.000, 0.026
14, 29, 0.000, 0.026
14, 30, 0.000, 0.026
14, 31, 0.000, 0.025
14, 32, 0.000, 0.025
14, 33, 0.000, 0.025
14, 34, 0.000, 0.026
14, 35, 0.000, 0.026
14, 36, 0.000, 0.026
14, 37, 0.000, 0.026
14, 38, 0.000, 0.025
14, 39, 0.000, 0.025
14, 40, 0.000, 0.025
14, 41, 0.000, 0.026
14, 42, 0.000, 0.026
14, 43, 0.000, 0.026
14, 44, 0.000, 0.025
14, 45, 0.000, 0.026
14, 46, 0.000, 0.026
14, 47, 0.000, 712.808
14, 48, 0.000, 0.025
14, 49, 0.000, 0.026
14, 50, 0.000, 0.026
14, 51, 0.000, 0.025
14, 52, 0.000, 0.025
14, 53, 0.000, 0.025
14, 54, 0.000, 0.025
14, 55, 0.000, 0.026
14, 56, 0.000, 0.025
14, 57, 0.000, 0.026
14, 58, 0.000, 0.026
14, 59, 0.000, 0.026
14, 60, 0.000, 76.683
14, 61, 0.000, 0.027
14, 62, 0.000, 0.026
14, 63, 0.000, 0.025
14, 64, 0.000, 0.025
14, 65, 0.000, 0.027
14, 66, 0.000, 0.026
14, 67, 0.000, 0.026
14, 68, 0.000, 0.026
14, 69, 0.000, 0.026
14, 70, 0.000, 0.025
14, 71, 0.000, 0.026
14, 72, 0.000, 0.026
14, 73, 0.000, 0.026
14, 74, 0.000, 0.026
14, 75, 0.000, 0.026
14, 76, 0.000, 0.025
14, 77, 0.000, 0.026
14, 78, 0.000, 0.026
14, 79, 0.000, 0.026
14, 80, 0.000, 0.025
14, 81, 0.000, 0.025
14, 82, 0.000, 0.025
14, 83, 0.000, 0.026
14, 84, 0.000, 0.026
14, 85, 0.000, 0.026
14, 86, 0.000, 0.026
14, 87, 0.000, 0.026
14, 88, 0.000, 0.025
14, 89, 0.000, 0.026
14, 90, 0.000, 0.025
14, 91, 0.000, 0.026
14, 92, 0.000, 0.026
14, 93, 0.000, 0.026
14, 94, 0.000, 0.026
14, 95, 0.000, 0.026
14, 96, 0.000, 0.025
14, 97, 0.000, 0.026
14, 98, 0.000, 0.026
14, 99, 0.000, 0.026
14, 100, 0.000, 0.026
15, 0, 52.237, 0.001
15, 1, 52.237, 0.026
15, 2, 0.000, 14.120
15, 3, 0.000, 28.332
15, 4, 0.000, 0.025
15, 5, 0.000, 0.026
15, 6, 0.000, 27.936
15, 7, 0.000, 0.028
15, 8, 0.000, 0.025
15, 9, 0.000, 100.060
15, 10, 0.000, 0.025
15, 11, 0.000, 0.026
15, 12, 0.000, 0.025
15, 13, 0.000, 0.026
15, 14, 0.000, 0.027
15, 15, 0.000, 0.026
15, 16, 0.000, 0.026
15, 17, 0.000, 0.026
15, 18, 0.000, 0.027
15, 19, 0.000, 232.316
15, 20, 0.000, 0.026
15, 21, 0.000, 0.026
15, 22, 0.000, 0.026
15, 23, 0.000, 0.026
15, 24, 0.000, 0.026
15, 25, 0.000, 0.026
15, 26, 0.000, 0.026
15, 27, 0.000, 42.076
15, 28, 0.000, 0.027
15, 29, 0.000, 0.026
15, 30, 0.000, 0.026
15, 31, 0.000, 0.025
15, 32, 0.000, 0.026
15, 33, 0.000, 0.026
15, 34, 0.000, 0.026
15, 35, 0.000, 0.026
15, 36, 0.000, 0.026
15, 37, 0.000, 0.026
15, 38, 0.000, 0.033
15, 39, 0.000, 0.027
15, 40, 0.000, 0.026
15, 41, 0.000, 0.026
15, 42, 0.000, 0.025
15, 43, 0.000, 0.026
15, 44, 0.000, 0.026
15, 45, 0.000, 0.026
15, 46, 0.000, 0.026
15, 47, 0.000, 0.025
15, 48, 0.000, 0.026
15, 49, 0.000, 0.026
15, 50, 0.000, 268.858
15, 51, 0.000, 0.033
15, 52, 0.000, 0.028
15, 53, 0.000, 0.028
15, 54, 0.000, 0.026
15, 55, 0.000, 0.029
15, 56, 0.000, 0.027
15, 57, 0.000, 0.026
15, 58, 0.000, 0.026
15, 59, 0.000, 0.026
15, 60, 0.000, 0.027
15, 61, 0.000, 0.026
15, 62, 0.000, 0.028
15, 63, 0.000, 0.028
15, 64, 0.000, 0.028
15, 65, 0.000, 0.027
15, 66, 0.000, 0.026
15, 67, 0.000, 0.032
15, 68, 0.000, 0.025
15, 69, 0.000, 0.026
15, 70, 0.000, 0.025
15, 71, 0.000, 0.025
15, 72, 0.000, 0.025
15, 73, 0.000, 0.026
15, 74, 0.000, 0.026
15, 75, 0.000, 0.026
15, 76, 0.000, 0.026
15, 77, 0.000, 0.027
15, 78, 0.000, 0.027
15, 79, 0.000, 90.822
15, 80, 0.000, 0.026
15, 81, 0.000, 0.026
15, 82, 0.000, 0.026
15, 83, 0.000, 0.026
15, 84, 0.000, 0.025
15, 85, 0.000, 0.026
15, 86, 0.000, 0.026
15, 87, 0.000, 0.026
15, 88, 0.000, 0.025
15, 89, 0.000, 0.026
15, 90, 0.000, 0.026
15, 91, 0.000, 0.026
15, 92, 0.000, 0.026
15, 93, 0.000, 0.026
15, 94, 0.000, 0.025
15, 95, 0.000, 0.026
15, 96, 0.000, 0.026
15, 97, 0.000, 0.026
15, 98, 0.000, 0.025
15, 99, 0.000, 0.026
15, 100, 0.000, 0.026
16, 0, 0.000, 0.001
16, 1, 0.000, 0.026
16, 2, 0.000, 0.034
16, 3, 0.000, 23.717
16, 4, 0.000, 0.026
16, 5, 0.000, 41.647
16, 6, 0.000, 69.249
16, 7, 0.000, 0.025
16, 8, 0.000, 76.512
16, 9, 0.000, 129.827
16, 10, 0.000, 0.025
16, 11, 0.000, 0.026
16, 12, 0.000, 0.026
16, 13, 0.000, 0.032
16, 14, 0.000, 23.950
16, 15, 0.000, 0.027
16, 16, 0.000, 0.026
16, 17, 0.000, 0.026
16, 18, 0.000, 0.026
16, 19, 0.000, 0.026
16, 20, 0.000, 0.026
16, 21, 0.000, 0.026
16, 22, 0.000, 0.026
16, 23, 0.000, 0.032
16, 24, 0.000, 166.499
16, 25, 0.000, 0.034
16, 26, 0.000, 0.026
16, 27, 0.000, 0.027
16, 28, 0.000, 0.025
16, 29, 0.000, 0.026
16, 30, 0.000, 0.025
16, 31, 0.000, 0.025
16, 32, 0.000, 0.026
16, 33, 0.000, 0.032
16, 34, 0.000, 0.026
16, 35, 0.000, 0.026
16, 36, 0.000, 0.026
16, 37, 0.000, 0.026
16, 38, 0.000, 35.737
16, 39, 0.000, 0.028
16, 40, 0.000, 0.025
16, 41, 0.000, 0.026
16, 42, 0.000, 0.026
16, 43, 0.000, 0.026
16, 44, 0.000, 0.026
16, 45, 0.000, 0.026
16, 46, 0.000, 0.026
16, 47, 0.000, 0.025
16, 48, 0.000, 0.026
16, 49, 0.000, 0.033
16, 50, 0.000, 0.026
16, 51, 0.000, 0.025
16, 52, 0.000, 291.734
16, 53, 0.000, 0.026
16, 54, 0.000, 0.026
16, 55, 0.000, 0.025
16, 56, 0.000, 0.025
16, 57, 0.000, 0.025
16, 58, 0.000, 0.026
16, 59, 0.000, 0.025
16, 60, 0.000, 0.025
16, 61, 0.000, 0.026
16, 62, 0.000, 0.033
16, 63, 0.000, 0.026
16, 64, 0.000, 0.026
16, 65, 0.000, 0.025
16, 66, 0.000, 0.026
16, 67, 0.000, 0.026
16, 68, 0.000, 0.025
16, 69, 0.000, 0.026
16, 70, 0.000, 0.026
16, 71, 0.000, 252.383
16, 72, 0.000, 0.025
16, 73, 0.000, 0.026
16, 74, 0.000, 0.025
16, 75, 0.000, 0.026
16, 76, 0.000, 0.026
16, 77, 0.000, 0.026
16, 78, 0.000, 0.025
16, 79, 0.000, 0.025
16, 80, 0.000, 0.026
16, 81, 0.000, 0.026
16, 82, 0.000, 0.025
16, 83, 0.000, 0.025
16, 84, 0.000, 0.025
16, 85, 0.000, 0.026
16, 86, 0.000, 0.026
16, 87, 0.000, 0.025
16, 88, 0.000, 0.025
16, 89, 0.000, 0.026
16, 90, 0.000, 0.026
16, 91, 0.000, 0.026
16, 92, 0.000, 0.025
16, 93, 0.000, 0.026
16, 94, 0.000, 0.025
16, 95, 0.000, 0.026
16, 96, 0.000, 0.026
16, 97, 0.000, 0.026
16, 98, 0.000, 0.025
16, 99, 0.000, 969.048
16, 100, 0.000, 0.034
17, 0, 29.009, 0.001
17, 1, 58.797, 0.033
17, 2, 29.788, 16.537
17, 3, 29.009, 0.025
17, 4, 0.000, 27.572
17, 5, 0.000, 0.025
17, 6, 0.000, 0.026
17, 7, 0.000, 0.025
17, 8, 0.000, 0.025
17, 9, 0.000, 0.025
17, 10, 0.000, 0.026
17, 11, 0.000, 0.025
17, 12, 0.000, 0.025
17, 13, 0.000, 0.025
17, 14, 0.000, 0.026
17, 15, 0.000, 0.026
17, 16, 0.000, 0.026
17, 17, 0.000, 0.026
17, 18, 0.000, 223.761
17, 19, 0.000, 0.028
17, 20, 0.000, 0.026
17, 21, 0.000, 0.026
17, 22, 0.000, 0.026
17, 23, 0.000, 0.026
17, 24, 0.000, 0.026
17, 25, 0.000, 49.394
17, 26, 0.000, 0.025
17, 27, 0.000, 0.026
17, 28, 0.000, 0.026
17, 29, 0.000, 0.026
17, 30, 0.000, 0.025
17, 31, 0.000, 0.028
17, 32, 0.000, 0.025
17, 33, 0.000, 0.026
17, 34, 0.000, 0.026
17, 35, 0.000, 0.026
17, 36, 0.000, 0.025
17, 37, 0.000, 0.026
17, 38, 0.000, 0.026
17, 39, 0.000, 0.026
17, 40, 0.000, 0.026
17, 41, 0.000, 0.026
17, 42, 0.000, 0.026
17, 43, 0.000, 0.026
17, 44, 0.000, 0.025
17, 45, 0.000, 0.026
17, 46, 0.000, 0.025
17, 47, 0.000, 0.026
17, 48, 0.000, 0.027
17, 49, 0.000, 0.026
17, 50, 0.000, 0.025
17, 51, 0.000, 0.026
17, 52, 0.000, 0.026
17, 53, 0.000, 0.025
17, 54, 0.000, 0.025
17, 55, 0.000, 0.025
17, 56, 0.000, 0.025
17, 57, 0.000, 39.452
17, 58, 0.000, 0.025
17, 59, 0.000, 0.026
17, 60, 0.000, 0.026
17, 61, 0.000, 0.026
17, 62, 0.000, 0.025
17, 63, 0.000, 0.025
17, 64, 0.000, 0.026
17, 65, 0.000, 0.025
17, 66, 0.000, 0.025
17, 67, 0.000, 0.026
17, 68, 0.000, 0.025
17, 69, 0.000, 0.025
17, 70, 0.000, 0.025
17, 71, 0.000, 0.026
17, 72, 0.000, 0.025
17, 73, 0.000, 0.026
17, 74, 0.000, 0.026
17, 75, 0.000, 0.026
17, 76, 0.000, 0.025
17, 77, 0.000, 0.026
17, 78, 0.000, 0.025
17, 79, 0.000, 0.025
17, 80, 0.000, 0.025
17, 81, 0.000, 0.026
17, 82, 0.000, 0.026
17, 83, 0.000, 0.026
17, 84, 0.000, 0.026
17, 85, 0.000, 0.026
17, 86, 0.000, 0.026
17, 87, 0.000, 0.026
17, 88, 0.000, 0.027
17, 89, 0.000, 0.026
17, 90, 0.000, 1481.808
17, 91, 0.000, 0.025
17, 92, 0.000, 0.025
17, 93, 0.000, 0.026
17, 94, 0.000, 0.025
17, 95, 0.000, 0.026
17, 96, 0.000, 0.026
17, 97, 0.000, 0.026
17, 98, 0.000, 0.026
17, 99, 0.000, 0.025
17, 100, 0.000, 0.025
18, 0, 24.105, 0.001
18, 1, 24.105, 0.033
18, 2, 24.105, 0.027
18, 3, 24.105, 0.026
18, 4, 24.105, 21.739
18, 5, 24.105, 0.025
18, 6, 24.105, 13.130
18, 7, 24.105, 0.025
18, 8, 0.000, 0.025
18, 9, 0.000, 0.026
18, 10, 0.000, 0.026
18, 11, 0.000, 0.025
18, 12, 0.000, 0.027
18, 13, 0.000, 119.733
18, 14, 0.000, 0.032
18, 15, 0.000, 0.026
18, 16, 0.000, 0.026
18, 17, 0.000, 0.026
18, 18, 0.000, 0.026
18, 19, 0.000, 0.026
18, 20, 0.000, 0.026
18, 21, 0.000, 33.690
18, 22, 0.000, 0.026
18, 23, 0.000, 0.026
18, 24, 0.000, 0.026
18, 25, 0.000, 0.026
18, 26, 0.000, 0.026
18, 27, 0.000, 0.026
18, 28, 0.000, 0.026
18, 29, 0.000, 0.026
18, 30, 0.000, 0.026
18, 31, 0.000, 0.026
18, 32, 0.000, 0.026
18, 33, 0.000, 0.026
18, 34, 0.000, 0.025
18, 35, 0.000, 0.026
18, 36, 0.000, 0.026
18, 37, 0.000, 0.025
18, 38, 0.000, 0.026
18, 39, 0.000, 0.025
18, 40, 0.000, 0.025
18, 41, 0.000, 0.025
18, 42, 0.000, 0.025
18, 43, 0.000, 0.025
18, 44, 0.000, 0.026
18, 45, 0.000, 0.026
18, 46, 0.000, 0.026
18, 47, 0.000, 0.026
18, 48, 0.000, 0.026
18, 49, 0.000, 0.026
18, 50, 0.000, 0.025
18, 51, 0.000, 36.025
18, 52, 0.000, 0.025
18, 53, 0.000, 0.027
18, 54, 0.000, 0.028
18, 55, 0.000, 0.027
18, 56, 0.000, 0.026
18, 57, 0.000, 0.026
18, 58, 0.000, 0.026
18, 59, 0.000, 0.026
18, 60, 0.000, 0.026
18, 61, 0.000, 0.026
18, 62, 0.000, 0.026
18, 63, 0.000, 0.026
18, 64, 0.000, 0.025
18, 65, 0.000, 0.026
18, 66, 0.000, 0.026
18, 67, 0.000, 0.026
18, 68, 0.000, 0.026
18, 69, 0.000, 0.027
18, 70, 0.000, 0.026
18, 71, 0.000, 0.026
18, 72, 0.000, 0.026
18, 73, 0.000, 0.026
18, 74, 0.000, 0.026
18, 75, 0.000, 0.026
18, 76, 0.000, 0.026
18, 77, 0.000, 0.026
18, 78, 0.000, 0.026
18, 79, 0.000, 0.028
18, 80, 0.000, 0.027
18, 81, 0.000, 0.026
18, 82, 0.000, 0.026
18, 83, 0.000, 0.026
18, 84, 0.000, 0.026
18, 85, 0.000, 0.025
18, 86, 0.000, 0.026
18, 87, 0.000, 0.026
18, 88, 0.000, 0.031
18, 89, 0.000, 0.026
18, 90, 0.000, 0.025
18, 91, 0.000, 0.026
18, 92, 0.000, 0.025
18, 93, 0.000, 0.026
18, 94, 0.000, 0.026
18, 95, 0.000, 0.025
18, 96, 0.000, 0.025
18, 97, 0.000, 0.026
18, 98, 0.000, 0.028
18, 99, 0.000, 0.026
18, 100, 0.000, 0.027
19, 0, 14.820, 0.001
19, 1, 14.820, 0.027
19, 2, 14.820, 0.027
19, 3, 14.820, 19.639
19, 4, 0.000, 0.027
19, 5, 0.000, 20.579
19, 6, 0.000, 0.025
19, 7, 0.000, 71.087
19, 8, 0.000, 0.035
19, 9, 0.000, 103.099
19, 10, 0.000, 0.031
19, 11, 0.000, 0.028
19, 12, 0.000, 0.027
19, 13, 0.000, 0.033
19, 14, 0.000, 0.027
19, 15, 0.000, 100.982
19, 16, 0.000, 0.027
19, 17, 0.000, 0.025
19, 18, 0.000, 0.025
19, 19, 0.000, 0.025
19, 20, 0.000, 0.026
19, 21, 0.000, 0.026
19, 22, 0.000, 0.026
19, 23, 0.000, 0.026
19, 24, 0.000, 0.026
19, 25, 0.000, 0.025
19, 26, 0.000, 0.026
19, 27, 0.000, 0.025
19, 28, 0.000, 0.026
19, 29, 0.000, 0.026
19, 30, 0.000, 0.026
19, 31, 0.000, 49.616
19, 32, 0.000, 0.025
19, 33, 0.000, 0.025
19, 34, 0.000, 0.026
19, 35, 0.000, 0.026
19, 36, 0.000, 0.025
19, 37, 0.000, 0.026
19, 38, 0.000, 0.026
19, 39, 0.000, 0.026
19, 40, 0.000, 0.025
19, 41, 0.000, 0.025
19, 42, 0.000, 0.026
19, 43, 0.000, 0.025
19, 44, 0.000, 0.025
19, 45, 0.000, 0.026
19, 46, 0.000, 0.025
19, 47, 0.000, 0.025
19, 48, 0.000, 0.025
19, 49, 0.000, 0.026
19, 50, 0.000, 0.025
19, 51, 0.000, 35.007
19, 52, 0.000, 0.025
19, 53, 0.000, 0.026
19, 54, 0.000, 0.026
19, 55, 0.000, 0.026
19, 56, 0.000, 0.025
19, 57, 0.000, 0.026
19, 58, 0.000, 0.026
19, 59, 0.000, 0.026
19, 60, 0.000, 0.026
19, 61, 0.000, 0.026
19, 62, 0.000, 0.025
19, 63, 0.000, 0.026
19, 64, 0.000, 0.026
19, 65, 0.000, 0.026
19, 66, 0.000, 0.026
19, 67, 0.000, 0.026
19, 68, 0.000, 0.026
19, 69, 0.000, 0.026
19, 70, 0.000, 0.026
19, 71, 0.000, 0.026
19, 72, 0.000, 0.026
19, 73, 0.000, 0.026
19, 74, 0.000, 0.026
19, 75, 0.000, 0.026
19, 76, 0.000, 0.026
19, 77, 0.000, 0.026
19, 78, 0.000, 0.025
19, 79, 0.000, 0.026
19, 80, 0.000, 0.025
19, 81, 0.000, 0.026
19, 82, 0.000, 0.025
19, 83, 0.000, 0.026
19, 84, 0.000, 0.026
19, 85, 0.000, 0.025
19, 86, 0.000, 0.026
19, 87, 0.000, 0.025
19, 88, 0.000, 0.026
19, 89, 0.000, 0.025
19, 90, 0.000, 53.026
19, 91, 0.000, 0.025
19, 92, 0.000, 0.026
19, 93, 0.000, 0.026
19, 94, 0.000, 0.026
19, 95, 0.000, 0.026
19, 96, 0.000, 0.026
19, 97, 0.000, 0.026
19, 98, 0.000, 0.025
19, 99, 0.000, 0.026
19, 100, 0.000, 0.025
20, 0, 25.876, 0.001
20, 1, 25.876, 0.026
20, 2, 0.000, 0.026
20, 3, 0.225, 25.350
20, 4, 0.225, 38.634
20, 5, 0.000, 0.024
20, 6, 0.000, 31.260
20, 7, 0.000, 0.025
20, 8, 0.000, 0.025
20, 9, 0.000, 0.026
20, 10, 0.000, 107.431
20, 11, 0.000, 155.575
20, 12, 0.000, 0.040
20, 13, 0.000, 0.026
20, 14, 0.000, 0.026
20, 15, 0.000, 0.026
20, 16, 0.000, 0.032
20, 17, 0.000, 109.833
20, 18, 0.000, 0.026
20, 19, 0.000, 0.025
20, 20, 0.000, 0.026
20, 21, 0.000, 0.025
20, 22, 0.000, 10.319
20, 23, 0.000, 0.028
20, 24, 0.225, 0.026
20, 25, 0.225, 0.026
20, 26, 0.225, 0.028
20, 27, 0.000, 0.026
20, 28, 0.000, 0.025
20, 29, 0.225, 0.026
20, 30, 0.225, 0.026
20, 31, 0.225, 0.026
20, 32, 0.225, 177.637
20, 33, 0.225, 0.027
20, 34, 0.225, 0.025
20, 35, 0.225, 0.026
20, 36, 0.225, 0.026
20, 37, 0.225, 0.026
20, 38, 0.225, 621.327
20, 39, 0.225, 0.025
20, 40, 0.225, 0.026
20, 41, 0.225, 0.025
20, 42, 0.225, 0.025
20, 43, 0.225, 0.026
20, 44, 0.225, 0.025
20, 45, 0.225, 0.026
20, 46, 0.225, 0.026
20, 47, 0.225, 0.026
20, 48, 0.225, 0.026
20, 49, 0.225, 0.026
20, 50, 0.225, 0.025
20, 51, 0.225, 0.025
20, 52, 0.225, 0.025
20, 53, 0.225, 204.672
20, 54, 0.225, 0.028
20, 55, 0.225, 0.027
20, 56, 0.225, 0.027
20, 57, 0.225, 0.026
20, 58, 0.225, 0.026
20, 59, 0.225, 0.026
20, 60, 0.225, 0.025
20, 61, 0.225, 0.026
20, 62, 0.225, 0.026
20, 63, 0.225, 0.026
20, 64, 0.225, 0.026
20, 65, 0.225, 0.026
20, 66, 0.225, 0.027
20, 67, 0.225, 0.025
20, 68, 0.225, 0.025
20, 69, 0.225, 0.026
20, 70, 0.225, 0.026
20, 71, 0.225, 0.026
20, 72, 0.225, 0.026
20, 73, 0.225, 0.025
20, 74, 0.225, 0.026
20, 75, 0.225, 0.026
20, 76, 0.225, 0.027
20, 77, 0.225, 230.959
20, 78, 0.225, 0.025
20, 79, 0.225, 0.026
20, 80, 0.225, 0.026
20, 81, 0.225, 0.026
20, 82, 0.225, 1647.095
20, 83, 0.225, 0.025
20, 84, 0.225, 0.025
20, 85, 0.225, 0.026
20, 86, 0.225, 0.025
20, 87, 0.225, 0.032
20, 88, 0.225, 0.026
20, 89, 0.225, 0.026
20, 90, 0.225, 0.026
20, 91, 0.225, 0.025
20, 92, 0.225, 0.026
20, 93, 0.225, 0.026
20, 94, 0.225, 0.026
20, 95, 0.225, 0.026
20, 96, 0.225, 0.025
20, 97, 0.225, 0.026
20, 98, 0.225, 0.027
20, 99, 0.225, 0.025
20, 100, 0.225, 0.026
