Run, Query, Loss, Time
1, 0, 20.191, 0.001
1, 1, 14.458, 0.054
1, 2, 14.458, 0.053
1, 3, 14.458, 46.203
1, 4, 14.458, 0.053
1, 5, 14.458, 0.053
1, 6, 14.458, 91.245
1, 7, 0.000, 137.843
1, 8, 0.000, 0.055
1, 9, 0.000, 0.054
1, 10, 0.000, 0.054
1, 11, 0.000, 264.965
1, 12, 0.000, 0.053
1, 13, 0.000, 0.055
1, 14, 0.000, 0.055
1, 15, 0.000, 318.334
1, 16, 0.000, 0.055
1, 17, 0.000, 0.055
1, 18, 0.000, 0.054
1, 19, 0.000, 0.054
1, 20, 0.000, 0.054
1, 21, 0.000, 0.054
1, 22, 0.000, 0.055
1, 23, 0.000, 0.055
1, 24, 0.000, 0.054
1, 25, 0.000, 42.159
1, 26, 0.000, 0.052
1, 27, 0.000, 0.053
1, 28, 0.000, 0.054
1, 29, 0.000, 0.054
1, 30, 0.000, 0.054
1, 31, 0.000, 0.053
1, 32, 0.000, 0.052
1, 33, 0.000, 0.054
1, 34, 0.000, 0.054
1, 35, 0.000, 0.054
1, 36, 0.000, 0.055
1, 37, 0.000, 0.053
1, 38, 0.000, 0.053
1, 39, 0.000, 75.539
1, 40, 0.000, 0.053
1, 41, 0.000, 0.055
1, 42, 0.000, 0.055
1, 43, 0.000, 0.054
1, 44, 0.000, 0.054
1, 45, 0.000, 0.054
1, 46, 0.000, 0.055
1, 47, 0.000, 0.054
1, 48, 0.000, 0.054
1, 49, 0.000, 0.054
1, 50, 0.000, 0.055
1, 51, 0.000, 0.055
1, 52, 0.000, 0.055
1, 53, 0.000, 0.055
1, 54, 0.000, 0.054
1, 55, 0.000, 0.055
1, 56, 0.000, 0.054
1, 57, 0.000, 0.055
1, 58, 0.000, 0.054
1, 59, 0.000, 0.055
1, 60, 0.000, 0.055
1, 61, 0.000, 0.054
1, 62, 0.000, 0.055
1, 63, 0.000, 0.054
1, 64, 0.000, 0.055
1, 65, 0.000, 0.055
1, 66, 0.000, 0.054
1, 67, 0.000, 0.055
1, 68, 0.000, 0.055
1, 69, 0.000, 0.055
1, 70, 0.000, 0.055
1, 71, 0.000, 0.055
1, 72, 0.000, 0.054
1, 73, 0.000, 0.055
1, 74, 0.000, 0.054
1, 75, 0.000, 0.055
1, 76, 0.000, 0.054
1, 77, 0.000, 0.054
1, 78, 0.000, 0.055
1, 79, 0.000, 0.054
1, 80, 0.000, 0.055
1, 81, 0.000, 0.055
1, 82, 0.000, 0.054
1, 83, 0.000, 0.055
1, 84, 0.000, 0.054
1, 85, 0.000, 0.055
1, 86, 0.000, 0.054
1, 87, 0.000, 0.054
1, 88, 0.000, 0.054
1, 89, 0.000, 0.054
1, 90, 0.000, 0.054
1, 91, 0.000, 0.055
1, 92, 0.000, 0.055
1, 93, 0.000, 0.054
1, 94, 0.000, 0.054
1, 95, 0.000, 0.054
1, 96, 0.000, 0.054
1, 97, 0.000, 0.055
1, 98, 0.000, 0.055
1, 99, 0.000, 0.054
1, 100, 0.000, 0.055
2, 0, 27.530, 0.001
2, 1, 0.000, 0.056
2, 2, 0.000, 0.055
2, 3, 0.000, 0.055
2, 4, 0.000, 54.215
2, 5, 0.000, 0.053
2, 6, 0.000, 90.288
2, 7, 0.000, 0.052
2, 8, 0.000, 0.055
2, 9, 0.000, 162.630
2, 10, 0.000, 0.048
2, 11, 0.000, 0.054
2, 12, 0.000, 0.055
2, 13, 0.000, 0.054
2, 14, 0.000, 0.054
2, 15, 0.000, 0.054
2, 16, 0.000, 0.055
2, 17, 0.000, 0.055
2, 18, 0.000, 0.055
2, 19, 0.000, 0.055
2, 20, 0.000, 0.055
2, 21, 0.000, 140.743
2, 22, 0.000, 0.052
2, 23, 0.000, 0.055
2, 24, 0.000, 0.055
2, 25, 0.000, 0.054
2, 26, 0.000, 0.054
2, 27, 0.000, 0.055
2, 28, 0.000, 0.054
2, 29, 0.000, 0.054
2, 30, 0.000, 0.053
2, 31, 0.000, 0.054
2, 32, 0.000, 0.055
2, 33, 0.000, 0.054
2, 34, 0.000, 0.053
2, 35, 0.000, 0.053
2, 36, 0.000, 0.054
2, 37, 0.000, 0.054
2, 38, 0.000, 0.052
2, 39, 0.000, 0.054
2, 40, 0.000, 0.055
2, 41, 0.000, 0.054
2, 42, 0.000, 0.053
2, 43, 0.000, 0.054
2, 44, 0.000, 0.053
2, 45, 0.000, 0.054
2, 46, 0.000, 0.054
2, 47, 0.000, 65.757
2, 48, 0.000, 0.053
2, 49, 0.000, 0.054
2, 50, 0.000, 0.054
2, 51, 0.000, 0.054
2, 52, 0.000, 0.054
2, 53, 0.000, 0.053
2, 54, 0.000, 0.054
2, 55, 0.000, 0.054
2, 56, 0.000, 0.053
2, 57, 0.000, 0.054
2, 58, 0.000, 0.053
2, 59, 0.000, 0.053
2, 60, 0.000, 0.054
2, 61, 0.000, 0.054
2, 62, 0.000, 0.054
2, 63, 0.000, 0.054
2, 64, 0.000, 0.054
2, 65, 0.000, 0.054
2, 66, 0.000, 0.053
2, 67, 0.000, 0.053
2, 68, 0.000, 0.053
2, 69, 0.000, 0.054
2, 70, 0.000, 0.054
2, 71, 0.000, 0.053
2, 72, 0.000, 0.053
2, 73, 0.000, 0.054
2, 74, 0.000, 0.053
2, 75, 0.000, 0.055
2, 76, 0.000, 0.054
2, 77, 0.000, 0.054
2, 78, 0.000, 0.054
2, 79, 0.000, 0.054
2, 80, 0.000, 0.053
2, 81, 0.000, 0.053
2, 82, 0.000, 0.053
2, 83, 0.000, 0.053
2, 84, 0.000, 0.054
2, 85, 0.000, 0.054
2, 86, 0.000, 0.054
2, 87, 0.000, 0.054
2, 88, 0.000, 0.053
2, 89, 0.000, 0.054
2, 90, 0.000, 0.054
2, 91, 0.000, 0.054
2, 92, 0.000, 0.053
2, 93, 0.000, 0.054
2, 94, 0.000, 0.053
2, 95, 0.000, 0.054
2, 96, 0.000, 0.054
2, 97, 0.000, 0.053
2, 98, 0.000, 0.053
2, 99, 0.000, 0.054
2, 100, 0.000, 0.053
3, 0, 0.000, 0.001
3, 1, 0.000, 0.055
3, 2, 0.000, 0.054
3, 3, 0.000, 0.054
3, 4, 0.000, 54.059
3, 5, 0.000, 0.052
3, 6, 0.000, 24.641
3, 7, 0.000, 0.055
3, 8, 0.000, 0.055
3, 9, 0.000, 0.055
3, 10, 0.000, 0.054
3, 11, 0.000, 0.053
3, 12, 0.000, 235.554
3, 13, 0.000, 0.048
3, 14, 0.000, 0.051
3, 15, 0.000, 0.054
3, 16, 0.000, 0.054
3, 17, 0.000, 0.054
3, 18, 0.000, 0.054
3, 19, 0.000, 0.054
3, 20, 0.000, 0.054
3, 21, 0.000, 45.728
3, 22, 0.000, 0.053
3, 23, 0.000, 0.054
3, 24, 0.000, 0.053
3, 25, 0.000, 0.054
3, 26, 0.000, 0.054
3, 27, 0.000, 0.053
3, 28, 0.000, 0.054
3, 29, 0.000, 0.054
3, 30, 0.000, 0.054
3, 31, 0.000, 0.054
3, 32, 0.000, 0.055
3, 33, 0.000, 0.054
3, 34, 0.000, 881.058
3, 35, 0.000, 0.055
3, 36, 0.000, 0.053
3, 37, 0.000, 0.054
3, 38, 0.000, 0.054
3, 39, 0.000, 0.053
3, 40, 0.000, 0.053
3, 41, 0.000, 152.609
3, 42, 0.000, 0.054
3, 43, 0.000, 0.053
3, 44, 0.000, 0.054
3, 45, 0.000, 0.052
3, 46, 0.000, 0.054
3, 47, 0.000, 0.055
3, 48, 0.000, 0.054
3, 49, 0.000, 0.054
3, 50, 0.000, 0.054
3, 51, 0.000, 0.055
3, 52, 0.000, 0.054
3, 53, 0.000, 0.054
3, 54, 0.000, 0.054
3, 55, 0.000, 0.054
3, 56, 0.000, 0.054
3, 57, 0.000, 0.054
3, 58, 0.000, 0.053
3, 59, 0.000, 0.054
3, 60, 0.000, 0.054
3, 61, 0.000, 0.053
3, 62, 0.000, 0.054
3, 63, 0.000, 0.054
3, 64, 0.000, 0.054
3, 65, 0.000, 0.054
3, 66, 0.000, 0.053
3, 67, 0.000, 0.055
3, 68, 0.000, 0.054
3, 69, 0.000, 0.055
3, 70, 0.000, 0.054
3, 71, 0.000, 0.054
3, 72, 0.000, 0.054
3, 73, 0.000, 91.084
3, 74, 0.000, 0.050
3, 75, 0.000, 0.052
3, 76, 0.000, 0.054
3, 77, 0.000, 0.054
3, 78, 0.000, 0.055
3, 79, 0.000, 0.053
3, 80, 0.000, 0.053
3, 81, 0.000, 0.053
3, 82, 0.000, 0.054
3, 83, 0.000, 0.054
3, 84, 0.000, 0.054
3, 85, 0.000, 0.054
3, 86, 0.000, 0.054
3, 87, 0.000, 0.055
3, 88, 0.000, 0.055
3, 89, 0.000, 0.054
3, 90, 0.000, 0.054
3, 91, 0.000, 0.054
3, 92, 0.000, 0.054
3, 93, 0.000, 0.053
3, 94, 0.000, 0.053
3, 95, 0.000, 0.053
3, 96, 0.000, 0.055
3, 97, 0.000, 0.054
3, 98, 0.000, 0.054
3, 99, 0.000, 0.054
3, 100, 0.000, 0.054
4, 0, 0.000, 0.001
4, 1, 0.000, 0.054
4, 2, 0.000, 0.053
4, 3, 0.000, 0.054
4, 4, 0.000, 24.334
4, 5, 0.000, 0.051
4, 6, 0.000, 89.692
4, 7, 0.000, 0.053
4, 8, 0.000, 0.052
4, 9, 0.000, 164.334
4, 10, 0.000, 0.048
4, 11, 0.000, 0.052
4, 12, 0.000, 0.053
4, 13, 0.000, 0.053
4, 14, 0.000, 0.054
4, 15, 0.000, 0.054
4, 16, 0.000, 70.625
4, 17, 0.000, 0.053
4, 18, 0.000, 0.054
4, 19, 0.000, 0.054
4, 20, 0.000, 0.054
4, 21, 0.000, 0.054
4, 22, 0.000, 0.054
4, 23, 0.000, 0.055
4, 24, 0.000, 657.159
4, 25, 0.000, 0.054
4, 26, 0.000, 0.055
4, 27, 0.000, 0.054
4, 28, 0.000, 0.054
4, 29, 0.000, 0.054
4, 30, 0.000, 0.053
4, 31, 0.000, 0.054
4, 32, 0.000, 64.438
4, 33, 0.000, 0.053
4, 34, 0.000, 1054.944
4, 35, 0.000, 0.054
4, 36, 0.000, 0.054
4, 37, 0.000, 0.054
4, 38, 0.000, 0.054
4, 39, 0.000, 0.054
4, 40, 0.000, 0.053
4, 41, 0.000, 237.798
4, 42, 0.000, 0.053
4, 43, 0.000, 0.053
4, 44, 0.000, 0.053
4, 45, 0.000, 0.053
4, 46, 0.000, 0.052
4, 47, 0.000, 0.054
4, 48, 0.000, 0.054
4, 49, 0.000, 0.054
4, 50, 0.000, 0.055
4, 51, 0.000, 0.054
4, 52, 0.000, 0.053
4, 53, 0.000, 0.054
4, 54, 0.000, 0.053
4, 55, 0.000, 0.053
4, 56, 0.000, 0.054
4, 57, 0.000, 0.053
4, 58, 0.000, 0.054
4, 59, 0.000, 0.054
4, 60, 0.000, 0.053
4, 61, 0.000, 0.054
4, 62, 0.000, 0.054
4, 63, 0.000, 0.053
4, 64, 0.000, 0.054
4, 65, 0.000, 0.055
4, 66, 0.000, 0.054
4, 67, 0.000, 0.055
4, 68, 0.000, 136.162
4, 69, 0.000, 0.054
4, 70, 0.000, 0.054
4, 71, 0.000, 0.055
4, 72, 0.000, 0.054
4, 73, 0.000, 0.054
4, 74, 0.000, 0.052
4, 75, 0.000, 0.054
4, 76, 0.000, 0.053
4, 77, 0.000, 0.055
4, 78, 0.000, 0.055
4, 79, 0.000, 0.055
4, 80, 0.000, 0.053
4, 81, 0.000, 0.054
4, 82, 0.000, 0.053
4, 83, 0.000, 0.054
4, 84, 0.000, 0.054
4, 85, 0.000, 0.054
4, 86, 0.000, 0.052
4, 87, 0.000, 0.054
4, 88, 0.000, 0.054
4, 89, 0.000, 0.053
4, 90, 0.000, 0.053
4, 91, 0.000, 0.054
4, 92, 0.000, 0.054
4, 93, 0.000, 0.053
4, 94, 0.000, 0.053
4, 95, 0.000, 0.054
4, 96, 0.000, 0.054
4, 97, 0.000, 0.054
4, 98, 0.000, 0.054
4, 99, 0.000, 0.054
4, 100, 0.000, 0.053
5, 0, 14.284, 0.001
5, 1, 14.284, 0.055
5, 2, 0.000, 32.047
5, 3, 0.000, 0.054
5, 4, 0.000, 0.054
5, 5, 0.000, 0.053
5, 6, 0.000, 22.076
5, 7, 0.000, 128.666
5, 8, 0.000, 0.053
5, 9, 0.000, 171.265
5, 10, 0.000, 0.050
5, 11, 0.000, 0.053
5, 12, 0.000, 0.053
5, 13, 0.000, 0.053
5, 14, 0.000, 0.052
5, 15, 0.000, 0.053
5, 16, 0.000, 47.192
5, 17, 0.000, 0.054
5, 18, 0.000, 0.054
5, 19, 0.000, 0.054
5, 20, 0.000, 0.053
5, 21, 0.000, 0.053
5, 22, 0.000, 0.054
5, 23, 0.000, 0.054
5, 24, 0.000, 0.053
5, 25, 0.000, 0.053
5, 26, 0.000, 0.055
5, 27, 0.000, 0.053
5, 28, 0.000, 0.054
5, 29, 0.000, 0.055
5, 30, 0.000, 0.054
5, 31, 0.000, 0.054
5, 32, 0.000, 0.054
5, 33, 0.000, 0.054
5, 34, 0.000, 0.054
5, 35, 0.000, 0.055
5, 36, 0.000, 1038.465
5, 37, 0.000, 0.053
5, 38, 0.000, 0.050
5, 39, 0.000, 0.052
5, 40, 0.000, 0.051
5, 41, 0.000, 0.051
5, 42, 0.000, 0.053
5, 43, 0.000, 255.542
5, 44, 0.000, 0.054
5, 45, 0.000, 0.054
5, 46, 0.000, 0.054
5, 47, 0.000, 0.054
5, 48, 0.000, 0.053
5, 49, 0.000, 0.053
5, 50, 0.000, 0.054
5, 51, 0.000, 0.054
5, 52, 0.000, 0.054
5, 53, 0.000, 0.054
5, 54, 0.000, 0.053
5, 55, 0.000, 0.053
5, 56, 0.000, 0.054
5, 57, 0.000, 0.054
5, 58, 0.000, 0.053
5, 59, 0.000, 0.054
5, 60, 0.000, 0.055
5, 61, 0.000, 0.054
5, 62, 0.000, 0.053
5, 63, 0.000, 0.055
5, 64, 0.000, 0.054
5, 65, 0.000, 0.053
5, 66, 0.000, 0.054
5, 67, 0.000, 0.054
5, 68, 0.000, 0.054
5, 69, 0.000, 109.571
5, 70, 0.000, 0.054
5, 71, 0.000, 0.053
5, 72, 0.000, 0.055
5, 73, 0.000, 0.053
5, 74, 0.000, 0.054
5, 75, 0.000, 0.053
5, 76, 0.000, 0.054
5, 77, 0.000, 0.054
5, 78, 0.000, 0.054
5, 79, 0.000, 0.053
5, 80, 0.000, 0.054
5, 81, 0.000, 0.054
5, 82, 0.000, 0.053
5, 83, 0.000, 0.054
5, 84, 0.000, 0.054
5, 85, 0.000, 0.054
5, 86, 0.000, 0.054
5, 87, 0.000, 0.054
5, 88, 0.000, 0.055
5, 89, 0.000, 0.055
5, 90, 0.000, 0.054
5, 91, 0.000, 0.055
5, 92, 0.000, 0.053
5, 93, 0.000, 0.054
5, 94, 0.000, 0.054
5, 95, 0.000, 0.052
5, 96, 0.000, 0.053
5, 97, 0.000, 0.053
5, 98, 0.000, 0.054
5, 99, 0.000, 0.054
5, 100, 0.000, 0.054
6, 0, 25.517, 0.001
6, 1, 6.537, 0.055
6, 2, 6.537, 0.053
6, 3, 0.000, 46.075
6, 4, 0.000, 0.054
6, 5, 0.000, 0.054
6, 6, 0.000, 87.755
6, 7, 0.000, 133.803
6, 8, 0.000, 0.050
6, 9, 0.000, 0.054
6, 10, 0.000, 193.390
6, 11, 0.000, 0.053
6, 12, 0.000, 0.054
6, 13, 0.000, 299.229
6, 14, 0.000, 0.054
6, 15, 0.000, 0.054
6, 16, 0.000, 0.054
6, 17, 0.000, 0.053
6, 18, 0.000, 0.054
6, 19, 0.000, 0.054
6, 20, 0.000, 46.844
6, 21, 0.000, 0.054
6, 22, 0.000, 0.055
6, 23, 0.000, 0.054
6, 24, 0.000, 0.054
6, 25, 0.000, 0.054
6, 26, 0.000, 0.054
6, 27, 0.000, 0.053
6, 28, 0.000, 0.054
6, 29, 0.000, 0.053
6, 30, 0.000, 0.054
6, 31, 0.000, 0.054
6, 32, 0.000, 0.054
6, 33, 0.000, 0.053
6, 34, 0.000, 0.054
6, 35, 0.000, 0.054
6, 36, 0.000, 0.054
6, 37, 0.000, 0.054
6, 38, 0.000, 0.054
6, 39, 0.000, 324.240
6, 40, 0.000, 0.055
6, 41, 0.000, 0.054
6, 42, 0.000, 0.053
6, 43, 0.000, 0.054
6, 44, 0.000, 0.054
6, 45, 0.000, 0.054
6, 46, 0.000, 0.054
6, 47, 0.000, 0.054
6, 48, 0.000, 0.054
6, 49, 0.000, 0.054
6, 50, 0.000, 0.054
6, 51, 0.000, 0.053
6, 52, 0.000, 0.054
6, 53, 0.000, 0.053
6, 54, 0.000, 0.053
6, 55, 0.000, 0.054
6, 56, 0.000, 0.054
6, 57, 0.000, 0.055
6, 58, 0.000, 0.055
6, 59, 0.000, 0.055
6, 60, 0.000, 0.055
6, 61, 0.000, 0.055
6, 62, 0.000, 0.055
6, 63, 0.000, 0.054
6, 64, 0.000, 0.055
6, 65, 0.000, 0.055
6, 66, 0.000, 0.054
6, 67, 0.000, 0.054
6, 68, 0.000, 0.054
6, 69, 0.000, 0.054
6, 70, 0.000, 0.055
6, 71, 0.000, 0.055
6, 72, 0.000, 0.055
6, 73, 0.000, 0.054
6, 74, 0.000, 0.055
6, 75, 0.000, 0.054
6, 76, 0.000, 0.054
6, 77, 0.000, 0.054
6, 78, 0.000, 0.054
6, 79, 0.000, 0.054
6, 80, 0.000, 0.054
6, 81, 0.000, 0.054
6, 82, 0.000, 90.037
6, 83, 0.000, 0.052
6, 84, 0.000, 0.052
6, 85, 0.000, 0.053
6, 86, 0.000, 0.054
6, 87, 0.000, 0.053
6, 88, 0.000, 0.055
6, 89, 0.000, 0.054
6, 90, 0.000, 0.054
6, 91, 0.000, 0.053
6, 92, 0.000, 0.053
6, 93, 0.000, 0.055
6, 94, 0.000, 0.054
6, 95, 0.000, 0.054
6, 96, 0.000, 0.054
6, 97, 0.000, 0.053
6, 98, 0.000, 0.054
6, 99, 0.000, 0.054
6, 100, 0.000, 0.054
7, 0, 28.053, 0.001
7, 1, 12.202, 0.054
7, 2, 12.202, 0.054
7, 3, 12.202, 0.054
7, 4, 12.202, 24.910
7, 5, 12.202, 0.054
7, 6, 12.202, 92.108
7, 7, 0.000, 143.103
7, 8, 0.000, 0.054
7, 9, 0.000, 0.053
7, 10, 0.000, 78.683
7, 11, 0.000, 0.055
7, 12, 0.000, 0.054
7, 13, 0.000, 0.054
7, 14, 0.000, 0.054
7, 15, 0.000, 352.636
7, 16, 0.000, 0.050
7, 17, 0.000, 0.054
7, 18, 0.000, 0.054
7, 19, 0.000, 0.054
7, 20, 0.000, 0.053
7, 21, 0.000, 0.055
7, 22, 0.000, 0.054
7, 23, 0.000, 0.054
7, 24, 0.000, 0.054
7, 25, 0.000, 0.053
7, 26, 0.000, 0.054
7, 27, 0.000, 0.054
7, 28, 0.000, 0.054
7, 29, 0.000, 88.062
7, 30, 0.000, 0.052
7, 31, 0.000, 0.055
7, 32, 0.000, 0.051
7, 33, 0.000, 0.051
7, 34, 0.000, 0.053
7, 35, 0.000, 0.053
7, 36, 0.000, 0.054
7, 37, 0.000, 0.054
7, 38, 0.000, 0.054
7, 39, 0.000, 0.054
7, 40, 0.000, 0.054
7, 41, 0.000, 0.053
7, 42, 0.000, 0.054
7, 43, 0.000, 0.055
7, 44, 0.000, 0.054
7, 45, 0.000, 0.054
7, 46, 0.000, 0.054
7, 47, 0.000, 0.053
7, 48, 0.000, 0.053
7, 49, 0.000, 0.054
7, 50, 0.000, 0.053
7, 51, 0.000, 0.055
7, 52, 0.000, 0.054
7, 53, 0.000, 0.054
7, 54, 0.000, 0.054
7, 55, 0.000, 0.054
7, 56, 0.000, 0.054
7, 57, 0.000, 0.053
7, 58, 0.000, 0.053
7, 59, 0.000, 0.053
7, 60, 0.000, 0.054
7, 61, 0.000, 0.053
7, 62, 0.000, 0.054
7, 63, 0.000, 1004.579
7, 64, 0.000, 0.054
7, 65, 0.000, 0.054
7, 66, 0.000, 0.055
7, 67, 0.000, 0.054
7, 68, 0.000, 0.055
7, 69, 0.000, 0.055
7, 70, 0.000, 0.053
7, 71, 0.000, 0.054
7, 72, 0.000, 0.054
7, 73, 0.000, 0.054
7, 74, 0.000, 0.055
7, 75, 0.000, 0.054
7, 76, 0.000, 0.053
7, 77, 0.000, 176.447
7, 78, 0.000, 0.053
7, 79, 0.000, 0.054
7, 80, 0.000, 0.055
7, 81, 0.000, 0.055
7, 82, 0.000, 0.056
7, 83, 0.000, 0.054
7, 84, 0.000, 0.054
7, 85, 0.000, 0.054
7, 86, 0.000, 0.054
7, 87, 0.000, 0.053
7, 88, 0.000, 0.053
7, 89, 0.000, 0.053
7, 90, 0.000, 0.055
7, 91, 0.000, 0.053
7, 92, 0.000, 0.054
7, 93, 0.000, 0.055
7, 94, 0.000, 0.054
7, 95, 0.000, 0.054
7, 96, 0.000, 0.054
7, 97, 0.000, 0.054
7, 98, 0.000, 0.054
7, 99, 0.000, 0.054
7, 100, 0.000, 0.054
8, 0, 56.714, 0.001
8, 1, 33.042, 0.055
8, 2, 23.672, 32.680
8, 3, 0.000, 0.056
8, 4, 0.000, 0.055
8, 5, 0.000, 0.054
8, 6, 0.000, 17.896
8, 7, 0.000, 0.052
8, 8, 0.000, 0.051
8, 9, 0.000, 0.053
8, 10, 0.000, 220.620
8, 11, 0.000, 0.055
8, 12, 0.000, 0.052
8, 13, 0.000, 0.053
8, 14, 0.000, 332.768
8, 15, 0.000, 0.055
8, 16, 0.000, 0.054
8, 17, 0.000, 0.055
8, 18, 0.000, 0.054
8, 19, 0.000, 0.055
8, 20, 0.000, 0.055
8, 21, 0.000, 0.054
8, 22, 0.000, 119.905
8, 23, 0.000, 0.053
8, 24, 0.000, 0.054
8, 25, 0.000, 0.053
8, 26, 0.000, 0.053
8, 27, 0.000, 0.054
8, 28, 0.000, 0.055
8, 29, 0.000, 0.056
8, 30, 0.000, 0.054
8, 31, 0.000, 0.055
8, 32, 0.000, 0.054
8, 33, 0.000, 0.054
8, 34, 0.000, 0.055
8, 35, 0.000, 0.055
8, 36, 0.000, 0.054
8, 37, 0.000, 0.053
8, 38, 0.000, 0.053
8, 39, 0.000, 0.054
8, 40, 0.000, 0.053
8, 41, 0.000, 0.053
8, 42, 0.000, 0.054
8, 43, 0.000, 0.054
8, 44, 0.000, 0.054
8, 45, 0.000, 0.054
8, 46, 0.000, 0.054
8, 47, 0.000, 0.054
8, 48, 0.000, 0.053
8, 49, 0.000, 0.054
8, 50, 0.000, 0.054
8, 51, 0.000, 0.055
8, 52, 0.000, 0.054
8, 53, 0.000, 0.053
8, 54, 0.000, 0.054
8, 55, 0.000, 0.054
8, 56, 0.000, 39.512
8, 57, 0.000, 0.054
8, 58, 0.000, 0.054
8, 59, 0.000, 0.054
8, 60, 0.000, 0.055
8, 61, 0.000, 0.054
8, 62, 0.000, 0.054
8, 63, 0.000, 380.071
8, 64, 0.000, 0.054
8, 65, 0.000, 0.054
8, 66, 0.000, 0.054
8, 67, 0.000, 0.054
8, 68, 0.000, 0.054
8, 69, 0.000, 0.055
8, 70, 0.000, 0.054
8, 71, 0.000, 0.055
8, 72, 0.000, 0.054
8, 73, 0.000, 0.055
8, 74, 0.000, 0.055
8, 75, 0.000, 0.055
8, 76, 0.000, 0.054
8, 77, 0.000, 0.055
8, 78, 0.000, 0.055
8, 79, 0.000, 0.054
8, 80, 0.000, 0.054
8, 81, 0.000, 0.055
8, 82, 0.000, 0.054
8, 83, 0.000, 0.055
8, 84, 0.000, 0.054
8, 85, 0.000, 0.054
8, 86, 0.000, 0.054
8, 87, 0.000, 0.055
8, 88, 0.000, 0.055
8, 89, 0.000, 0.055
8, 90, 0.000, 0.054
8, 91, 0.000, 0.053
8, 92, 0.000, 0.054
8, 93, 0.000, 147.305
8, 94, 0.000, 0.054
8, 95, 0.000, 0.055
8, 96, 0.000, 0.055
8, 97, 0.000, 0.054
8, 98, 0.000, 0.054
8, 99, 0.000, 0.054
8, 100, 0.000, 0.055
9, 0, 0.000, 0.001
9, 1, 0.000, 0.056
9, 2, 0.000, 0.055
9, 3, 0.000, 0.053
9, 4, 0.000, 25.089
9, 5, 0.000, 0.054
9, 6, 0.000, 90.035
9, 7, 0.000, 132.219
9, 8, 0.000, 0.054
9, 9, 0.000, 67.611
9, 10, 0.000, 0.055
9, 11, 0.000, 0.056
9, 12, 0.000, 0.055
9, 13, 0.000, 0.054
9, 14, 0.000, 0.054
9, 15, 0.000, 0.054
9, 16, 0.000, 0.055
9, 17, 0.000, 0.055
9, 18, 0.000, 476.537
9, 19, 0.000, 0.055
9, 20, 0.000, 0.053
9, 21, 0.000, 0.055
9, 22, 0.000, 0.053
9, 23, 0.000, 0.053
9, 24, 0.000, 0.054
9, 25, 0.000, 0.054
9, 26, 0.000, 0.054
9, 27, 0.000, 66.918
9, 28, 0.000, 0.055
9, 29, 0.000, 0.053
9, 30, 0.000, 0.054
9, 31, 0.000, 0.055
9, 32, 0.000, 0.054
9, 33, 0.000, 0.053
9, 34, 0.000, 0.054
9, 35, 0.000, 0.054
9, 36, 0.000, 0.053
9, 37, 0.000, 0.054
9, 38, 0.000, 0.053
9, 39, 0.000, 0.054
9, 40, 0.000, 0.054
9, 41, 0.000, 0.054
9, 42, 0.000, 0.054
9, 43, 0.000, 0.055
9, 44, 0.000, 0.054
9, 45, 0.000, 0.053
9, 46, 0.000, 0.053
9, 47, 0.000, 0.053
9, 48, 0.000, 0.054
9, 49, 0.000, 0.055
9, 50, 0.000, 0.053
9, 51, 0.000, 0.054
9, 52, 0.000, 0.054
9, 53, 0.000, 0.053
9, 54, 0.000, 0.053
9, 55, 0.000, 0.053
9, 56, 0.000, 0.054
9, 57, 0.000, 0.054
9, 58, 0.000, 0.053
9, 59, 0.000, 0.054
9, 60, 0.000, 0.054
9, 61, 0.000, 0.054
9, 62, 0.000, 0.053
9, 63, 0.000, 0.054
9, 64, 0.000, 0.054
9, 65, 0.000, 0.053
9, 66, 0.000, 0.055
9, 67, 0.000, 0.055
9, 68, 0.000, 0.054
9, 69, 0.000, 0.054
9, 70, 0.000, 146.256
9, 71, 0.000, 0.054
9, 72, 0.000, 0.054
9, 73, 0.000, 0.055
9, 74, 0.000, 0.054
9, 75, 0.000, 0.053
9, 76, 0.000, 0.054
9, 77, 0.000, 0.054
9, 78, 0.000, 0.054
9, 79, 0.000, 0.054
9, 80, 0.000, 0.054
9, 81, 0.000, 0.054
9, 82, 0.000, 0.054
9, 83, 0.000, 0.053
9, 84, 0.000, 0.054
9, 85, 0.000, 0.054
9, 86, 0.000, 0.055
9, 87, 0.000, 0.054
9, 88, 0.000, 0.054
9, 89, 0.000, 0.053
9, 90, 0.000, 0.053
9, 91, 0.000, 0.055
9, 92, 0.000, 0.055
9, 93, 0.000, 0.054
9, 94, 0.000, 0.054
9, 95, 0.000, 0.054
9, 96, 0.000, 0.054
9, 97, 0.000, 0.054
9, 98, 0.000, 0.053
9, 99, 0.000, 0.054
9, 100, 0.000, 0.054
10, 0, 23.773, 0.001
10, 1, 23.773, 0.055
10, 2, 23.773, 0.053
10, 3, 23.773, 45.931
10, 4, 23.773, 0.053
10, 5, 0.000, 96.175
10, 6, 0.000, 0.054
10, 7, 0.000, 0.055
10, 8, 0.000, 0.055
10, 9, 0.000, 0.054
10, 10, 0.000, 0.055
10, 11, 0.000, 0.056
10, 12, 0.000, 0.055
10, 13, 0.000, 323.142
10, 14, 0.000, 0.056
10, 15, 0.000, 0.055
10, 16, 0.000, 0.055
10, 17, 0.000, 0.056
10, 18, 0.000, 0.055
10, 19, 0.000, 0.054
10, 20, 0.000, 0.055
10, 21, 0.000, 0.054
10, 22, 0.000, 0.054
10, 23, 0.000, 0.055
10, 24, 0.000, 0.055
10, 25, 0.000, 0.054
10, 26, 0.000, 0.055
10, 27, 0.000, 0.054
10, 28, 0.000, 0.054
10, 29, 0.000, 0.055
10, 30, 0.000, 0.054
10, 31, 0.000, 487.257
10, 32, 0.000, 0.055
10, 33, 0.000, 0.055
10, 34, 0.000, 0.054
10, 35, 0.000, 0.055
10, 36, 0.000, 0.054
10, 37, 0.000, 0.055
10, 38, 0.000, 0.055
10, 39, 0.000, 0.055
10, 40, 0.000, 0.054
10, 41, 0.000, 0.051
10, 42, 0.000, 0.055
10, 43, 0.000, 0.055
10, 44, 0.000, 0.055
10, 45, 0.000, 72.380
10, 46, 0.000, 0.052
10, 47, 0.000, 0.054
10, 48, 0.000, 0.054
10, 49, 0.000, 0.055
10, 50, 0.000, 0.054
10, 51, 0.000, 0.055
10, 52, 0.000, 0.055
10, 53, 0.000, 0.054
10, 54, 0.000, 0.054
10, 55, 0.000, 0.055
10, 56, 0.000, 0.054
10, 57, 0.000, 0.055
10, 58, 0.000, 0.054
10, 59, 0.000, 0.055
10, 60, 0.000, 0.055
10, 61, 0.000, 0.055
10, 62, 0.000, 0.054
10, 63, 0.000, 0.055
10, 64, 0.000, 0.054
10, 65, 0.000, 0.054
10, 66, 0.000, 0.054
10, 67, 0.000, 0.054
10, 68, 0.000, 0.053
10, 69, 0.000, 0.054
10, 70, 0.000, 0.054
10, 71, 0.000, 0.054
10, 72, 0.000, 0.054
10, 73, 0.000, 0.053
10, 74, 0.000, 0.053
10, 75, 0.000, 0.053
10, 76, 0.000, 0.054
10, 77, 0.000, 0.053
10, 78, 0.000, 0.053
10, 79, 0.000, 0.055
10, 80, 0.000, 0.053
10, 81, 0.000, 0.053
10, 82, 0.000, 0.053
10, 83, 0.000, 0.054
10, 84, 0.000, 0.055
10, 85, 0.000, 0.053
10, 86, 0.000, 0.054
10, 87, 0.000, 0.053
10, 88, 0.000, 0.054
10, 89, 0.000, 0.053
10, 90, 0.000, 0.054
10, 91, 0.000, 0.054
10, 92, 0.000, 0.053
10, 93, 0.000, 0.054
10, 94, 0.000, 0.054
10, 95, 0.000, 0.054
10, 96, 0.000, 0.055
10, 97, 0.000, 0.053
10, 98, 0.000, 0.054
10, 99, 0.000, 0.054
10, 100, 0.000, 0.054
11, 0, 54.678, 0.001
11, 1, 0.000, 0.054
11, 2, 0.000, 0.053
11, 3, 0.000, 0.053
11, 4, 0.000, 24.218
11, 5, 0.000, 0.052
11, 6, 0.000, 0.051
11, 7, 0.000, 0.052
11, 8, 0.000, 0.053
11, 9, 0.000, 186.546
11, 10, 0.000, 0.054
11, 11, 0.000, 0.053
11, 12, 0.000, 0.054
11, 13, 0.000, 0.054
11, 14, 0.000, 0.053
11, 15, 0.000, 66.375
11, 16, 0.000, 0.054
11, 17, 0.000, 0.054
11, 18, 0.000, 0.053
11, 19, 0.000, 0.055
11, 20, 0.000, 0.052
11, 21, 0.000, 0.054
11, 22, 0.000, 0.053
11, 23, 0.000, 0.054
11, 24, 0.000, 0.053
11, 25, 0.000, 0.053
11, 26, 0.000, 0.054
11, 27, 0.000, 0.054
11, 28, 0.000, 0.055
11, 29, 0.000, 0.053
11, 30, 0.000, 0.054
11, 31, 0.000, 0.055
11, 32, 0.000, 0.053
11, 33, 0.000, 0.053
11, 34, 0.000, 0.053
11, 35, 0.000, 0.053
11, 36, 0.000, 0.053
11, 37, 0.000, 0.054
11, 38, 0.000, 0.054
11, 39, 0.000, 47.478
11, 40, 0.000, 0.053
11, 41, 0.000, 0.053
11, 42, 0.000, 0.054
11, 43, 0.000, 0.054
11, 44, 0.000, 0.053
11, 45, 0.000, 0.054
11, 46, 0.000, 0.054
11, 47, 0.000, 0.054
11, 48, 0.000, 0.054
11, 49, 0.000, 0.054
11, 50, 0.000, 0.053
11, 51, 0.000, 0.054
11, 52, 0.000, 0.054
11, 53, 0.000, 0.054
11, 54, 0.000, 0.053
11, 55, 0.000, 0.054
11, 56, 0.000, 0.054
11, 57, 0.000, 0.053
11, 58, 0.000, 0.053
11, 59, 0.000, 0.053
11, 60, 0.000, 0.054
11, 61, 0.000, 0.054
11, 62, 0.000, 0.054
11, 63, 0.000, 0.054
11, 64, 0.000, 0.055
11, 65, 0.000, 0.053
11, 66, 0.000, 0.053
11, 67, 0.000, 0.054
11, 68, 0.000, 0.054
11, 69, 0.000, 0.053
11, 70, 0.000, 0.052
11, 71, 0.000, 0.054
11, 72, 0.000, 0.054
11, 73, 0.000, 0.054
11, 74, 0.000, 0.053
11, 75, 0.000, 0.053
11, 76, 0.000, 0.054
11, 77, 0.000, 0.054
11, 78, 0.000, 2422.418
11, 79, 0.000, 0.057
11, 80, 0.000, 0.053
11, 81, 0.000, 0.055
11, 82, 0.000, 0.054
11, 83, 0.000, 0.055
11, 84, 0.000, 0.053
11, 85, 0.000, 289.525
11, 86, 0.000, 0.053
11, 87, 0.000, 0.053
11, 88, 0.000, 0.054
11, 89, 0.000, 0.054
11, 90, 0.000, 0.053
11, 91, 0.000, 0.053
11, 92, 0.000, 0.055
11, 93, 0.000, 0.054
11, 94, 0.000, 0.054
11, 95, 0.000, 0.054
11, 96, 0.000, 0.054
11, 97, 0.000, 0.053
11, 98, 0.000, 0.053
11, 99, 0.000, 0.053
11, 100, 0.000, 0.055
12, 0, 0.000, 0.001
12, 1, 22.812, 0.055
12, 2, 22.812, 0.055
12, 3, 22.812, 45.446
12, 4, 22.812, 0.053
12, 5, 22.812, 0.055
12, 6, 22.812, 0.054
12, 7, 0.000, 128.779
12, 8, 0.000, 0.054
12, 9, 0.000, 173.459
12, 10, 0.000, 0.053
12, 11, 0.000, 0.054
12, 12, 0.000, 0.054
12, 13, 0.000, 0.055
12, 14, 0.000, 0.054
12, 15, 0.000, 0.055
12, 16, 0.000, 70.618
12, 17, 0.000, 0.054
12, 18, 0.000, 0.053
12, 19, 0.000, 0.054
12, 20, 0.000, 0.053
12, 21, 0.000, 0.053
12, 22, 0.000, 0.053
12, 23, 0.000, 0.053
12, 24, 0.000, 657.085
12, 25, 0.000, 0.055
12, 26, 0.000, 0.054
12, 27, 0.000, 0.053
12, 28, 0.000, 0.054
12, 29, 0.000, 0.055
12, 30, 0.000, 0.053
12, 31, 0.000, 0.053
12, 32, 0.000, 0.052
12, 33, 0.000, 0.054
12, 34, 0.000, 0.054
12, 35, 0.000, 0.054
12, 36, 0.000, 0.054
12, 37, 0.000, 340.686
12, 38, 0.000, 0.051
12, 39, 0.000, 0.054
12, 40, 0.000, 0.052
12, 41, 0.000, 0.051
12, 42, 0.000, 0.051
12, 43, 0.000, 0.052
12, 44, 0.000, 0.053
12, 45, 0.000, 0.053
12, 46, 0.000, 0.053
12, 47, 0.000, 0.053
12, 48, 0.000, 0.054
12, 49, 0.000, 0.054
12, 50, 0.000, 0.054
12, 51, 0.000, 0.054
12, 52, 0.000, 0.053
12, 53, 0.000, 0.054
12, 54, 0.000, 0.053
12, 55, 0.000, 0.054
12, 56, 0.000, 0.055
12, 57, 0.000, 0.054
12, 58, 0.000, 0.053
12, 59, 0.000, 0.055
12, 60, 0.000, 146.443
12, 61, 0.000, 0.050
12, 62, 0.000, 0.054
12, 63, 0.000, 0.054
12, 64, 0.000, 0.054
12, 65, 0.000, 0.055
12, 66, 0.000, 0.054
12, 67, 0.000, 0.054
12, 68, 0.000, 0.055
12, 69, 0.000, 0.055
12, 70, 0.000, 0.055
12, 71, 0.000, 0.054
12, 72, 0.000, 0.055
12, 73, 0.000, 0.054
12, 74, 0.000, 0.054
12, 75, 0.000, 0.053
12, 76, 0.000, 0.054
12, 77, 0.000, 0.054
12, 78, 0.000, 0.054
12, 79, 0.000, 0.055
12, 80, 0.000, 0.053
12, 81, 0.000, 0.054
12, 82, 0.000, 0.053
12, 83, 0.000, 0.054
12, 84, 0.000, 0.054
12, 85, 0.000, 0.054
12, 86, 0.000, 0.053
12, 87, 0.000, 0.054
12, 88, 0.000, 0.055
12, 89, 0.000, 0.054
12, 90, 0.000, 0.053
12, 91, 0.000, 0.054
12, 92, 0.000, 0.053
12, 93, 0.000, 0.053
12, 94, 0.000, 0.054
12, 95, 0.000, 0.055
12, 96, 0.000, 0.054
12, 97, 0.000, 0.053
12, 98, 0.000, 0.054
12, 99, 0.000, 0.054
12, 100, 0.000, 0.054
13, 0, 16.593, 0.001
13, 1, 0.000, 0.055
13, 2, 0.000, 0.054
13, 3, 0.000, 0.054
13, 4, 0.000, 53.290
13, 5, 0.000, 0.051
13, 6, 0.000, 89.521
13, 7, 0.000, 0.055
13, 8, 0.000, 0.055
13, 9, 0.000, 0.055
13, 10, 0.000, 0.054
13, 11, 0.000, 0.054
13, 12, 0.000, 0.054
13, 13, 0.000, 0.055
13, 14, 0.000, 0.055
13, 15, 0.000, 0.054
13, 16, 0.000, 0.054
13, 17, 0.000, 0.054
13, 18, 0.000, 358.514
13, 19, 0.000, 0.054
13, 20, 0.000, 0.054
13, 21, 0.000, 0.054
13, 22, 0.000, 0.055
13, 23, 0.000, 0.054
13, 24, 0.000, 0.055
13, 25, 0.000, 0.054
13, 26, 0.000, 0.053
13, 27, 0.000, 49.823
13, 28, 0.000, 0.054
13, 29, 0.000, 0.054
13, 30, 0.000, 0.053
13, 31, 0.000, 0.053
13, 32, 0.000, 0.053
13, 33, 0.000, 0.055
13, 34, 0.000, 0.053
13, 35, 0.000, 0.054
13, 36, 0.000, 0.054
13, 37, 0.000, 0.054
13, 38, 0.000, 0.053
13, 39, 0.000, 0.054
13, 40, 0.000, 0.054
13, 41, 0.000, 0.054
13, 42, 0.000, 0.054
13, 43, 0.000, 0.054
13, 44, 0.000, 0.054
13, 45, 0.000, 0.053
13, 46, 0.000, 0.054
13, 47, 0.000, 0.053
13, 48, 0.000, 0.054
13, 49, 0.000, 0.054
13, 50, 0.000, 0.054
13, 51, 0.000, 0.053
13, 52, 0.000, 0.054
13, 53, 0.000, 0.053
13, 54, 0.000, 0.053
13, 55, 0.000, 0.054
13, 56, 0.000, 0.053
13, 57, 0.000, 0.054
13, 58, 0.000, 68.898
13, 59, 0.000, 0.054
13, 60, 0.000, 0.053
13, 61, 0.000, 0.054
13, 62, 0.000, 0.053
13, 63, 0.000, 0.054
13, 64, 0.000, 0.054
13, 65, 0.000, 0.054
13, 66, 0.000, 0.054
13, 67, 0.000, 0.055
13, 68, 0.000, 0.053
13, 69, 0.000, 0.053
13, 70, 0.000, 0.054
13, 71, 0.000, 0.054
13, 72, 0.000, 0.054
13, 73, 0.000, 0.052
13, 74, 0.000, 0.054
13, 75, 0.000, 0.054
13, 76, 0.000, 0.054
13, 77, 0.000, 0.054
13, 78, 0.000, 0.054
13, 79, 0.000, 0.055
13, 80, 0.000, 0.053
13, 81, 0.000, 0.054
13, 82, 0.000, 0.054
13, 83, 0.000, 0.054
13, 84, 0.000, 0.054
13, 85, 0.000, 0.053
13, 86, 0.000, 0.053
13, 87, 0.000, 0.054
13, 88, 0.000, 0.053
13, 89, 0.000, 0.054
13, 90, 0.000, 0.054
13, 91, 0.000, 0.054
13, 92, 0.000, 0.054
13, 93, 0.000, 0.053
13, 94, 0.000, 0.054
13, 95, 0.000, 0.054
13, 96, 0.000, 0.054
13, 97, 0.000, 0.053
13, 98, 0.000, 0.053
13, 99, 0.000, 0.055
13, 100, 0.000, 0.054
14, 0, 66.600, 0.001
14, 1, 32.522, 0.054
14, 2, 32.522, 0.055
14, 3, 32.522, 46.498
14, 4, 0.000, 0.055
14, 5, 0.000, 0.055
14, 6, 0.000, 109.774
14, 7, 0.000, 144.652
14, 8, 0.000, 0.053
14, 9, 0.000, 0.053
14, 10, 0.000, 61.791
14, 11, 0.000, 0.055
14, 12, 0.000, 107.295
14, 13, 0.000, 0.055
14, 14, 0.000, 0.055
14, 15, 0.000, 0.055
14, 16, 0.000, 0.054
14, 17, 0.000, 0.054
14, 18, 0.000, 282.932
14, 19, 0.000, 0.054
14, 20, 0.000, 0.055
14, 21, 0.000, 0.054
14, 22, 0.000, 0.054
14, 23, 0.000, 0.055
14, 24, 0.000, 0.054
14, 25, 0.000, 0.054
14, 26, 0.000, 0.054
14, 27, 0.000, 0.054
14, 28, 0.000, 0.054
14, 29, 0.000, 0.054
14, 30, 0.000, 0.054
14, 31, 0.000, 0.054
14, 32, 0.000, 0.055
14, 33, 0.000, 0.055
14, 34, 0.000, 0.054
14, 35, 0.000, 0.054
14, 36, 0.000, 0.054
14, 37, 0.000, 0.054
14, 38, 0.000, 65.825
14, 39, 0.000, 0.055
14, 40, 0.000, 0.054
14, 41, 0.000, 0.054
14, 42, 0.000, 0.054
14, 43, 0.000, 0.054
14, 44, 0.000, 0.054
14, 45, 0.000, 0.055
14, 46, 0.000, 0.054
14, 47, 0.000, 0.053
14, 48, 0.000, 0.054
14, 49, 0.000, 0.054
14, 50, 0.000, 0.055
14, 51, 0.000, 0.055
14, 52, 0.000, 0.054
14, 53, 0.000, 0.054
14, 54, 0.000, 0.055
14, 55, 0.000, 0.055
14, 56, 0.000, 0.054
14, 57, 0.000, 71.601
14, 58, 0.000, 0.054
14, 59, 0.000, 0.054
14, 60, 0.000, 0.054
14, 61, 0.000, 0.053
14, 62, 0.000, 0.054
14, 63, 0.000, 0.054
14, 64, 0.000, 0.054
14, 65, 0.000, 0.054
14, 66, 0.000, 0.054
14, 67, 0.000, 0.053
14, 68, 0.000, 0.055
14, 69, 0.000, 0.054
14, 70, 0.000, 0.054
14, 71, 0.000, 0.053
14, 72, 0.000, 0.055
14, 73, 0.000, 0.054
14, 74, 0.000, 0.054
14, 75, 0.000, 0.054
14, 76, 0.000, 0.054
14, 77, 0.000, 0.053
14, 78, 0.000, 0.054
14, 79, 0.000, 0.054
14, 80, 0.000, 0.054
14, 81, 0.000, 0.055
14, 82, 0.000, 0.055
14, 83, 0.000, 0.055
14, 84, 0.000, 0.055
14, 85, 0.000, 0.055
14, 86, 0.000, 0.055
14, 87, 0.000, 0.054
14, 88, 0.000, 0.054
14, 89, 0.000, 0.054
14, 90, 0.000, 0.054
14, 91, 0.000, 0.054
14, 92, 0.000, 0.054
14, 93, 0.000, 0.054
14, 94, 0.000, 0.055
14, 95, 0.000, 0.054
14, 96, 0.000, 0.054
14, 97, 0.000, 0.053
14, 98, 0.000, 0.054
14, 99, 0.000, 0.053
14, 100, 0.000, 0.055
15, 0, 52.237, 0.001
15, 1, 24.282, 0.054
15, 2, 24.282, 0.054
15, 3, 24.282, 0.054
15, 4, 24.282, 53.896
15, 5, 24.282, 0.054
15, 6, 0.000, 0.055
15, 7, 0.000, 134.276
15, 8, 0.000, 0.054
15, 9, 0.000, 0.054
15, 10, 0.000, 53.271
15, 11, 0.000, 0.053
15, 12, 0.000, 0.054
15, 13, 0.000, 0.054
15, 14, 0.000, 0.055
15, 15, 0.000, 0.054
15, 16, 0.000, 0.054
15, 17, 0.000, 0.054
15, 18, 0.000, 0.055
15, 19, 0.000, 70.437
15, 20, 0.000, 0.054
15, 21, 0.000, 0.054
15, 22, 0.000, 0.055
15, 23, 0.000, 0.054
15, 24, 0.000, 0.055
15, 25, 0.000, 0.054
15, 26, 0.000, 0.053
15, 27, 0.000, 0.054
15, 28, 0.000, 0.054
15, 29, 0.000, 0.054
15, 30, 0.000, 0.055
15, 31, 0.000, 0.054
15, 32, 0.000, 0.054
15, 33, 0.000, 0.054
15, 34, 0.000, 0.055
15, 35, 0.000, 0.054
15, 36, 0.000, 0.054
15, 37, 0.000, 0.055
15, 38, 0.000, 0.054
15, 39, 0.000, 0.054
15, 40, 0.000, 0.055
15, 41, 0.000, 0.054
15, 42, 0.000, 0.054
15, 43, 0.000, 0.053
15, 44, 0.000, 0.055
15, 45, 0.000, 0.053
15, 46, 0.000, 0.055
15, 47, 0.000, 0.054
15, 48, 0.000, 0.055
15, 49, 0.000, 0.053
15, 50, 0.000, 0.055
15, 51, 0.000, 0.053
15, 52, 0.000, 58.201
15, 53, 0.000, 0.054
15, 54, 0.000, 0.055
15, 55, 0.000, 0.055
15, 56, 0.000, 0.055
15, 57, 0.000, 0.054
15, 58, 0.000, 0.055
15, 59, 0.000, 0.053
15, 60, 0.000, 0.055
15, 61, 0.000, 0.055
15, 62, 0.000, 0.055
15, 63, 0.000, 0.054
15, 64, 0.000, 0.055
15, 65, 0.000, 0.053
15, 66, 0.000, 0.055
15, 67, 0.000, 0.054
15, 68, 0.000, 0.055
15, 69, 0.000, 0.053
15, 70, 0.000, 0.055
15, 71, 0.000, 0.053
15, 72, 0.000, 0.054
15, 73, 0.000, 0.054
15, 74, 0.000, 0.055
15, 75, 0.000, 0.054
15, 76, 0.000, 0.055
15, 77, 0.000, 0.054
15, 78, 0.000, 2474.187
15, 79, 0.000, 0.053
15, 80, 0.000, 0.055
15, 81, 0.000, 0.054
15, 82, 0.000, 0.055
15, 83, 0.000, 0.053
15, 84, 0.000, 0.055
15, 85, 0.000, 0.054
15, 86, 0.000, 431.524
15, 87, 0.000, 0.054
15, 88, 0.000, 0.055
15, 89, 0.000, 0.054
15, 90, 0.000, 0.054
15, 91, 0.000, 0.054
15, 92, 0.000, 0.054
15, 93, 0.000, 0.054
15, 94, 0.000, 0.055
15, 95, 0.000, 0.053
15, 96, 0.000, 0.055
15, 97, 0.000, 0.053
15, 98, 0.000, 0.054
15, 99, 0.000, 0.053
15, 100, 0.000, 0.054
16, 0, 0.000, 0.001
16, 1, 0.000, 0.053
16, 2, 0.000, 0.055
16, 3, 0.000, 0.054
16, 4, 0.000, 24.271
16, 5, 0.000, 0.053
16, 6, 0.000, 0.056
16, 7, 0.000, 97.437
16, 8, 0.000, 0.055
16, 9, 0.000, 163.877
16, 10, 0.000, 0.056
16, 11, 0.000, 0.055
16, 12, 0.000, 0.056
16, 13, 0.000, 0.055
16, 14, 0.000, 340.023
16, 15, 0.000, 0.054
16, 16, 0.000, 0.055
16, 17, 0.000, 0.054
16, 18, 0.000, 0.055
16, 19, 0.000, 0.054
16, 20, 0.000, 0.055
16, 21, 0.000, 0.054
16, 22, 0.000, 0.055
16, 23, 0.000, 0.054
16, 24, 0.000, 0.055
16, 25, 0.000, 0.055
16, 26, 0.000, 0.055
16, 27, 0.000, 0.055
16, 28, 0.000, 0.056
16, 29, 0.000, 0.055
16, 30, 0.000, 0.055
16, 31, 0.000, 0.054
16, 32, 0.000, 0.056
16, 33, 0.000, 980.095
16, 34, 0.000, 0.054
16, 35, 0.000, 0.051
16, 36, 0.000, 0.052
16, 37, 0.000, 0.053
16, 38, 0.000, 0.055
16, 39, 0.000, 0.054
16, 40, 0.000, 189.564
16, 41, 0.000, 0.055
16, 42, 0.000, 0.055
16, 43, 0.000, 0.054
16, 44, 0.000, 0.054
16, 45, 0.000, 0.053
16, 46, 0.000, 0.055
16, 47, 0.000, 0.054
16, 48, 0.000, 0.056
16, 49, 0.000, 0.053
16, 50, 0.000, 0.055
16, 51, 0.000, 0.053
16, 52, 0.000, 0.055
16, 53, 0.000, 0.054
16, 54, 0.000, 0.054
16, 55, 0.000, 0.053
16, 56, 0.000, 0.055
16, 57, 0.000, 0.052
16, 58, 0.000, 0.055
16, 59, 0.000, 0.054
16, 60, 0.000, 0.054
16, 61, 0.000, 0.054
16, 62, 0.000, 0.054
16, 63, 0.000, 398.023
16, 64, 0.000, 0.054
16, 65, 0.000, 0.054
16, 66, 0.000, 0.055
16, 67, 0.000, 0.053
16, 68, 0.000, 0.054
16, 69, 0.000, 0.054
16, 70, 0.000, 0.054
16, 71, 0.000, 0.055
16, 72, 0.000, 0.054
16, 73, 0.000, 0.054
16, 74, 0.000, 0.054
16, 75, 0.000, 0.052
16, 76, 0.000, 0.054
16, 77, 0.000, 0.053
16, 78, 0.000, 0.054
16, 79, 0.000, 0.053
16, 80, 0.000, 0.054
16, 81, 0.000, 0.054
16, 82, 0.000, 0.055
16, 83, 0.000, 0.054
16, 84, 0.000, 0.054
16, 85, 0.000, 0.053
16, 86, 0.000, 0.054
16, 87, 0.000, 0.054
16, 88, 0.000, 0.055
16, 89, 0.000, 0.054
16, 90, 0.000, 0.053
16, 91, 0.000, 169.266
16, 92, 0.000, 0.054
16, 93, 0.000, 0.055
16, 94, 0.000, 0.054
16, 95, 0.000, 0.055
16, 96, 0.000, 0.055
16, 97, 0.000, 0.055
16, 98, 0.000, 0.055
16, 99, 0.000, 0.054
16, 100, 0.000, 0.054
17, 0, 29.009, 0.001
17, 1, 29.009, 0.055
17, 2, 29.009, 0.054
17, 3, 29.009, 46.193
17, 4, 29.009, 0.054
17, 5, 29.009, 100.377
17, 6, 0.000, 0.053
17, 7, 0.000, 138.773
17, 8, 0.000, 0.055
17, 9, 0.000, 0.055
17, 10, 0.000, 0.055
17, 11, 0.000, 0.055
17, 12, 0.000, 0.055
17, 13, 0.000, 257.354
17, 14, 0.000, 0.055
17, 15, 0.000, 0.055
17, 16, 0.000, 0.054
17, 17, 0.000, 0.054
17, 18, 0.000, 0.054
17, 19, 0.000, 0.054
17, 20, 0.000, 0.054
17, 21, 0.000, 0.053
17, 22, 0.000, 0.054
17, 23, 0.000, 0.053
17, 24, 0.000, 0.055
17, 25, 0.000, 58.981
17, 26, 0.000, 0.054
17, 27, 0.000, 0.054
17, 28, 0.000, 0.055
17, 29, 0.000, 0.054
17, 30, 0.000, 0.054
17, 31, 0.000, 0.055
17, 32, 0.000, 0.054
17, 33, 0.000, 0.053
17, 34, 0.000, 0.055
17, 35, 0.000, 0.054
17, 36, 0.000, 0.054
17, 37, 0.000, 0.054
17, 38, 0.000, 0.054
17, 39, 0.000, 0.054
17, 40, 0.000, 0.055
17, 41, 0.000, 0.054
17, 42, 0.000, 0.055
17, 43, 0.000, 0.053
17, 44, 0.000, 0.054
17, 45, 0.000, 0.054
17, 46, 0.000, 0.053
17, 47, 0.000, 0.054
17, 48, 0.000, 0.055
17, 49, 0.000, 0.054
17, 50, 0.000, 0.054
17, 51, 0.000, 0.053
17, 52, 0.000, 0.055
17, 53, 0.000, 0.053
17, 54, 0.000, 0.054
17, 55, 0.000, 0.055
17, 56, 0.000, 0.054
17, 57, 0.000, 0.053
17, 58, 0.000, 0.053
17, 59, 0.000, 0.054
17, 60, 0.000, 0.053
17, 61, 0.000, 0.054
17, 62, 0.000, 0.054
17, 63, 0.000, 88.601
17, 64, 0.000, 0.055
17, 65, 0.000, 0.054
17, 66, 0.000, 0.054
17, 67, 0.000, 0.054
17, 68, 0.000, 0.054
17, 69, 0.000, 0.054
17, 70, 0.000, 0.054
17, 71, 0.000, 0.054
17, 72, 0.000, 0.055
17, 73, 0.000, 0.053
17, 74, 0.000, 0.053
17, 75, 0.000, 0.054
17, 76, 0.000, 0.053
17, 77, 0.000, 0.055
17, 78, 0.000, 0.054
17, 79, 0.000, 0.055
17, 80, 0.000, 0.053
17, 81, 0.000, 0.053
17, 82, 0.000, 0.054
17, 83, 0.000, 0.055
17, 84, 0.000, 0.054
17, 85, 0.000, 0.054
17, 86, 0.000, 0.055
17, 87, 0.000, 0.053
17, 88, 0.000, 0.054
17, 89, 0.000, 0.054
17, 90, 0.000, 0.053
17, 91, 0.000, 0.054
17, 92, 0.000, 0.055
17, 93, 0.000, 0.054
17, 94, 0.000, 0.053
17, 95, 0.000, 0.054
17, 96, 0.000, 0.054
17, 97, 0.000, 0.054
17, 98, 0.000, 0.055
17, 99, 0.000, 0.054
17, 100, 0.000, 0.054
18, 0, 53.481, 0.001
18, 1, 0.000, 0.055
18, 2, 0.000, 0.054
18, 3, 0.000, 45.953
18, 4, 0.000, 0.054
18, 5, 0.000, 0.055
18, 6, 0.000, 22.386
18, 7, 0.000, 0.050
18, 8, 0.000, 0.052
18, 9, 0.000, 0.054
18, 10, 0.000, 0.054
18, 11, 0.000, 0.054
18, 12, 0.000, 238.636
18, 13, 0.000, 0.054
18, 14, 0.000, 0.054
18, 15, 0.000, 0.055
18, 16, 0.000, 0.054
18, 17, 0.000, 0.054
18, 18, 0.000, 0.053
18, 19, 0.000, 0.054
18, 20, 0.000, 0.054
18, 21, 0.000, 45.591
18, 22, 0.000, 0.054
18, 23, 0.000, 0.054
18, 24, 0.000, 0.053
18, 25, 0.000, 0.053
18, 26, 0.000, 0.054
18, 27, 0.000, 0.054
18, 28, 0.000, 0.055
18, 29, 0.000, 0.055
18, 30, 0.000, 0.053
18, 31, 0.000, 0.055
18, 32, 0.000, 0.054
18, 33, 0.000, 0.054
18, 34, 0.000, 0.054
18, 35, 0.000, 0.054
18, 36, 0.000, 0.054
18, 37, 0.000, 0.055
18, 38, 0.000, 0.053
18, 39, 0.000, 0.055
18, 40, 0.000, 0.054
18, 41, 0.000, 0.055
18, 42, 0.000, 0.054
18, 43, 0.000, 0.054
18, 44, 0.000, 0.054
18, 45, 0.000, 0.053
18, 46, 0.000, 0.053
18, 47, 0.000, 0.054
18, 48, 0.000, 0.055
18, 49, 0.000, 0.054
18, 50, 0.000, 0.054
18, 51, 0.000, 0.053
18, 52, 0.000, 0.055
18, 53, 0.000, 0.054
18, 54, 0.000, 0.054
18, 55, 0.000, 0.054
18, 56, 0.000, 0.054
18, 57, 0.000, 0.054
18, 58, 0.000, 0.054
18, 59, 0.000, 0.053
18, 60, 0.000, 0.053
18, 61, 0.000, 0.053
18, 62, 0.000, 0.053
18, 63, 0.000, 110.966
18, 64, 0.000, 0.055
18, 65, 0.000, 0.054
18, 66, 0.000, 0.055
18, 67, 0.000, 0.054
18, 68, 0.000, 0.054
18, 69, 0.000, 0.055
18, 70, 0.000, 0.054
18, 71, 0.000, 0.054
18, 72, 0.000, 0.055
18, 73, 0.000, 0.055
18, 74, 0.000, 0.053
18, 75, 0.000, 0.054
18, 76, 0.000, 0.054
18, 77, 0.000, 0.054
18, 78, 0.000, 0.054
18, 79, 0.000, 0.055
18, 80, 0.000, 0.053
18, 81, 0.000, 0.055
18, 82, 0.000, 0.054
18, 83, 0.000, 0.055
18, 84, 0.000, 0.054
18, 85, 0.000, 0.054
18, 86, 0.000, 0.054
18, 87, 0.000, 0.054
18, 88, 0.000, 0.054
18, 89, 0.000, 0.054
18, 90, 0.000, 0.054
18, 91, 0.000, 0.054
18, 92, 0.000, 0.054
18, 93, 0.000, 0.055
18, 94, 0.000, 0.053
18, 95, 0.000, 0.054
18, 96, 0.000, 0.054
18, 97, 0.000, 0.054
18, 98, 0.000, 0.054
18, 99, 0.000, 0.054
18, 100, 0.000, 0.055
19, 0, 14.820, 0.001
19, 1, 14.820, 0.055
19, 2, 14.820, 0.054
19, 3, 14.820, 0.054
19, 4, 14.820, 53.064
19, 5, 0.000, 0.055
19, 6, 0.000, 21.484
19, 7, 0.000, 0.053
19, 8, 0.000, 0.054
19, 9, 0.000, 0.054
19, 10, 0.000, 188.299
19, 11, 0.000, 0.053
19, 12, 0.000, 0.054
19, 13, 0.000, 0.054
19, 14, 0.000, 0.053
19, 15, 0.000, 0.054
19, 16, 0.000, 0.054
19, 17, 0.000, 0.053
19, 18, 0.000, 74.313
19, 19, 0.000, 0.053
19, 20, 0.000, 0.054
19, 21, 0.000, 0.053
19, 22, 0.000, 0.054
19, 23, 0.000, 0.053
19, 24, 0.000, 0.054
19, 25, 0.000, 0.054
19, 26, 0.000, 0.053
19, 27, 0.000, 0.053
19, 28, 0.000, 0.053
19, 29, 0.000, 0.054
19, 30, 0.000, 0.053
19, 31, 0.000, 0.053
19, 32, 0.000, 0.054
19, 33, 0.000, 0.054
19, 34, 0.000, 0.053
19, 35, 0.000, 0.053
19, 36, 0.000, 0.054
19, 37, 0.000, 0.055
19, 38, 0.000, 0.055
19, 39, 0.000, 0.054
19, 40, 0.000, 0.054
19, 41, 0.000, 0.053
19, 42, 0.000, 0.054
19, 43, 0.000, 0.054
19, 44, 0.000, 60.584
19, 45, 0.000, 0.053
19, 46, 0.000, 0.054
19, 47, 0.000, 0.054
19, 48, 0.000, 0.053
19, 49, 0.000, 0.053
19, 50, 0.000, 0.054
19, 51, 0.000, 0.054
19, 52, 0.000, 0.053
19, 53, 0.000, 0.053
19, 54, 0.000, 0.053
19, 55, 0.000, 0.054
19, 56, 0.000, 0.054
19, 57, 0.000, 0.054
19, 58, 0.000, 0.053
19, 59, 0.000, 0.054
19, 60, 0.000, 0.053
19, 61, 0.000, 0.055
19, 62, 0.000, 0.054
19, 63, 0.000, 0.053
19, 64, 0.000, 0.054
19, 65, 0.000, 0.054
19, 66, 0.000, 0.054
19, 67, 0.000, 0.054
19, 68, 0.000, 0.053
19, 69, 0.000, 0.054
19, 70, 0.000, 0.054
19, 71, 0.000, 0.054
19, 72, 0.000, 0.054
19, 73, 0.000, 0.054
19, 74, 0.000, 0.054
19, 75, 0.000, 0.053
19, 76, 0.000, 0.053
19, 77, 0.000, 0.054
19, 78, 0.000, 0.054
19, 79, 0.000, 0.054
19, 80, 0.000, 0.054
19, 81, 0.000, 0.053
19, 82, 0.000, 0.054
19, 83, 0.000, 0.054
19, 84, 0.000, 0.054
19, 85, 0.000, 0.053
19, 86, 0.000, 0.054
19, 87, 0.000, 0.053
19, 88, 0.000, 0.054
19, 89, 0.000, 0.054
19, 90, 0.000, 0.054
19, 91, 0.000, 0.054
19, 92, 0.000, 0.054
19, 93, 0.000, 0.055
19, 94, 0.000, 0.054
19, 95, 0.000, 0.054
19, 96, 0.000, 0.053
19, 97, 0.000, 0.053
19, 98, 0.000, 0.054
19, 99, 0.000, 0.054
19, 100, 0.000, 0.055
20, 0, 25.876, 0.001
20, 1, 0.000, 0.054
20, 2, 0.225, 32.466
20, 3, 0.225, 0.056
20, 4, 0.225, 0.055
20, 5, 0.225, 0.054
20, 6, 0.225, 113.938
20, 7, 0.225, 0.055
20, 8, 0.225, 0.055
20, 9, 0.225, 0.055
20, 10, 0.225, 54.082
20, 11, 0.225, 0.055
20, 12, 0.225, 265.318
20, 13, 0.225, 0.056
20, 14, 0.225, 0.054
20, 15, 0.225, 0.053
20, 16, 0.225, 0.053
20, 17, 0.225, 0.054
20, 18, 0.225, 0.053
20, 19, 0.225, 0.053
20, 20, 0.225, 545.561
20, 21, 0.225, 0.054
20, 22, 0.225, 0.054
20, 23, 0.225, 0.055
20, 24, 0.225, 0.055
20, 25, 0.225, 0.055
20, 26, 0.225, 0.055
20, 27, 0.225, 0.055
20, 28, 0.225, 0.055
20, 29, 0.225, 0.056
20, 30, 0.225, 233.502
20, 31, 0.225, 0.061
20, 32, 0.225, 0.055
20, 33, 0.225, 0.055
20, 34, 0.225, 0.055
20, 35, 0.225, 0.056
20, 36, 0.225, 0.055
20, 37, 0.225, 0.054
20, 38, 0.225, 0.055
20, 39, 0.225, 0.055
20, 40, 0.225, 0.055
20, 41, 0.225, 0.055
20, 42, 0.225, 0.055
20, 43, 0.225, 0.054
20, 44, 0.225, 0.054
20, 45, 0.225, 0.054
20, 46, 0.225, 0.055
20, 47, 0.225, 0.054
20, 48, 0.225, 0.054
20, 49, 0.225, 0.055
20, 50, 0.225, 0.055
20, 51, 0.225, 0.054
20, 52, 0.225, 88.426
20, 53, 0.225, 0.050
20, 54, 0.225, 0.051
20, 55, 0.225, 0.052
20, 56, 0.225, 0.053
20, 57, 0.225, 0.055
20, 58, 0.225, 0.053
20, 59, 0.225, 0.054
20, 60, 0.225, 0.054
20, 61, 0.225, 0.054
20, 62, 0.225, 0.054
20, 63, 0.225, 0.054
20, 64, 0.225, 0.052
20, 65, 0.225, 0.054
20, 66, 0.225, 0.054
20, 67, 0.225, 0.054
20, 68, 0.225, 0.054
20, 69, 0.225, 0.054
20, 70, 0.225, 0.054
20, 71, 0.225, 0.054
20, 72, 0.225, 0.053
20, 73, 0.225, 0.054
20, 74, 0.225, 0.054
20, 75, 0.225, 0.055
20, 76, 0.225, 0.053
20, 77, 0.225, 0.053
20, 78, 0.225, 0.054
20, 79, 0.225, 0.055
20, 80, 0.225, 0.055
20, 81, 0.225, 0.055
20, 82, 0.225, 0.053
20, 83, 0.225, 0.054
20, 84, 0.225, 0.053
20, 85, 0.225, 0.054
20, 86, 0.225, 0.054
20, 87, 0.225, 0.054
20, 88, 0.225, 0.054
20, 89, 0.225, 0.054
20, 90, 0.225, 0.053
20, 91, 0.225, 0.054
20, 92, 0.225, 0.054
20, 93, 0.225, 0.053
20, 94, 0.225, 0.053
20, 95, 0.225, 0.054
20, 96, 0.225, 0.054
20, 97, 0.225, 0.055
20, 98, 0.225, 0.054
20, 99, 0.225, 0.054
20, 100, 0.225, 0.054
