0,0,39.058,0,26.261,0,0,27.6,31.458,0,0,0,0,0,0,0,0,0,0,0,0,17.271,3.7477,21.719,0,0,0,0,0,0,0,0,0,0,0,0,0,0,0,0,0,27.113,0,0,26.011,0,0,0,18.669
21.95,34.283,0,0,0,21.117,0,0,0,0,22.554,0,24.205,0,0,0,0,0,0,0,0,24.174,0,0,0,35.302,0,0,0,0,0,0,41.638,0,0,0,0,0,0,0,0,0,21.664,0,0,22.323,0,0,0
0,0,0,0,0,0,34.991,0,0,0,0,0,0,0,0,0,0,0,0,0,0,26.344,0,0,0,0,0,0,28.547,0,0,0,24.702,0,19.863,0,28.667,0,22.077,19.379,22.535,22.252,0,0,0,0,0,0,0
0,0,0,0,0,0,21.039,0,0,0,0,0,25.285,0,0,29.37,0,0,20.996,28.753,18.705,24.775,0,0,0,0,0,21.991,0,0,0,0,0,33.277,0,0,0,0,0,0,0,0,0,0,0,13.57,0,0,0
0,0,0,0,17.983,0,24.45,0,0,0,0,0,0,0,15.308,0,0,0,0,0,0,23.153,0,0,0,0,12.494,0,0,44.378,0,0,36.189,0,0,0,0,0,28.649,25.027,0,0,25.359,0,0,0,0,0,0
0,0,26.091,0,0,0,0,0,0,0,22.619,0,0,15.369,0,0,0,0,0,0,0,0,0,0,0,0,0,0,46.534,0,0,0,0,17.079,0,17.918,17.861,0,0,0,29.696,0,0,23.101,0,0,0,25.376,0
0,0,21.626,0,0,0,0,0,0,0,11.368,0,0,0,0,10.763,40.256,0,0,0,0,0,0,14.814,0,0,0,0,0,23.972,0,0,0,0,24.791,0,0,0,0,0,0,23.059,0,0,0,22.726,29.867,0,0
30.938,0,0,32.627,0,0,0,40.211,0,0,0,18.874,0,0,0,0,0,0,0,0,0,0,9.825,0,22.383,0,0,0,19,0,0,0,0,15.201,0,0,0,0,0,0,0,25.753,0,0,0,11.99,0,0,0
24.964,0,0,44.319,0,0,0,0,0,0,0,16.223,0,10.233,0,0,0,0,34.893,0,28.114,0,0,13.31,0,0,0,0,0,0,0,0,12.856,0,0,0,0,20.261,0,0,0,0,0,0,0,0,0,24.263,0
0,0,0,23.306,0,0,0,0,24.813,0,0,0,20.726,0,31.635,0,22.508,0,0,0,0,18.58,0,0,0,0,0,27.608,0,0,0,33.514,0,0,0,0,0,0,21.89,0,0,0,0,15.283,0,0,0,0,0
0,0,33.267,0,0,0,9.6317,0,15.167,0,0,0,26.716,0,0,0,0,0,32.559,0,0,0,0,0,0,0,18.63,0,0,0,0,0,0,0,0,0,0,24.293,0,0,0,26.735,0,28.551,0,0,0,18.462,0
0,0,0,0,23.875,22.291,0,0,0,0,37.89,0,0,0,0,20.388,0,0,0,0,0,0,0,36.671,0,0,21.767,0,0,0,0,0,0,14.574,21.42,0,19.631,10.308,0,0,0,0,0,0,0,0,0,0,0
0,29.804,0,0,0,0,0,0,0,24.801,0,23.467,13.671,0,0,0,0,0,0,0,0,0,0,0,27.836,0,23.909,0,0,0,27.53,0,0,0,0,19.511,0,0,0,0,0,0,0,15.432,0,0,0,17.609,0
0,0,0,43.624,0,0,0,27.38,32.884,0,41.84,0,0,0,0,0,0,0,0,0,0,19.666,36.144,27.53,0,0,23.938,0,0,0,20.897,0,0,0,0,0,0,0,0,0,0,0,0,0,0,0,0,0,17.138
0,0,0,0,0,0,16.087,22.587,0,0,10.566,0,30.536,0,22.991,0,0,0,0,0,0,0,0,0,0,21.509,0,0,0,30.021,0,24.464,0,0,0,0,0,0,0,0,0,0,0,0,34.246,0,23.932,0,0
31.811,0,0,29.324,27.893,0,0,0,0,0,31.256,0,0,0,0,1.4142,0,0,0,0,0,0,0,0,0,32.522,26.833,0,0,10.483,0,27.83,0,0,0,0,0,0,0,0,14.968,0,0,0,0,0,0,0,0
26.94,0,0,0,31.066,33.683,0,14.325,0,0,0,0,0,0,0,0,0,0,0,0,0,35.188,0,0,0,24.816,0,21.258,0,22.604,0,0,0,0,0,0,0,0,0,31.876,0,0,0,0,0,0,0,24.737,0
21.677,21.241,0,17.738,0,25.457,0,0,0,0,0,0,0,0,0,31.521,0,0,0,37.749,0,0,0,0,0,0,0,0,17.948,0,0,0,0,0,0,0,0,0,29.401,0,0,0,0,0,0,0,20.391,23.947,0
0,0,0,0,0,0,27.433,0,0,0,0,13.423,0,34.794,0,0,0,0,0,0,31.837,0,0,0,0,24.326,0,33.008,0,0,0,23.004,0,14.216,0,0,0,19.069,0,0,0,0,0,0,0,26.757,0,0,0
0,25.915,0,0,18.981,0,0,0,0,0,20.767,0,0,0,16.72,0,0,0,0,4.3948,0,0,10.799,0,0,0,0,0,33.935,0,0,22.025,0,0,0,0,0,0,0,0,32.285,0,0,0,0,0,0,0,32.292
0,40.899,0,0,0,0,0,0,0,0,0,0,0,16.1,0,0,0,0,36.619,30.24,33.052,0,17.078,0,0,0,0,0,0,26.411,0,0,0,0,14.374,0,0,0,25.007,0,0,0,0,0,0,28.206,0,0,0
0,0,0,0,0,36.036,0,0,36.658,0,0,0,0,0,0,0,0,0,18.573,29.081,0,36.838,0,34.42,0,0,0,28.208,0,0,0,0,0,0,0,27.944,0,0,32.748,28.589,0,0,0,0,0,0,0,0,0
0,0,0,0,0,0,32.151,0,0,35.111,0,0,17.739,0,36.652,0,23.348,0,0,0,0,33.363,0,0,0,0,0,0,20.765,29.365,0,0,0,26.429,0,0,0,0,0,0,0,0,0,0,28.316,0,0,0,0
0,0,0,0,30.67,33.121,0,42.115,0,0,0,0,0,0,0,0,0,36.694,0,0,22.474,0,0,0,0,0,0,0,11.934,0,0,0,0,0,0,38.084,0,4.9395,0,0,0,24.426,0,0,0,0,6.5095,0,0
0,39.402,0,0,0,0,0,12.957,31.022,0,0,0,24.784,0,0,0,0,0,0,0,0,0,32.356,19.837,0,0,0,35.497,0,0,0,22.092,0,24.866,0,8.41,0,0,0,0,0,0,0,0,0,0,0,0,0
0,0,0,0,29.259,0,0,0,0,28.002,0,0,20.722,0,0,0,0,24.228,0,16.405,33.396,0,0,0,0,0,0,29.432,0,0,0,27.039,0,0,19.375,0,0,0,0,0,0,0,0,32.168,0,0,0,0,0
0,0,18.837,0,0,16.535,0,0,0,0,0,0,29.971,0,0,0,0,19.758,0,0,0,0,0,0,0,0,0,27.764,0,0,0,24.066,0,0,19.256,0,0,0,20.177,21.134,35.851,0,0,0,0,0,0,0,0
0,0,0,0,17.424,29.261,0,0,0,27.528,0,24.479,0,0,0,0,0,0,0,0,0,0,0,28.646,0,0,13.445,0,0,41.875,33.012,0,0,0,0,0,0,0,13.582,0,0,0,0,0,0,17.82,0,0,0
0,0,0,0,0,25.385,26.405,0,0,0,0,0,0,0,0,30.164,0,0,0,29.287,0,0,0,0,19.064,0,0,0,25.487,0,0,0,0,0,0,0,0,16.935,0,0,0,0,0,0,0,21.239,26.803,0,17.383
0,0,0,0,15.037,0,0,0,0,32.983,27.977,28.208,0,0,0,0,0,34.256,0,40.005,0,31.347,0,0,0,0,0,0,0,16.96,0,0,0,0,0,0,0,0,21.122,28.433,0,0,0,0,0,0,0,0,0
0,0,0,0,0,0,19.136,0,19.786,0,0,19.145,17.384,32.624,0,0,0,0,0,0,0,38.431,0,0,0,0,0,0,0,0,16.616,0,36.905,0,0,0,0,0,0,0,16.919,30.498,0,0,0,0,0,0,0
0,0,0,35.103,0,18.928,0,0,0,0,0,0,0,0,34.143,0,0,0,0,0,0,23.342,0,0,0,0,0,0,23.471,0,0,0,0,0,0,0,0,28.837,0,0,0,23.243,0,0,37.391,31.186,0,14.477,0
0,13.437,27.703,7.4134,0,0,0,0,0,27.416,0,0,0,0,0,23.636,0,0,0,0,0,22.744,0,0,0,0,9.0576,0,0,0,0,21.418,27.476,0,0,23.364,0,0,0,0,0,0,0,0,0,0,0,0,0
0,0,0,37.585,0,0,0,21.887,0,22.496,0,0,15.808,0,0,0,0,31.303,0,0,24.792,0,16.148,0,0,0,0,18.976,0,17.47,0,0,0,0,0,0,0,0,0,37.813,0,0,0,0,0,0,0,0,0
19.109,0,18.718,43.368,0,0,30.858,0,0,0,0,26.848,0,22.205,0,0,0,0,0,0,0,0,0,0,0,0,0,0,35.327,0,0,0,0,27.379,0,0,0,0,0,0,0,0,0,0,0,23.898,0,0,31.674
0,0,0,0,0,0,27.137,17.809,19.108,18.996,0,0,0,0,0,0,0,0,22.903,0,0,0,0,0,18.819,0,0,0,0,0,0,0,0,22.397,0,0,0,26.24,0,0,0,0,0,16.32,0,0,0,0,25.662
0,0,31.03,43.503,22.422,0,0,0,0,24.6,0,0,0,24.55,30.521,0,0,0,0,0,0,0,31.913,22.168,0,30.377,0,0,0,0,0,0,0,0,0,0,0,0,0,17.471,0,0,0,0,0,0,0,0,0
0,0,12.457,0,0,0,41.756,14.289,0,0,0,0,0,0,0,0,0,0,0,0,25.889,0,14.79,0,0,0,0,0,0,0,0,0,31.776,0,33.066,25.432,0,27.545,0,0,0,23.304,0,0,0,0,0,0,0
0,23.646,2.2862,31.636,0,0,0,0,32.887,0,34.491,0,0,0,25.751,0,0,0,0,0,18.967,0,0,0,0,0,0,0,0,0,0,31.318,0,0,0,0,0,0,0,0,0,0,0,0,32.529,14.362,0,0,0
0,0,0,0,0,0,0,0,0,30.217,26.023,19.446,0,19.561,0,0,0,0,0,0,0,0,0,34.615,0,0,0,0,0,0,0,0,18.782,0,31.979,0,25.853,0,0,0,0,10.811,0,0,0,0,0,0,27.403
0,0,16.495,0,0,0,0,0,0,22.744,32.87,0,0,0,0,0,0,20.135,0,0,32.77,0,0,0,0,31.095,0,0,0,31.818,0,0,0,0,0,18.648,0,0,0,0,0,0,15.247,0,0,0,0,24.937,0
0,0,0,0,25.322,0,18.073,0,26.271,0,0,42.656,0,0,0,0,0,0,0,0,0,0,0,0,0,0,18.605,0,19.633,0,0,0,0,0,26.817,0,28.401,0,0,10.291,14.887,0,0,0,0,0,0,0,0
0,0,0,0,0,0,0,0,23.015,17.477,0,15.981,33.617,0,0,34.268,0,0,0,0,18.027,0,0,0,0,0,0,0,0,0,0,0,0,0,0,0,0,0,14.071,35.896,13.711,0,0,0,0,23.15,0,0,0
42.819,0,0,0,31.141,0,0,0,0,0,0,0,0,0,0,0,0,0,0,0,0,15.571,0,0,0,29.209,0,0,0,0,0,0,23.201,0,20.496,17.236,0,34.331,15.482,28.426,0,0,0,0,0,0,0,0,0
0,0,0,0,0,0,0,0,0,0,0,0,0,0,0,35.593,0,0,0,0,0,0,21.237,6.5629,0,0,0,13.819,13.839,36.866,0,0,0,0,21.505,0,0,0,0,0,0,0,0,37.643,29.153,0,0,0,17.022
0,0,0,0,0,0,19.467,0,0,0,0,0,24.702,0,0,0,0,0,0,0,27.395,0,0,30.259,0,21.327,23.75,14.823,33.932,0,0,0,15.839,0,0,0,0,0,0,0,0,0,0,0,0,22.754,0,0,0
0,0,0,0,0,0,0,0,0,0,0,0,0,0,0,14.361,0,0,0,0,0,22.047,0,23.298,18.646,0,0,20.989,24.428,16.522,0,29.078,0,0,18.453,0,0,0,0,0,0,0,38.456,0,0,0,0,0,0
0,0,0,0,37.744,0,0,0,0,0,0,30.15,0,23.246,0,0,0,0,0,0,0,0,0,39.88,0,0,15.815,0,0,0,10.981,0,0,19.94,0,0,0,0,0,0,0,28.421,0,0,0,33.987,0,0,24.679
0,0,0,0,0,0,0,0,15.125,0,0,0,0,0,25.735,14.145,0,26.49,0,0,0,0,0,0,0,0,0,24.166,16.189,22.071,0,0,21.834,0,0,0,38.434,0,0,0,0,0,18.458,0,0,0,0,0,0
0,0,0,21.506,0,0,24.206,26.414,0,0,0,0,0,0,0,0,20.805,0,0,0,0,22.976,0,0,0,14.05,25.973,0,0,39.716,0,0,0,0,0,0,25.822,0,0,0,0,0,0,0,0,32.472,0,0,0
0,0,0,22.74,35.611,33.359,0,16.917,0,0,0,0,0,0,0,0,0,28.874,24.704,0,0,0,0,0,0,0,0,0,0,0,36.581,0,11.083,0,0,0,0,25.584,0,0,0,0,0,0,0,17.148,0,0,0
0,0,31.398,20.603,0,0,28.652,0,0,0,0,0,0,0,0,28.672,13.134,0,0,0,0,32.539,0,44.259,0,0,0,0,41.392,0,0,25.679,0,0,0,0,0,0,0,0,0,0,0,0,0,0,0,23.104,0
0,0,0,0,0,0,0,0,0,0,0,0,0,0,0,27.726,29.822,0,0,0,0,6.2682,0,48.53,0,0,0,0,21.583,0,0,27.015,0,26.016,0,0,27.668,0,24.251,0,0,0,0,0,10.871,0,0,0,0
18.468,0,0,0,0,0,0,0,0,0,0,0,0,34.003,0,0,0,0,38.646,0,0,0,0,0,0,28.774,0,17.35,0,0,0,0,28.08,0,0,0,0,0,0,27.504,0,43.079,0,0,44.267,29.869,0,0,0
0,0,0,0,40.301,0,0,0,0,16.443,0,0,0,0,0,0,0,0,0,0,0,0,8.704,36.117,17.683,0,34.069,9.2291,0,0,0,34.404,0,32.312,0,27.977,0,0,0,0,0,0,0,0,0,0,0,0,0
26.738,0,0,0,0,0,0,0,20.233,39.552,0,0,31.558,0,0,0,8.9518,0,0,0,0,40.74,0,0,0,0,0,0,0,0,0,0,24.006,0,0,31.099,0,0,0,26.58,0,0,0,0,0,0,0,17.426,0
0,28.56,0,0,0,0,0,0,0,0,24.389,0,0,0,0,0,0,22.134,0,12.374,0,0,23.396,19.571,0,0,11.963,27.096,0,0,0,0,0,0,0,16.192,0,37.681,0,0,0,0,0,0,0,0,0,0,0
0,0,0,0,18.084,0,0,0,0,0,0,0,0,0,0,0,0,0,0,26.379,0,0,30.079,0,32.037,23.367,40.754,0,0,0,0,0,0,20.977,0,0,24.019,0,0,0,0,17.005,0,0,0,0,0,0,38.876
0,0,0,0,0,0,39.596,0,0,0,0,0,0,0,0,0,33.4,0,0,0,0,0,0,0,0,0,0,0,44.612,0,0,0,19.252,0,19.787,0,0,0,9.9524,0,0,33.212,23.546,0,0,26.708,26.916,0,0
30.426,0,0,0,0,0,0,0,0,30.057,18.978,0,0,0,0,0,49.94,0,0,0,0,0,0,0,0,0,0,0,0,0,32.256,0,0,0,0,30.675,18.229,0,0,0,40.305,0,0,0,0,0,0,28.032,14.713
0,0,0,22.869,0,0,0,25.086,0,0,28.611,0,0,23.374,0,0,22.374,26.279,0,26.103,0,0,0,0,0,28.192,0,0,0,0,0,0,0,0,0,0,0,0,31.427,0,0,0,0,38.515,0,0,0,0,0
0,0,0,0,0,0,0,0,14.036,0,0,0,0,0,0,0,39.35,0,0,0,0,0,0,0,38.817,32.451,38.978,17.096,0,0,0,33.759,34.763,0,0,0,0,0,0,0,24.31,0,0,0,21.698,0,0,0,0
0,22.679,0,0,20.978,0,20.853,0,0,0,18.272,0,0,0,0,23.839,0,0,0,0,0,0,0,0,25.505,25.474,0,0,0,0,20.482,0,0,0,0,0,0,21.961,0,0,0,0,0,0,0,0,19.336,0,0
29.042,0,0,0,14.488,25.591,0,0,0,0,20.242,15.82,0,0,0,0,0,0,0,0,0,0,0,0,0,0,0,11.961,17.632,0,20.34,32.397,0,0,0,0,0,0,0,0,0,38.342,0,0,0,0,0,0,0
0,0,14.552,0,16.616,0,33.37,23.642,0,0,0,0,0,0,26.926,0,0,0,0,0,0,0,0,0,22.007,0,0,0,0,0,16.185,27.804,20.362,0,0,0,0,0,0,0,0,0.83673,0,0,0,0,0,0,0
0,0,0,0,0,0,33.384,16.749,0,0,0,0,26.306,0,0,0,0,0,0,0,0,0,0,26.857,0,0,0,0,0,0,0,0,0,0,0,0,13.044,0,0,17.552,0,0,31.545,0,19.107,16.829,22.98,0,0
0,0,23.108,0,29.872,0,0,0,9.7497,0,0,0,0,24.313,0,0,0,0,0,0,0,0,0,26.874,0,0,10.943,0,0,0,0,37.49,0,0,0,0,0,35.935,0,0,0,16.462,0,0,33.757,0,0,0,0
0,29.33,0,19.771,0,0,0,26.575,0,29.604,0,0,0,16.637,0,0,0,0,0,15.244,0,0,0,0,26.983,0,42.22,0,0,0,0,0,0,0,0,0,0,0,0,20.667,0,0,0,0,0,0,34.196,0,0
0,0,0,0,0,35.234,0,0,0,0,0,0,0,0,0,0,0,29.293,0,0,0,14.481,21.948,0,0,0,0,0,0,0,0,26.048,28.311,8.5851,0,0,0,0,0,0,0,0,0,37.64,35.237,0,17.481,0,0
0,0,0,0,0,0,14.117,0,0,0,9.7208,0,0,0,0,0,0,29.032,0,0,0,0,0,11.577,0,0,21.634,0,31.97,0,0,36.372,0,0,0,0,0,0,0,0,31.444,30.232,0,0,0,20.552,0,0,0
0,0,19.755,0,0,33.511,0,0,0,0,0,0,0,0,0,0,0,0,0,0,0,0,0,18.508,21.185,40.351,0,0,0,0,0,0,14.633,0,19.414,0,0,0,23.547,0,44.042,0,0,33.466,0,0,0,0,0
0,0,0,0,0,17.954,21.335,0,0,0,0,0,30.034,0,25.619,0,42.385,0,0,0,0,0,23.757,0,0,20.956,0,0,0,16.31,0,0,32.369,0,0,0,0,0,0,0,0,0,0,0,0,0,32.834,0,0
0,0,34.15,0,43.984,0,0,0,0,0,0,32.424,0,0,28.869,0,0,36.225,0,0,25.34,0,0,0,0,0,0,0,0,0,27.025,0,0,0,0,0,32.196,0,0,0,0,29.291,0,0,0,0,0,0,40.019
0,0,0,0,0,0,0,0,0,0,0,18.014,0,0,0,16.729,0,0,0,0,0,0,0,0,0,0,29.138,0,0,0,0,0,0,0,0,0,3.3708,5.8559,41.044,25.809,0,0,28.492,0,0,0,17.281,0,10.375
0,0,0,0,0,0,0,0,0,0,0,0,28.592,0,0,0,0,22.282,0,0,11.428,8.8939,31.267,0,0,0,0,0,0,0,24.903,0,0,0,20.806,0,0,0,0,0,0,0,0,27.863,44.784,19.29,0,0,0
16.696,0,24.761,0,0,0,32.959,0,0,0,0,0,0,0,0,28.782,0,0,0,0,0,0,7.9173,0,0,40.234,0,0,0,0,0,25.321,0,11.812,10.725,0,0,0,0,0,0,0,0,0,0,0,0,17.092,0
0,0,0,0,0,0,0,33.273,0,0,0,0,0,0,0,0,0,0,0,0,0,0,0,0,0,0,0,21.359,0,17.765,0,29.733,0,13.225,32.219,0,0,19.173,0,0,19.136,0,0,0,0,17.143,0,0,27.539
34.83,0,0,39.911,0,0,0,0,35.694,0,0,0,0,0,0,0,0,0,0,0,0,31.394,0,0,0,35.85,0,19.633,25.696,0,40.611,0,0,0,0,0,0,0,0,0,11.461,0,0,25.434,0,0,0,0,0
0,0,16.855,0,0,0,0,0,0,0,0,0,41.896,0,0,26.996,0,0,0,22.701,0,0,36.672,0,0,0,0,0,22.284,0,0,0,0,31.989,0,0,14.702,0,0,38.094,0,0,0,15.994,0,0,0,0,0
0,0,0,0,31.771,0,0,0,0,0,0,0,0,0,0,0,32.745,2.6538,0,0,0,0,0,0,0,0,0,0,16.234,0,0,0,38.889,19.355,0,0,35.529,24.217,29.627,23.437,0,0,0,0,0,0,0,0,0
13.036,0,0,0,24.619,0,0,27.777,0,0,0,0,0,0,31.331,0,25.388,0,0,0,0,0,0,0,0,0,0,0,0,0,0,0,0,0,0,25.919,0,0,0,0,30.064,0,22.994,0,0,0,16.587,32.266,0
0,0,0,0,0,0,0,0,0,17.843,0,0,0,0,21.854,0,26.795,15.571,0,0,0,0,0,0,0,0,24.436,0,0,18.269,19.119,0,13.658,22.365,0,0,0,0,28.051,0,0,0,0,0,0,0,0,0,0
0,0,26.588,0,0,0,31.761,29.306,0,25.316,0,0,0,0,0,0,0,0,0,0,0,0,0,0,0,0,17.99,21.243,24.354,0,22.698,0,0,0,0,0,0,0,15.805,0,0,0,0,15.894,0,0,0,0,0
0,0,0,0,0,0,0,30.632,0,0,0,0,27.357,0,0,30.863,0,0,0,0,0,0,0,27.884,0,0,0,0,0,0,0,0,0,4.0555,0,36.276,0,0,5.3769,0,24.041,0,0,0,16.884,0,0,0,15.977
0,0,0,0,0,0,0,0,0,11.771,0,0,0,0,0,0,22.434,0,0,0,18.981,0,0,23.549,0,28.694,0,26.938,0,0,0,0,0,0,0,0,0,0,0,0,0,24.061,0,32.745,0,29.586,34.931,0,0
0,34.123,0,0,0,0,33.913,0,0,0,0,0,0,0,0,0,22.582,0,23.427,0,0,0,26.361,0,0,0,0,20.881,16.103,0,0,0,0,0,19.751,0,0,0,0,35.814,0,0,0,0,0,22.786,0,0,0
0,30.247,0,18.289,0,0,0,0,0,21.726,0,0,0,0,0,0,21.413,0,0,0,0,0,0,0,37.03,0,0,0,0,0,18.427,0,0,0,0,0,27.968,0,33.069,0,0,0,0,0,15.955,22.87,0,0,0
0,23.587,22.556,0,0,0,0,23.013,0,0,0,0,20.908,40.771,26.99,0,0,0,0,0,0,0,25.008,0,0,0,0,0,0,0,0,0,0,31.985,0,0,0,0,16.306,26.581,0,0,0,0,0,0,0,0,0
0,0,0,0,0,24.102,0,0,0,0,19.829,0,0,0,0,0,0,0,0,0,0,0,0,11.698,0,0,0,0,28.453,0,0,0,19.867,0,0,0,0,12.552,30.893,18.855,0,0,0,0,0,0,0,27.084,19.23
0,0,0,15.001,0,14.592,0,0,27.906,0,0,0,0,33.369,0,0,0,35.69,0,13.09,0,0,0,34.463,0,36.239,0,0,0,37.077,0,0,0,0,0,0,0,0,0,0,0,0,0,0,24.41,0,0,0,0
0,31.41,0,0,0,18.608,0,32.225,0,0,0,0,0,0,0,0,0,0,0,0,8.7639,0,0,0,0,0,0,0,27.433,0,0,0,0,0,0,0,0,0,0,0,21.199,0,0,0,16.02,22.051,22.743,32.488,0
0,0,19.909,0,0,0,0,0,0,0,0,0,0,0,0,0,0,0,24.163,0,0,22.938,23.533,0,0,16.448,0,0,0,0,0,0,32.158,0,0,0,18.549,0,0,32.702,0,0,5.0525,0,0,31.873,0,0,0
0,0,0,0,35.601,0,0,0,0,0,0,0,13.421,37.151,0,0,0,0,0,23.082,0,0,10.607,0,24.105,0,0,0,0,0,34.89,0,0,0,0,0,0,24.579,0,0,0,0,21.03,0,0,0,25.192,0,0
0,0,0,0,29.928,0,0,0,0,0,0,0,0,0,29.202,0,0,0,37.536,0,0,26.091,0,0,0,0,0,0,0,0,0,0,0,21.687,0,0,27.68,0,0,0,0,27.205,0,24.1,26.969,28.305,0,0,0
0,0,20.816,21.44,0,0,0,0,0,0,0,0,0,0,0,17.579,30.277,18.017,0,0,0,0,0,0,44.136,31.7,20.86,0,0,22.139,0,0,0,0,0,0,0,0,0,0,0,0,20.551,0,0,0,0,0,0
0,22.35,12.896,0,0,0,0,0,19.816,0,0,0,0,15.53,0,0,0,27.742,0,0,0,0,0,0,0,0,0,17.951,5.4599,0,0,0,0,0,0,0,0,0,0,0,0,0,0,0,16.444,18.454,0,22.213,0
36.701,0,0,0,26.963,21.66,0,0,0,0,0,0,0,0,0,0,0,0,0,0,36.742,0,20.622,0,0,0,0,0,0,0,0,23.356,0,0,0,0,31.094,0,0,0,0,0,0,15.574,35.549,0,32.821,0,0
0,27.358,0,23.063,0,0,0,0,0,0,0,0,0,0,0,19.924,0,0,0,0,34.767,0,18.607,0,0,0,0,0,0,0,52.014,0,0,11.964,0,18.35,0,0,28.25,0,0,22.883,0,0,0,0,0,0,0
0,0,0,0,0,0,0,0,0,0,0,0,0,26.042,22.673,0,0,0,0,0,0,20.073,0,0,16,0,0,0,34.804,0,0,0,0,31.577,19.395,0,0,0,15.36,0,0,0,0,0,0,0,15.863,21.283,0
19.084,0,0,0,0,0,0,0,0,0,19.576,39.533,0,0,0,27.655,0,0,0,12.092,0,0,0,0,17.029,0,0,0,24.755,0,0,18.746,0,0,0,0,0,0,0,0,0,21.956,0,0,0,27.462,0,0,0
