Run, Query, Loss, Time
1, 0, 56.030, 0.002
1, 1, 10.633, 0.682
1, 2, 10.633, 0.683
1, 3, 10.633, 22.701
1, 4, 10.633, 0.683
1, 5, 10.633, 0.679
1, 6, 10.633, 0.678
1, 7, 5.023, 94.595
1, 8, 5.023, 0.680
1, 9, 3.909, 149.763
1, 10, 3.909, 0.679
1, 11, 3.909, 0.675
1, 12, 3.909, 0.680
1, 13, 3.909, 0.676
1, 14, 0.000, 256.931
1, 15, 0.000, 0.677
1, 16, 0.000, 0.679
1, 17, 0.000, 0.679
1, 18, 0.000, 0.677
1, 19, 0.000, 0.681
1, 20, 0.000, 0.676
1, 21, 0.000, 0.677
1, 22, 0.000, 0.675
1, 23, 0.000, 0.678
1, 24, 0.000, 0.677
1, 25, 0.000, 0.677
1, 26, 0.000, 0.676
1, 27, 0.000, 0.677
1, 28, 0.000, 0.677
1, 29, 0.000, 0.677
1, 30, 0.000, 0.675
1, 31, 0.000, 0.677
1, 32, 0.000, 0.674
1, 33, 0.000, 0.678
1, 34, 0.000, 0.679
1, 35, 0.000, 0.677
1, 36, 0.000, 0.676
1, 37, 0.000, 0.677
1, 38, 0.000, 0.678
1, 39, 0.000, 0.676
1, 40, 0.000, 0.677
1, 41, 0.000, 0.679
1, 42, 0.000, 0.677
1, 43, 0.000, 0.680
1, 44, 0.000, 0.680
1, 45, 0.000, 0.679
1, 46, 0.000, 0.679
1, 47, 0.000, 0.677
1, 48, 0.000, 0.678
1, 49, 0.000, 0.679
1, 50, 0.000, 0.678
1, 51, 0.000, 0.679
1, 52, 0.000, 0.676
1, 53, 0.000, 0.677
1, 54, 0.000, 0.681
1, 55, 0.000, 0.681
1, 56, 0.000, 0.676
1, 57, 0.000, 0.678
1, 58, 0.000, 0.681
1, 59, 0.000, 0.677
1, 60, 0.000, 0.677
1, 61, 0.000, 0.677
1, 62, 0.000, 0.675
1, 63, 0.000, 0.676
1, 64, 0.000, 0.678
1, 65, 0.000, 0.678
1, 66, 0.000, 0.677
1, 67, 0.000, 0.675
1, 68, 0.000, 0.679
1, 69, 0.000, 0.676
1, 70, 0.000, 0.677
1, 71, 0.000, 0.673
1, 72, 0.000, 0.674
1, 73, 0.000, 0.673
1, 74, 0.000, 0.677
1, 75, 0.000, 0.674
1, 76, 0.000, 0.673
1, 77, 0.000, 0.675
1, 78, 0.000, 0.679
1, 79, 0.000, 0.675
1, 80, 0.000, 0.676
1, 81, 0.000, 0.673
1, 82, 0.000, 0.680
1, 83, 0.000, 0.673
1, 84, 0.000, 0.679
1, 85, 0.000, 0.675
1, 86, 0.000, 1858.100
1, 87, 0.000, 0.674
1, 88, 0.000, 0.675
1, 89, 0.000, 0.674
1, 90, 0.000, 0.675
1, 91, 0.000, 0.675
1, 92, 0.000, 0.675
1, 93, 0.000, 0.671
1, 94, 0.000, 0.677
1, 95, 0.000, 0.676
1, 96, 0.000, 0.678
1, 97, 0.000, 0.676
1, 98, 0.000, 0.676
1, 99, 0.000, 0.677
1, 100, 0.000, 2638.605
2, 0, 31.720, 0.002
2, 1, 20.020, 0.680
2, 2, 20.020, 0.681
2, 3, 20.020, 22.760
2, 4, 20.020, 0.677
2, 5, 16.750, 77.821
2, 6, 16.750, 0.677
2, 7, 16.750, 0.672
2, 8, 7.333, 126.008
2, 9, 7.333, 0.673
2, 10, 7.333, 0.679
2, 11, 7.333, 0.672
2, 12, 0.000, 216.982
2, 13, 0.000, 0.674
2, 14, 0.000, 0.676
2, 15, 0.000, 0.675
2, 16, 0.000, 0.680
2, 17, 0.000, 0.674
2, 18, 0.000, 0.674
2, 19, 0.000, 0.676
2, 20, 0.000, 0.676
2, 21, 0.000, 0.676
2, 22, 0.000, 0.673
2, 23, 0.000, 0.676
2, 24, 0.000, 0.679
2, 25, 0.000, 0.674
2, 26, 0.000, 0.677
2, 27, 0.000, 0.675
2, 28, 0.000, 0.676
2, 29, 0.000, 0.674
2, 30, 0.000, 0.677
2, 31, 0.000, 772.723
2, 32, 0.000, 0.677
2, 33, 0.000, 0.674
2, 34, 0.000, 0.677
2, 35, 0.000, 0.674
2, 36, 0.000, 0.678
2, 37, 0.000, 0.673
2, 38, 0.000, 0.677
2, 39, 0.000, 0.673
2, 40, 0.000, 0.677
2, 41, 0.000, 0.675
2, 42, 0.000, 53.586
2, 43, 0.000, 0.675
2, 44, 0.000, 0.677
2, 45, 0.000, 0.677
2, 46, 0.000, 0.675
2, 47, 0.000, 0.672
2, 48, 0.000, 0.678
2, 49, 0.000, 0.674
2, 50, 0.000, 0.677
2, 51, 0.000, 0.675
2, 52, 0.000, 0.678
2, 53, 0.000, 0.670
2, 54, 0.000, 0.676
2, 55, 0.000, 0.675
2, 56, 0.000, 0.678
2, 57, 0.000, 0.676
2, 58, 0.000, 0.677
2, 59, 0.000, 0.673
2, 60, 0.000, 0.676
2, 61, 0.000, 0.673
2, 62, 0.000, 0.674
2, 63, 0.000, 0.672
2, 64, 0.000, 0.677
2, 65, 0.000, 0.673
2, 66, 0.000, 0.671
2, 67, 0.000, 0.675
2, 68, 0.000, 0.674
2, 69, 0.000, 0.673
2, 70, 0.000, 0.672
2, 71, 0.000, 0.675
2, 72, 0.000, 0.675
2, 73, 0.000, 0.675
2, 74, 0.000, 0.674
2, 75, 0.000, 0.675
2, 76, 0.000, 0.674
2, 77, 0.000, 0.674
2, 78, 0.000, 0.675
2, 79, 0.000, 0.674
2, 80, 0.000, 0.677
2, 81, 0.000, 0.673
2, 82, 0.000, 0.674
2, 83, 0.000, 0.672
2, 84, 0.000, 0.672
2, 85, 0.000, 0.675
2, 86, 0.000, 72.390
2, 87, 0.000, 0.673
2, 88, 0.000, 0.671
2, 89, 0.000, 0.674
2, 90, 0.000, 0.672
2, 91, 0.000, 0.672
2, 92, 0.000, 0.673
2, 93, 0.000, 0.673
2, 94, 0.000, 0.674
2, 95, 0.000, 0.673
2, 96, 0.000, 0.675
2, 97, 0.000, 0.671
2, 98, 0.000, 0.672
2, 99, 0.000, 0.675
2, 100, 0.000, 0.675
3, 0, 72.491, 0.002
3, 1, 38.342, 0.686
3, 2, 33.081, 36.749
3, 3, 33.081, 0.674
3, 4, 1.480, 62.898
3, 5, 0.000, 0.674
3, 6, 0.000, 0.674
3, 7, 0.000, 37.284
3, 8, 0.000, 0.671
3, 9, 0.384, 172.057
3, 10, 0.384, 0.670
3, 11, 0.384, 0.673
3, 12, 0.384, 0.675
3, 13, 0.384, 0.674
3, 14, 0.384, 0.676
3, 15, 0.384, 0.674
3, 16, 0.384, 0.673
3, 17, 0.384, 0.675
3, 18, 0.384, 0.674
3, 19, 0.384, 389.365
3, 20, 0.000, 0.674
3, 21, 0.000, 0.673
3, 22, 0.000, 0.671
3, 23, 0.000, 0.674
3, 24, 0.000, 0.671
3, 25, 0.000, 0.674
3, 26, 0.000, 0.672
3, 27, 0.000, 0.676
3, 28, 0.000, 0.675
3, 29, 0.000, 0.674
3, 30, 0.000, 826.214
3, 31, 0.000, 0.673
3, 32, 0.000, 0.674
3, 33, 0.000, 0.672
3, 34, 0.000, 0.675
3, 35, 0.000, 0.676
3, 36, 0.000, 0.675
3, 37, 0.000, 0.672
3, 38, 0.000, 0.674
3, 39, 0.000, 0.674
3, 40, 0.000, 0.675
3, 41, 0.000, 0.674
3, 42, 0.000, 0.671
3, 43, 0.000, 0.673
3, 44, 0.000, 0.676
3, 45, 0.000, 0.673
3, 46, 0.000, 0.674
3, 47, 0.000, 0.671
3, 48, 0.000, 0.672
3, 49, 0.000, 0.676
3, 50, 0.000, 66.073
3, 51, 0.000, 0.673
3, 52, 0.000, 0.676
3, 53, 0.000, 0.674
3, 54, 0.000, 0.673
3, 55, 0.000, 0.674
3, 56, 0.000, 0.674
3, 57, 0.000, 0.671
3, 58, 0.000, 0.673
3, 59, 0.000, 0.675
3, 60, 0.000, 314.011
3, 61, 0.000, 0.673
3, 62, 0.000, 0.673
3, 63, 0.000, 0.673
3, 64, 0.000, 0.674
3, 65, 0.000, 0.674
3, 66, 0.000, 0.676
3, 67, 0.000, 0.678
3, 68, 0.000, 0.675
3, 69, 0.000, 0.678
3, 70, 0.000, 0.678
3, 71, 0.000, 0.679
3, 72, 0.000, 0.676
3, 73, 0.000, 0.677
3, 74, 0.000, 0.674
3, 75, 0.000, 0.679
3, 76, 0.000, 0.677
3, 77, 0.000, 0.678
3, 78, 0.000, 0.676
3, 79, 0.000, 0.677
3, 80, 0.000, 2819.793
3, 81, 0.000, 0.679
3, 82, 0.000, 0.676
3, 83, 0.000, 0.677
3, 84, 0.000, 0.675
3, 85, 0.000, 0.678
3, 86, 0.000, 0.676
3, 87, 0.000, 0.676
3, 88, 0.000, 0.676
3, 89, 0.000, 381.955
3, 90, 0.000, 0.676
3, 91, 0.581, 0.676
3, 92, 0.581, 0.674
3, 93, 0.581, 0.678
3, 94, 0.000, 0.677
3, 95, 0.581, 0.679
3, 96, 0.581, 0.676
3, 97, 0.581, 0.679
3, 98, 0.581, 0.675
3, 99, 0.581, 0.677
3, 100, 0.581, 0.679
4, 0, 38.972, 0.002
4, 1, 48.961, 0.681
4, 2, 20.786, 35.389
4, 3, 11.695, 0.682
4, 4, 11.695, 0.677
4, 5, 11.695, 37.032
4, 6, 3.257, 0.676
4, 7, 3.257, 0.679
4, 8, 0.000, 152.624
4, 9, 0.000, 0.675
4, 10, 0.000, 0.676
4, 11, 0.000, 0.681
4, 12, 0.000, 0.674
4, 13, 0.000, 0.677
4, 14, 0.000, 0.677
4, 15, 0.000, 0.676
4, 16, 0.000, 0.672
4, 17, 0.000, 0.678
4, 18, 0.000, 0.674
4, 19, 0.000, 0.677
4, 20, 0.000, 0.676
4, 21, 0.000, 0.677
4, 22, 0.000, 0.676
4, 23, 0.000, 0.680
4, 24, 0.000, 0.677
4, 25, 0.000, 0.675
4, 26, 0.000, 0.675
4, 27, 0.000, 0.675
4, 28, 0.000, 0.674
4, 29, 0.000, 0.678
4, 30, 0.000, 0.675
4, 31, 0.000, 0.676
4, 32, 0.000, 0.675
4, 33, 0.000, 0.678
4, 34, 0.000, 0.674
4, 35, 0.000, 0.676
4, 36, 0.000, 0.680
4, 37, 0.000, 0.680
4, 38, 0.000, 0.675
4, 39, 0.000, 0.677
4, 40, 0.000, 0.677
4, 41, 0.000, 0.679
4, 42, 0.000, 0.678
4, 43, 0.000, 0.679
4, 44, 0.000, 0.677
4, 45, 0.000, 0.679
4, 46, 0.000, 0.673
4, 47, 0.000, 0.678
4, 48, 0.000, 0.676
4, 49, 0.000, 0.678
4, 50, 0.000, 0.675
4, 51, 0.000, 0.677
4, 52, 0.000, 0.675
4, 53, 0.000, 0.677
4, 54, 0.000, 0.677
4, 55, 0.000, 0.677
4, 56, 0.000, 0.672
4, 57, 0.000, 0.677
4, 58, 0.000, 0.676
4, 59, 0.000, 0.679
4, 60, 0.000, 0.676
4, 61, 0.000, 0.676
4, 62, 0.000, 0.677
4, 63, 0.000, 0.677
4, 64, 0.000, 0.675
4, 65, 0.000, 0.679
4, 66, 0.000, 0.677
4, 67, 0.000, 0.677
4, 68, 0.000, 0.677
4, 69, 0.000, 0.674
4, 70, 0.000, 0.677
4, 71, 0.000, 0.675
4, 72, 0.000, 0.679
4, 73, 0.000, 0.680
4, 74, 0.000, 0.680
4, 75, 0.000, 0.676
4, 76, 0.000, 0.677
4, 77, 0.000, 0.676
4, 78, 0.000, 0.677
4, 79, 0.000, 0.677
4, 80, 0.000, 0.677
4, 81, 0.000, 0.679
4, 82, 0.000, 0.675
4, 83, 0.000, 0.676
4, 84, 0.000, 0.675
4, 85, 0.000, 0.678
4, 86, 0.000, 0.675
4, 87, 0.000, 0.674
4, 88, 0.000, 0.677
4, 89, 0.000, 0.679
4, 90, 0.000, 0.676
4, 91, 0.000, 0.676
4, 92, 0.000, 0.675
4, 93, 0.000, 0.676
4, 94, 0.000, 0.675
4, 95, 0.000, 0.677
4, 96, 0.000, 0.675
4, 97, 0.000, 0.677
4, 98, 0.000, 0.680
4, 99, 0.000, 0.681
4, 100, 0.000, 0.678
5, 0, 61.740, 0.002
5, 1, 17.895, 0.681
5, 2, 17.895, 0.680
5, 3, 17.895, 22.919
5, 4, 17.895, 0.679
5, 5, 17.895, 0.678
5, 6, 17.895, 0.678
5, 7, 17.895, 0.679
5, 8, 17.895, 54.786
5, 9, 17.895, 0.675
5, 10, 17.895, 0.676
5, 11, 17.895, 0.674
5, 12, 4.983, 186.817
5, 13, 0.000, 240.793
5, 14, 0.000, 0.678
5, 15, 0.000, 0.676
5, 16, 0.000, 0.676
5, 17, 0.000, 0.677
5, 18, 0.000, 0.678
5, 19, 0.000, 0.676
5, 20, 0.000, 0.676
5, 21, 0.000, 0.677
5, 22, 0.000, 0.678
5, 23, 0.000, 0.676
5, 24, 0.000, 0.677
5, 25, 0.000, 0.677
5, 26, 0.000, 0.680
5, 27, 0.000, 0.679
5, 28, 0.000, 0.676
5, 29, 0.000, 0.676
5, 30, 0.000, 0.677
5, 31, 0.000, 0.677
5, 32, 0.000, 0.676
5, 33, 0.000, 0.680
5, 34, 0.000, 0.679
5, 35, 0.000, 0.676
5, 36, 0.000, 0.677
5, 37, 0.000, 0.677
5, 38, 0.000, 0.676
5, 39, 0.000, 0.676
5, 40, 0.000, 0.680
5, 41, 0.000, 0.675
5, 42, 0.000, 0.680
5, 43, 0.000, 0.675
5, 44, 0.000, 0.677
5, 45, 0.000, 0.677
5, 46, 0.000, 0.676
5, 47, 0.000, 0.676
5, 48, 0.000, 0.679
5, 49, 0.000, 0.674
5, 50, 0.000, 0.676
5, 51, 0.000, 0.674
5, 52, 0.000, 0.679
5, 53, 0.000, 0.679
5, 54, 0.000, 0.679
5, 55, 0.000, 0.679
5, 56, 0.000, 0.676
5, 57, 0.000, 0.677
5, 58, 0.000, 0.675
5, 59, 0.000, 0.675
5, 60, 0.000, 0.675
5, 61, 0.000, 0.678
5, 62, 0.000, 0.676
5, 63, 0.000, 0.680
5, 64, 0.000, 0.678
5, 65, 0.000, 0.677
5, 66, 0.000, 0.677
5, 67, 0.000, 0.673
5, 68, 0.000, 0.677
5, 69, 0.000, 0.670
5, 70, 0.000, 0.675
5, 71, 0.000, 0.672
5, 72, 0.000, 0.676
5, 73, 0.000, 0.671
5, 74, 0.000, 0.674
5, 75, 0.000, 0.672
5, 76, 0.000, 0.672
5, 77, 0.000, 0.675
5, 78, 0.000, 0.676
5, 79, 0.000, 0.673
5, 80, 0.000, 0.673
5, 81, 0.000, 0.671
5, 82, 0.000, 0.675
5, 83, 0.000, 0.674
5, 84, 0.000, 0.674
5, 85, 0.000, 0.675
5, 86, 0.000, 0.677
5, 87, 0.000, 0.672
5, 88, 0.000, 0.679
5, 89, 0.000, 0.673
5, 90, 0.000, 0.677
5, 91, 0.000, 0.672
5, 92, 0.000, 0.675
5, 93, 0.000, 0.672
5, 94, 0.000, 0.677
5, 95, 0.000, 0.675
5, 96, 0.000, 0.679
5, 97, 0.000, 0.676
5, 98, 0.000, 0.680
5, 99, 0.000, 0.671
5, 100, 0.000, 0.678
6, 0, 10.008, 0.002
6, 1, 8.093, 0.685
6, 2, 8.093, 0.681
6, 3, 8.093, 22.240
6, 4, 8.093, 0.677
6, 5, 8.093, 0.672
6, 6, 8.164, 87.323
6, 7, 8.164, 0.672
6, 8, 8.164, 0.676
6, 9, 8.164, 0.669
6, 10, 8.164, 0.674
6, 11, 8.164, 0.672
6, 12, 8.164, 53.794
6, 13, 8.164, 0.672
6, 14, 8.164, 0.677
6, 15, 0.000, 290.552
6, 16, 0.000, 0.678
6, 17, 0.000, 0.673
6, 18, 0.000, 0.676
6, 19, 0.000, 0.670
6, 20, 0.000, 0.677
6, 21, 0.000, 0.671
6, 22, 0.000, 0.675
6, 23, 0.000, 0.674
6, 24, 0.000, 0.677
6, 25, 0.000, 0.673
6, 26, 0.000, 0.678
6, 27, 0.000, 0.669
6, 28, 0.000, 0.676
6, 29, 0.000, 0.671
6, 30, 0.000, 744.529
6, 31, 0.000, 0.671
6, 32, 0.000, 0.676
6, 33, 0.000, 0.671
6, 34, 0.000, 0.677
6, 35, 0.000, 0.671
6, 36, 0.000, 0.675
6, 37, 0.000, 0.675
6, 38, 0.000, 0.679
6, 39, 0.000, 0.672
6, 40, 0.000, 0.676
6, 41, 0.000, 0.672
6, 42, 0.000, 0.674
6, 43, 0.000, 0.674
6, 44, 0.000, 0.676
6, 45, 0.000, 0.671
6, 46, 0.000, 0.674
6, 47, 0.000, 0.671
6, 48, 0.000, 0.678
6, 49, 0.000, 0.674
6, 50, 0.000, 0.676
6, 51, 0.000, 0.672
6, 52, 0.000, 0.676
6, 53, 0.000, 0.673
6, 54, 0.000, 0.674
6, 55, 0.000, 0.669
6, 56, 0.000, 0.676
6, 57, 0.000, 0.671
6, 58, 0.000, 0.676
6, 59, 0.000, 0.671
6, 60, 0.000, 0.678
6, 61, 0.000, 0.673
6, 62, 0.000, 0.674
6, 63, 0.000, 0.673
6, 64, 0.000, 0.674
6, 65, 0.000, 0.673
6, 66, 0.000, 0.673
6, 67, 0.000, 0.670
6, 68, 0.000, 0.674
6, 69, 0.000, 0.670
6, 70, 0.000, 0.670
6, 71, 0.000, 0.672
6, 72, 0.000, 0.672
6, 73, 0.000, 0.670
6, 74, 0.000, 0.674
6, 75, 0.000, 0.671
6, 76, 0.000, 0.674
6, 77, 0.000, 0.672
6, 78, 0.000, 0.674
6, 79, 0.000, 0.671
6, 80, 0.000, 0.675
6, 81, 0.000, 0.674
6, 82, 0.000, 0.672
6, 83, 0.000, 0.673
6, 84, 0.000, 0.674
6, 85, 0.000, 0.673
6, 86, 0.000, 0.673
6, 87, 0.000, 0.673
6, 88, 0.000, 0.674
6, 89, 0.000, 0.672
6, 90, 0.000, 0.671
6, 91, 0.000, 0.671
6, 92, 0.000, 0.672
6, 93, 0.000, 0.672
6, 94, 0.000, 0.679
6, 95, 0.000, 0.671
6, 96, 0.000, 0.673
6, 97, 0.000, 0.671
6, 98, 0.000, 0.674
6, 99, 0.000, 989.091
6, 100, 0.000, 0.671
7, 0, 37.753, 0.002
7, 1, 28.443, 0.687
7, 2, 10.286, 37.091
7, 3, 10.286, 0.675
7, 4, 10.286, 0.674
7, 5, 10.286, 0.671
7, 6, 0.331, 96.143
7, 7, 0.976, 0.672
7, 8, 0.976, 0.673
7, 9, 0.976, 51.046
7, 10, 0.976, 0.672
7, 11, 0.000, 228.474
7, 12, 0.000, 0.671
7, 13, 0.000, 0.670
7, 14, 0.000, 0.673
7, 15, 0.000, 0.671
7, 16, 0.000, 0.671
7, 17, 0.000, 0.672
7, 18, 0.000, 0.672
7, 19, 0.000, 0.672
7, 20, 0.000, 0.673
7, 21, 0.000, 0.673
7, 22, 0.000, 0.673
7, 23, 0.000, 0.671
7, 24, 0.000, 0.672
7, 25, 0.000, 0.670
7, 26, 0.000, 0.670
7, 27, 0.000, 0.671
7, 28, 0.000, 0.673
7, 29, 0.000, 0.670
7, 30, 0.000, 0.670
7, 31, 0.000, 0.674
7, 32, 0.000, 0.673
7, 33, 0.000, 0.674
7, 34, 0.000, 0.673
7, 35, 0.000, 0.671
7, 36, 0.000, 0.673
7, 37, 0.000, 0.679
7, 38, 0.000, 0.670
7, 39, 0.000, 0.671
7, 40, 0.000, 1069.693
7, 41, 0.000, 0.673
7, 42, 0.000, 0.672
7, 43, 0.000, 0.673
7, 44, 0.000, 0.673
7, 45, 0.000, 0.672
7, 46, 0.000, 616.251
7, 47, 0.000, 0.668
7, 48, 0.000, 0.673
7, 49, 0.976, 0.671
7, 50, 0.000, 0.674
7, 51, 0.000, 0.674
7, 52, 0.000, 0.672
7, 53, 0.000, 0.670
7, 54, 0.000, 0.673
7, 55, 0.000, 0.672
7, 56, 0.000, 0.672
7, 57, 0.000, 0.672
7, 58, 0.000, 0.674
7, 59, 0.000, 0.670
7, 60, 0.000, 103.688
7, 61, 0.000, 0.668
7, 62, 0.000, 0.671
7, 63, 0.000, 0.672
7, 64, 0.000, 0.673
7, 65, 0.000, 0.673
7, 66, 0.000, 0.673
7, 67, 0.000, 0.678
7, 68, 0.000, 0.675
7, 69, 0.000, 0.676
7, 70, 0.000, 0.674
7, 71, 0.000, 0.676
7, 72, 0.000, 0.678
7, 73, 0.000, 0.675
7, 74, 0.000, 0.679
7, 75, 0.000, 0.679
7, 76, 0.000, 0.677
7, 77, 0.000, 0.677
7, 78, 0.000, 0.674
7, 79, 0.000, 0.676
7, 80, 0.000, 0.677
7, 81, 0.000, 0.677
7, 82, 0.000, 0.677
7, 83, 0.000, 0.676
7, 84, 0.000, 0.680
7, 85, 0.000, 0.677
7, 86, 0.000, 0.677
7, 87, 0.000, 0.678
7, 88, 0.000, 585.487
7, 89, 0.000, 0.680
7, 90, 0.000, 0.676
7, 91, 0.000, 0.678
7, 92, 0.000, 0.676
7, 93, 0.000, 0.679
7, 94, 0.000, 0.672
7, 95, 0.000, 0.678
7, 96, 0.000, 0.680
7, 97, 0.000, 0.680
7, 98, 0.000, 0.677
7, 99, 0.000, 0.678
7, 100, 0.000, 0.676
8, 0, 8.694, 0.002
8, 1, 4.738, 0.683
8, 2, 4.738, 0.681
8, 3, 4.738, 23.557
8, 4, 4.738, 0.680
8, 5, 4.738, 0.679
8, 6, 4.417, 86.114
8, 7, 4.417, 0.676
8, 8, 0.889, 0.676
8, 9, 0.889, 39.754
8, 10, 0.889, 0.676
8, 11, 0.889, 0.679
8, 12, 0.889, 0.674
8, 13, 0.000, 254.969
8, 14, 0.000, 0.676
8, 15, 0.000, 0.676
8, 16, 0.000, 0.673
8, 17, 0.889, 309.348
8, 18, 0.000, 0.676
8, 19, 0.000, 0.676
8, 20, 0.000, 0.675
8, 21, 0.000, 0.678
8, 22, 0.000, 0.676
8, 23, 0.000, 0.675
8, 24, 0.000, 0.676
8, 25, 0.000, 0.678
8, 26, 0.000, 0.674
8, 27, 0.000, 0.676
8, 28, 0.000, 0.679
8, 29, 0.000, 196.618
8, 30, 0.000, 0.675
8, 31, 0.000, 0.676
8, 32, 0.000, 0.677
8, 33, 0.000, 0.679
8, 34, 0.000, 0.676
8, 35, 0.000, 0.677
8, 36, 0.000, 0.679
8, 37, 0.000, 0.677
8, 38, 0.000, 0.680
8, 39, 0.000, 0.678
8, 40, 0.000, 0.676
8, 41, 0.000, 0.679
8, 42, 0.000, 0.677
8, 43, 0.000, 0.681
8, 44, 0.000, 0.678
8, 45, 0.000, 0.678
8, 46, 0.000, 0.674
8, 47, 0.000, 0.677
8, 48, 0.000, 1401.424
8, 49, 0.000, 0.677
8, 50, 0.000, 0.678
8, 51, 0.000, 0.677
8, 52, 0.000, 0.680
8, 53, 0.000, 0.677
8, 54, 0.000, 0.679
8, 55, 0.000, 0.677
8, 56, 0.000, 0.677
8, 57, 0.000, 0.681
8, 58, 0.000, 0.676
8, 59, 0.000, 0.676
8, 60, 0.000, 0.677
8, 61, 0.000, 0.679
8, 62, 0.000, 0.676
8, 63, 0.000, 0.677
8, 64, 0.000, 0.680
8, 65, 0.000, 0.679
8, 66, 0.000, 0.675
8, 67, 0.000, 0.676
8, 68, 0.000, 0.677
8, 69, 0.000, 694.225
8, 70, 0.000, 0.671
8, 71, 0.000, 0.675
8, 72, 0.000, 0.673
8, 73, 0.000, 0.668
8, 74, 0.000, 0.672
8, 75, 0.000, 0.675
8, 76, 0.000, 0.676
8, 77, 0.000, 0.677
8, 78, 0.000, 0.675
8, 79, 0.000, 0.676
8, 80, 0.000, 0.671
8, 81, 0.000, 0.673
8, 82, 0.000, 0.674
8, 83, 0.000, 0.672
8, 84, 0.000, 0.675
8, 85, 0.000, 0.674
8, 86, 0.000, 0.676
8, 87, 0.000, 0.674
8, 88, 0.000, 0.673
8, 89, 0.000, 0.673
8, 90, 0.000, 0.674
8, 91, 0.000, 0.673
8, 92, 0.000, 0.675
8, 93, 0.000, 0.673
8, 94, 0.000, 135.427
8, 95, 0.000, 0.673
8, 96, 0.000, 0.679
8, 97, 0.000, 0.677
8, 98, 0.000, 0.678
8, 99, 0.000, 0.674
8, 100, 0.000, 0.673
9, 0, 44.579, 0.002
9, 1, 40.404, 0.686
9, 2, 0.075, 37.055
9, 3, 0.075, 0.676
9, 4, 0.075, 0.681
9, 5, 0.075, 0.673
9, 6, 0.075, 52.307
9, 7, 0.075, 0.679
9, 8, 0.075, 0.672
9, 9, 0.075, 0.672
9, 10, 0.075, 48.347
9, 11, 0.075, 0.674
9, 12, 0.075, 0.676
9, 13, 0.075, 0.676
9, 14, 0.000, 284.151
9, 15, 0.000, 0.675
9, 16, 0.000, 0.677
9, 17, 0.075, 0.676
9, 18, 0.000, 132.136
9, 19, 0.075, 0.678
9, 20, 0.000, 0.673
9, 21, 0.000, 0.672
9, 22, 0.000, 0.674
9, 23, 0.000, 0.672
9, 24, 0.000, 0.678
9, 25, 0.000, 0.678
9, 26, 0.000, 0.677
9, 27, 0.075, 0.676
9, 28, 0.075, 67.094
9, 29, 0.075, 0.673
9, 30, 0.000, 0.672
9, 31, 0.075, 0.673
9, 32, 0.075, 0.676
9, 33, 0.075, 0.673
9, 34, 0.000, 0.677
9, 35, 0.075, 0.677
9, 36, 0.000, 0.679
9, 37, 0.075, 0.679
9, 38, 0.000, 0.672
9, 39, 0.000, 0.673
9, 40, 0.000, 0.677
9, 41, 0.000, 0.674
9, 42, 0.000, 0.672
9, 43, 0.000, 0.673
9, 44, 0.000, 0.675
9, 45, 0.000, 0.676
9, 46, 0.000, 0.678
9, 47, 0.000, 0.675
9, 48, 0.000, 0.673
9, 49, 0.000, 0.675
9, 50, 0.000, 0.673
9, 51, 0.000, 0.675
9, 52, 0.000, 0.673
9, 53, 0.000, 0.673
9, 54, 0.000, 0.676
9, 55, 0.000, 0.678
9, 56, 0.000, 0.677
9, 57, 0.000, 0.677
9, 58, 0.000, 0.676
9, 59, 0.000, 0.676
9, 60, 0.000, 0.675
9, 61, 0.000, 0.674
9, 62, 0.000, 0.675
9, 63, 0.000, 0.677
9, 64, 0.000, 0.674
9, 65, 0.000, 0.677
9, 66, 0.000, 0.675
9, 67, 0.000, 0.677
9, 68, 0.000, 0.676
9, 69, 0.000, 0.672
9, 70, 0.000, 0.677
9, 71, 0.000, 56.113
9, 72, 0.000, 0.677
9, 73, 0.000, 0.674
9, 74, 0.000, 0.672
9, 75, 0.000, 0.670
9, 76, 0.000, 0.673
9, 77, 0.000, 0.676
9, 78, 0.000, 0.677
9, 79, 0.000, 0.671
9, 80, 0.000, 0.678
9, 81, 0.000, 0.675
9, 82, 0.000, 0.675
9, 83, 0.000, 0.676
9, 84, 0.000, 0.672
9, 85, 0.000, 0.674
9, 86, 0.000, 0.676
9, 87, 0.000, 0.677
9, 88, 0.000, 0.676
9, 89, 0.000, 0.673
9, 90, 0.000, 0.677
9, 91, 0.000, 0.674
9, 92, 0.000, 0.675
9, 93, 0.000, 0.674
9, 94, 0.000, 0.674
9, 95, 0.000, 0.676
9, 96, 0.000, 0.680
9, 97, 0.000, 0.680
9, 98, 0.000, 0.677
9, 99, 0.000, 0.675
9, 100, 0.000, 0.680
10, 0, 20.799, 0.002
10, 1, 2.162, 0.686
10, 2, 2.162, 0.681
10, 3, 2.162, 23.229
10, 4, 2.162, 0.674
10, 5, 2.162, 0.674
10, 6, 2.162, 0.674
10, 7, 2.162, 48.169
10, 8, 1.762, 0.679
10, 9, 0.000, 146.017
10, 10, 0.000, 0.673
10, 11, 0.000, 0.675
10, 12, 0.000, 0.677
10, 13, 0.000, 0.677
10, 14, 0.000, 0.673
10, 15, 0.000, 0.678
10, 16, 0.000, 0.677
10, 17, 0.000, 341.829
10, 18, 0.000, 0.677
10, 19, 0.000, 0.675
10, 20, 0.000, 0.674
10, 21, 0.000, 0.676
10, 22, 0.000, 0.678
10, 23, 0.000, 0.676
10, 24, 0.000, 0.673
10, 25, 0.000, 0.675
10, 26, 0.000, 0.676
10, 27, 0.000, 0.677
10, 28, 0.000, 0.676
10, 29, 0.000, 0.673
10, 30, 0.000, 0.674
10, 31, 0.000, 0.676
10, 32, 0.000, 0.678
10, 33, 0.000, 0.679
10, 34, 0.000, 0.678
10, 35, 0.000, 0.676
10, 36, 0.000, 0.677
10, 37, 0.000, 0.676
10, 38, 0.000, 0.679
10, 39, 0.000, 0.675
10, 40, 0.000, 0.679
10, 41, 0.000, 0.678
10, 42, 0.000, 0.676
10, 43, 0.000, 0.678
10, 44, 0.000, 1184.745
10, 45, 0.000, 0.677
10, 46, 0.000, 0.676
10, 47, 0.000, 0.680
10, 48, 0.000, 0.676
10, 49, 0.000, 0.675
10, 50, 0.000, 0.679
10, 51, 0.000, 0.675
10, 52, 0.000, 0.679
10, 53, 0.000, 238.647
10, 54, 0.000, 0.673
10, 55, 0.000, 0.679
10, 56, 0.000, 0.675
10, 57, 0.000, 0.676
10, 58, 0.000, 0.676
10, 59, 0.000, 0.673
10, 60, 0.000, 0.678
10, 61, 0.000, 0.674
10, 62, 0.000, 0.680
10, 63, 0.000, 0.677
10, 64, 0.000, 0.674
10, 65, 0.000, 0.679
10, 66, 0.000, 0.676
10, 67, 0.000, 0.673
10, 68, 0.000, 0.678
10, 69, 0.000, 0.679
10, 70, 0.000, 0.679
10, 71, 0.000, 0.678
10, 72, 0.000, 0.677
10, 73, 0.000, 0.675
10, 74, 0.000, 0.675
10, 75, 0.000, 0.678
10, 76, 0.000, 0.676
10, 77, 0.000, 0.678
10, 78, 0.000, 0.677
10, 79, 0.000, 0.676
10, 80, 0.000, 0.676
10, 81, 0.000, 0.677
10, 82, 0.000, 0.678
10, 83, 0.000, 0.677
10, 84, 0.000, 0.674
10, 85, 0.000, 0.677
10, 86, 0.000, 0.674
10, 87, 0.000, 0.673
10, 88, 0.000, 0.678
10, 89, 0.000, 0.677
10, 90, 0.000, 0.680
10, 91, 0.000, 96.155
10, 92, 0.000, 0.679
10, 93, 0.000, 0.676
10, 94, 0.000, 0.674
10, 95, 0.000, 0.681
10, 96, 0.000, 0.674
10, 97, 0.000, 0.676
10, 98, 0.000, 0.678
10, 99, 0.000, 0.676
10, 100, 0.000, 0.679
11, 0, 39.928, 0.002
11, 1, 5.260, 0.682
11, 2, 5.260, 0.683
11, 3, 5.260, 22.696
11, 4, 5.260, 0.676
11, 5, 5.260, 0.679
11, 6, 5.260, 0.672
11, 7, 5.260, 46.566
11, 8, 0.000, 0.677
11, 9, 0.000, 0.678
11, 10, 0.000, 0.678
11, 11, 0.000, 53.472
11, 12, 0.000, 0.677
11, 13, 0.000, 0.678
11, 14, 0.891, 262.578
11, 15, 0.891, 0.677
11, 16, 0.891, 0.671
11, 17, 0.891, 0.676
11, 18, 0.891, 360.948
11, 19, 0.891, 0.677
11, 20, 0.891, 0.680
11, 21, 0.000, 0.678
11, 22, 0.891, 0.677
11, 23, 0.000, 0.676
11, 24, 0.000, 0.676
11, 25, 0.000, 0.680
11, 26, 0.000, 0.674
11, 27, 0.000, 87.406
11, 28, 0.000, 0.677
11, 29, 0.000, 0.677
11, 30, 0.000, 0.679
11, 31, 0.000, 0.676
11, 32, 0.891, 0.676
11, 33, 0.000, 0.678
11, 34, 0.000, 0.680
11, 35, 0.000, 0.677
11, 36, 0.000, 0.676
11, 37, 0.000, 0.674
11, 38, 0.000, 0.673
11, 39, 0.000, 0.678
11, 40, 0.000, 0.672
11, 41, 0.000, 0.680
11, 42, 0.000, 0.676
11, 43, 0.000, 0.677
11, 44, 0.000, 0.674
11, 45, 0.000, 0.677
11, 46, 0.000, 0.677
11, 47, 0.000, 0.674
11, 48, 0.000, 0.670
11, 49, 0.000, 0.677
11, 50, 0.000, 0.672
11, 51, 0.000, 0.675
11, 52, 0.000, 0.673
11, 53, 0.000, 0.676
11, 54, 0.000, 0.676
11, 55, 0.000, 0.678
11, 56, 0.000, 0.677
11, 57, 0.000, 0.674
11, 58, 0.000, 0.674
11, 59, 0.000, 0.676
11, 60, 0.000, 0.677
11, 61, 0.000, 0.679
11, 62, 0.000, 0.676
11, 63, 0.000, 0.677
11, 64, 0.000, 0.678
11, 65, 0.000, 0.676
11, 66, 0.000, 0.675
11, 67, 0.000, 0.678
11, 68, 0.000, 0.672
11, 69, 0.000, 0.673
11, 70, 0.000, 0.674
11, 71, 0.000, 0.669
11, 72, 0.000, 2333.486
11, 73, 0.000, 0.671
11, 74, 0.000, 0.680
11, 75, 0.000, 0.674
11, 76, 0.000, 0.673
11, 77, 0.000, 0.676
11, 78, 0.000, 0.675
11, 79, 0.000, 0.671
11, 80, 0.000, 0.673
11, 81, 0.000, 0.675
11, 82, 0.000, 0.674
11, 83, 0.000, 0.672
11, 84, 0.000, 0.676
11, 85, 0.000, 0.671
11, 86, 0.000, 0.675
11, 87, 0.000, 0.677
11, 88, 0.000, 0.674
11, 89, 0.000, 0.675
11, 90, 0.000, 0.675
11, 91, 0.000, 0.672
11, 92, 0.000, 0.676
11, 93, 0.000, 0.671
11, 94, 0.000, 0.679
11, 95, 0.000, 0.671
11, 96, 0.000, 0.676
11, 97, 0.000, 0.674
11, 98, 0.000, 0.671
11, 99, 0.000, 0.673
11, 100, 0.000, 0.674
12, 0, 15.088, 0.002
12, 1, 11.536, 0.685
12, 2, 11.536, 0.680
12, 3, 9.203, 48.763
12, 4, 9.203, 0.678
12, 5, 9.203, 0.674
12, 6, 9.203, 0.675
12, 7, 3.308, 103.998
12, 8, 3.308, 0.673
12, 9, 3.308, 0.675
12, 10, 0.583, 171.099
12, 11, 0.583, 0.673
12, 12, 0.583, 0.675
12, 13, 0.583, 0.673
12, 14, 0.583, 0.675
12, 15, 0.583, 0.673
12, 16, 0.000, 333.486
12, 17, 0.000, 0.677
12, 18, 0.000, 0.672
12, 19, 0.000, 0.674
12, 20, 0.000, 0.673
12, 21, 0.000, 0.674
12, 22, 0.000, 0.674
12, 23, 0.000, 499.531
12, 24, 0.000, 0.681
12, 25, 0.000, 0.673
12, 26, 0.000, 0.677
12, 27, 0.000, 0.681
12, 28, 0.000, 0.672
12, 29, 0.000, 0.675
12, 30, 0.000, 0.676
12, 31, 0.000, 0.676
12, 32, 0.000, 0.673
12, 33, 0.000, 0.674
12, 34, 0.000, 0.673
12, 35, 0.000, 0.677
12, 36, 0.000, 0.674
12, 37, 0.000, 0.678
12, 38, 0.000, 0.675
12, 39, 0.000, 0.673
12, 40, 0.000, 0.678
12, 41, 0.000, 0.673
12, 42, 0.000, 0.678
12, 43, 0.000, 0.672
12, 44, 0.000, 0.677
12, 45, 0.000, 0.675
12, 46, 0.000, 0.673
12, 47, 0.000, 0.679
12, 48, 0.000, 0.677
12, 49, 0.000, 0.676
12, 50, 0.000, 0.680
12, 51, 0.000, 0.671
12, 52, 0.000, 0.679
12, 53, 0.000, 1231.702
12, 54, 0.000, 0.672
12, 55, 0.000, 0.672
12, 56, 0.000, 0.672
12, 57, 0.000, 0.676
12, 58, 0.000, 0.677
12, 59, 0.000, 0.675
12, 60, 0.000, 0.679
12, 61, 0.000, 0.672
12, 62, 0.000, 0.676
12, 63, 0.000, 0.672
12, 64, 0.000, 0.674
12, 65, 0.000, 0.672
12, 66, 0.000, 0.671
12, 67, 0.000, 0.674
12, 68, 0.000, 0.676
12, 69, 0.000, 0.674
12, 70, 0.000, 0.676
12, 71, 0.000, 0.678
12, 72, 0.000, 0.676
12, 73, 0.000, 0.674
12, 74, 0.000, 0.674
12, 75, 0.000, 0.675
12, 76, 0.000, 0.671
12, 77, 0.000, 0.675
12, 78, 0.000, 0.679
12, 79, 0.000, 0.675
12, 80, 0.000, 0.676
12, 81, 0.000, 0.679
12, 82, 0.000, 0.677
12, 83, 0.000, 0.676
12, 84, 0.000, 0.674
12, 85, 0.000, 0.675
12, 86, 0.000, 0.673
12, 87, 0.000, 0.674
12, 88, 0.000, 529.246
12, 89, 0.000, 0.676
12, 90, 0.000, 0.678
12, 91, 0.000, 0.678
12, 92, 0.000, 0.679
12, 93, 0.000, 0.676
12, 94, 0.000, 0.674
12, 95, 0.000, 0.677
12, 96, 0.000, 0.675
12, 97, 0.000, 0.672
12, 98, 0.000, 0.678
12, 99, 0.000, 0.676
12, 100, 0.000, 0.676
13, 0, 45.968, 0.002
13, 1, 30.442, 0.682
13, 2, 7.196, 36.834
13, 3, 7.196, 0.676
13, 4, 7.196, 0.673
13, 5, 7.196, 0.678
13, 6, 7.196, 53.666
13, 7, 0.736, 0.673
13, 8, 0.736, 0.680
13, 9, 0.000, 158.014
13, 10, 0.000, 0.676
13, 11, 0.000, 0.675
13, 12, 0.000, 0.674
13, 13, 0.000, 0.677
13, 14, 0.000, 0.678
13, 15, 0.000, 0.675
13, 16, 0.000, 0.678
13, 17, 0.000, 0.680
13, 18, 0.736, 365.886
13, 19, 0.000, 0.672
13, 20, 0.000, 0.675
13, 21, 0.000, 0.673
13, 22, 0.736, 0.672
13, 23, 0.736, 0.679
13, 24, 0.736, 0.675
13, 25, 0.736, 130.618
13, 26, 0.000, 0.678
13, 27, 0.736, 0.678
13, 28, 0.000, 0.675
13, 29, 0.000, 0.673
13, 30, 0.000, 0.678
13, 31, 0.000, 0.673
13, 32, 0.000, 0.672
13, 33, 0.000, 0.678
13, 34, 0.000, 0.679
13, 35, 0.000, 0.676
13, 36, 0.000, 0.678
13, 37, 0.000, 0.675
13, 38, 0.000, 0.675
13, 39, 0.000, 0.674
13, 40, 0.000, 0.674
13, 41, 0.000, 0.673
13, 42, 0.000, 0.673
13, 43, 0.000, 0.677
13, 44, 0.000, 0.675
13, 45, 0.000, 0.680
13, 46, 0.000, 0.677
13, 47, 0.000, 0.679
13, 48, 0.000, 0.675
13, 49, 0.000, 0.673
13, 50, 0.000, 0.677
13, 51, 0.000, 0.674
13, 52, 0.000, 0.676
13, 53, 0.000, 0.679
13, 54, 0.000, 1626.750
13, 55, 0.000, 0.678
13, 56, 0.000, 0.677
13, 57, 0.000, 0.675
13, 58, 0.000, 0.676
13, 59, 0.000, 0.676
13, 60, 0.000, 0.677
13, 61, 0.000, 0.680
13, 62, 0.000, 0.679
13, 63, 0.000, 0.676
13, 64, 0.000, 0.673
13, 65, 0.000, 0.676
13, 66, 0.000, 0.678
13, 67, 0.000, 0.676
13, 68, 0.000, 0.673
13, 69, 0.000, 0.675
13, 70, 0.000, 0.675
13, 71, 0.000, 0.677
13, 72, 0.000, 0.675
13, 73, 0.000, 0.678
13, 74, 0.000, 0.675
13, 75, 0.000, 0.677
13, 76, 0.000, 0.678
13, 77, 0.000, 0.677
13, 78, 0.000, 0.675
13, 79, 0.000, 0.676
13, 80, 0.000, 0.677
13, 81, 0.000, 0.678
13, 82, 0.000, 0.678
13, 83, 0.000, 0.677
13, 84, 0.000, 0.677
13, 85, 0.000, 0.679
13, 86, 0.000, 0.679
13, 87, 0.000, 0.673
13, 88, 0.000, 0.675
13, 89, 0.000, 0.676
13, 90, 0.000, 0.677
13, 91, 0.000, 0.678
13, 92, 0.000, 0.672
13, 93, 0.000, 0.680
13, 94, 0.000, 0.675
13, 95, 0.000, 0.678
13, 96, 0.000, 0.676
13, 97, 0.000, 0.673
13, 98, 0.000, 0.673
13, 99, 0.000, 0.678
13, 100, 0.000, 0.677
14, 0, 20.285, 0.002
14, 1, 26.391, 0.683
14, 2, 25.133, 37.338
14, 3, 25.133, 0.680
14, 4, 25.133, 0.679
14, 5, 16.830, 71.107
14, 6, 5.565, 0.676
14, 7, 5.565, 0.673
14, 8, 5.565, 35.087
14, 9, 5.565, 0.678
14, 10, 5.565, 0.675
14, 11, 5.565, 0.681
14, 12, 5.565, 0.673
14, 13, 0.000, 270.325
14, 14, 0.000, 0.678
14, 15, 0.000, 0.676
14, 16, 0.000, 0.680
14, 17, 0.000, 0.673
14, 18, 0.000, 0.675
14, 19, 0.000, 0.678
14, 20, 0.000, 0.677
14, 21, 0.000, 0.680
14, 22, 0.000, 0.674
14, 23, 0.000, 0.679
14, 24, 0.000, 0.676
14, 25, 0.000, 0.679
14, 26, 0.000, 0.679
14, 27, 0.000, 0.673
14, 28, 0.000, 0.672
14, 29, 0.000, 0.677
14, 30, 0.000, 0.676
14, 31, 0.000, 0.676
14, 32, 0.000, 0.677
14, 33, 0.000, 0.676
14, 34, 0.000, 0.676
14, 35, 0.000, 0.676
14, 36, 0.000, 0.675
14, 37, 0.000, 0.677
14, 38, 0.000, 0.672
14, 39, 0.000, 0.676
14, 40, 0.000, 0.674
14, 41, 0.000, 0.673
14, 42, 0.000, 0.675
14, 43, 0.000, 0.674
14, 44, 0.000, 0.675
14, 45, 0.000, 0.676
14, 46, 0.000, 0.678
14, 47, 0.000, 0.676
14, 48, 0.000, 0.672
14, 49, 0.000, 0.673
14, 50, 0.000, 0.671
14, 51, 0.000, 0.672
14, 52, 0.000, 0.674
14, 53, 0.000, 0.676
14, 54, 0.000, 0.673
14, 55, 0.000, 0.672
14, 56, 0.000, 0.676
14, 57, 0.000, 0.677
14, 58, 0.000, 0.675
14, 59, 0.000, 0.675
14, 60, 0.000, 0.672
14, 61, 0.000, 0.676
14, 62, 0.000, 0.673
14, 63, 0.000, 0.675
14, 64, 0.000, 0.677
14, 65, 0.000, 0.675
14, 66, 0.000, 0.676
14, 67, 0.000, 0.675
14, 68, 0.000, 0.676
14, 69, 0.000, 0.673
14, 70, 0.000, 0.676
14, 71, 0.000, 0.672
14, 72, 0.000, 0.681
14, 73, 0.000, 0.673
14, 74, 0.000, 0.671
14, 75, 0.000, 0.671
14, 76, 0.000, 0.674
14, 77, 0.000, 0.675
14, 78, 0.000, 0.679
14, 79, 0.000, 0.674
14, 80, 0.000, 0.675
14, 81, 0.000, 0.674
14, 82, 0.000, 0.676
14, 83, 0.000, 0.672
14, 84, 0.000, 0.673
14, 85, 0.000, 0.677
14, 86, 0.000, 0.673
14, 87, 0.000, 0.676
14, 88, 0.000, 0.676
14, 89, 0.000, 0.687
14, 90, 0.000, 0.678
14, 91, 0.000, 0.670
14, 92, 0.000, 0.678
14, 93, 0.000, 0.672
14, 94, 0.000, 0.676
14, 95, 0.000, 0.673
14, 96, 0.000, 0.675
14, 97, 0.000, 0.680
14, 98, 0.000, 0.674
14, 99, 0.000, 0.673
14, 100, 0.000, 0.678
15, 0, 58.348, 0.002
15, 1, 33.152, 0.682
15, 2, 33.152, 0.682
15, 3, 25.528, 48.462
15, 4, 25.528, 0.676
15, 5, 8.159, 0.677
15, 6, 7.201, 96.653
15, 7, 3.466, 0.675
15, 8, 3.466, 38.475
15, 9, 3.466, 0.672
15, 10, 3.466, 0.680
15, 11, 3.466, 0.675
15, 12, 3.466, 0.677
15, 13, 3.466, 0.675
15, 14, 0.000, 330.838
15, 15, 0.000, 0.672
15, 16, 0.000, 0.674
15, 17, 0.000, 0.674
15, 18, 0.000, 0.677
15, 19, 0.000, 0.673
15, 20, 0.000, 0.675
15, 21, 0.000, 0.674
15, 22, 0.000, 0.677
15, 23, 0.000, 0.673
15, 24, 0.000, 0.674
15, 25, 0.000, 0.675
15, 26, 0.000, 0.674
15, 27, 0.000, 0.676
15, 28, 0.000, 0.676
15, 29, 0.000, 0.675
15, 30, 0.000, 0.677
15, 31, 0.000, 0.674
15, 32, 0.000, 0.679
15, 33, 0.000, 0.674
15, 34, 0.000, 0.676
15, 35, 0.000, 0.674
15, 36, 0.000, 0.673
15, 37, 0.000, 0.677
15, 38, 0.000, 0.675
15, 39, 0.000, 0.674
15, 40, 0.000, 0.677
15, 41, 0.000, 0.672
15, 42, 0.000, 0.678
15, 43, 0.000, 0.676
15, 44, 0.000, 0.674
15, 45, 0.000, 0.679
15, 46, 0.000, 0.672
15, 47, 0.000, 0.679
15, 48, 0.000, 0.677
15, 49, 0.000, 0.673
15, 50, 0.000, 0.677
15, 51, 0.000, 0.671
15, 52, 0.000, 0.678
15, 53, 0.000, 0.674
15, 54, 0.000, 0.675
15, 55, 0.000, 0.675
15, 56, 0.000, 0.675
15, 57, 0.000, 0.676
15, 58, 0.000, 0.676
15, 59, 0.000, 0.674
15, 60, 0.000, 0.676
15, 61, 0.000, 0.674
15, 62, 0.000, 0.679
15, 63, 0.000, 0.674
15, 64, 0.000, 0.675
15, 65, 0.000, 0.676
15, 66, 0.000, 0.672
15, 67, 0.000, 0.674
15, 68, 0.000, 0.678
15, 69, 0.000, 0.674
15, 70, 0.000, 0.676
15, 71, 0.000, 0.673
15, 72, 0.000, 0.678
15, 73, 0.000, 0.677
15, 74, 0.000, 0.673
15, 75, 0.000, 0.678
15, 76, 0.000, 0.674
15, 77, 0.000, 0.672
15, 78, 0.000, 0.679
15, 79, 0.000, 0.673
15, 80, 0.000, 0.675
15, 81, 0.000, 0.679
15, 82, 0.000, 0.678
15, 83, 0.000, 0.678
15, 84, 0.000, 0.673
15, 85, 0.000, 0.677
15, 86, 0.000, 0.676
15, 87, 0.000, 0.670
15, 88, 0.000, 0.679
15, 89, 0.000, 2036.687
15, 90, 0.000, 0.675
15, 91, 0.000, 0.676
15, 92, 0.000, 0.671
15, 93, 0.000, 0.677
15, 94, 0.000, 0.671
15, 95, 0.000, 0.674
15, 96, 0.000, 0.674
15, 97, 0.000, 0.674
15, 98, 0.000, 0.674
15, 99, 0.000, 0.670
15, 100, 0.000, 0.676
16, 0, 41.663, 0.002
16, 1, 27.106, 0.684
16, 2, 15.747, 36.973
16, 3, 0.873, 0.679
16, 4, 0.873, 0.676
16, 5, 0.873, 35.905
16, 6, 0.000, 0.676
16, 7, 0.000, 0.673
16, 8, 0.000, 46.880
16, 9, 0.000, 0.673
16, 10, 0.000, 0.676
16, 11, 0.000, 0.677
16, 12, 0.000, 0.678
16, 13, 0.000, 0.677
16, 14, 0.000, 0.674
16, 15, 0.000, 0.674
16, 16, 0.000, 0.677
16, 17, 0.000, 0.673
16, 18, 0.000, 0.677
16, 19, 0.000, 0.675
16, 20, 0.000, 0.677
16, 21, 0.000, 0.675
16, 22, 0.000, 0.677
16, 23, 0.000, 0.678
16, 24, 0.000, 0.669
16, 25, 0.000, 0.677
16, 26, 0.000, 0.672
16, 27, 0.000, 0.672
16, 28, 0.000, 0.676
16, 29, 0.000, 668.335
16, 30, 0.000, 0.677
16, 31, 0.000, 0.678
16, 32, 0.000, 0.672
16, 33, 0.000, 0.678
16, 34, 0.000, 0.674
16, 35, 0.000, 0.678
16, 36, 0.000, 0.677
16, 37, 0.000, 0.675
16, 38, 0.000, 58.921
16, 39, 0.000, 0.674
16, 40, 0.000, 0.676
16, 41, 0.000, 0.672
16, 42, 0.000, 0.671
16, 43, 0.000, 0.675
16, 44, 0.000, 0.675
16, 45, 0.000, 0.674
16, 46, 0.000, 0.674
16, 47, 0.000, 0.678
16, 48, 0.000, 0.673
16, 49, 0.000, 0.677
16, 50, 0.000, 0.677
16, 51, 0.000, 0.673
16, 52, 0.000, 0.674
16, 53, 0.000, 0.673
16, 54, 0.000, 0.674
16, 55, 0.000, 0.677
16, 56, 0.000, 0.675
16, 57, 0.000, 0.676
16, 58, 0.000, 0.679
16, 59, 0.000, 0.674
16, 60, 0.000, 0.678
16, 61, 0.000, 0.676
16, 62, 0.000, 0.674
16, 63, 0.000, 0.679
16, 64, 0.000, 0.673
16, 65, 0.000, 0.680
16, 66, 0.000, 0.680
16, 67, 0.000, 0.673
16, 68, 0.000, 0.675
16, 69, 0.000, 0.677
16, 70, 0.000, 0.675
16, 71, 0.000, 0.679
16, 72, 0.000, 0.675
16, 73, 0.000, 0.674
16, 74, 0.000, 0.677
16, 75, 0.000, 0.673
16, 76, 0.000, 0.678
16, 77, 0.000, 0.674
16, 78, 0.000, 0.675
16, 79, 0.000, 0.676
16, 80, 0.000, 0.674
16, 81, 0.000, 0.679
16, 82, 0.000, 0.672
16, 83, 0.000, 0.673
16, 84, 0.000, 0.677
16, 85, 0.000, 0.675
16, 86, 0.000, 0.677
16, 87, 0.000, 0.672
16, 88, 0.000, 0.673
16, 89, 0.000, 0.678
16, 90, 0.000, 0.675
16, 91, 0.000, 0.678
16, 92, 0.000, 0.677
16, 93, 0.000, 0.673
16, 94, 0.000, 0.678
16, 95, 0.000, 0.674
16, 96, 0.000, 0.677
16, 97, 0.000, 0.673
16, 98, 0.000, 0.673
16, 99, 0.000, 0.676
16, 100, 0.000, 0.673
17, 0, 35.844, 0.002
17, 1, 30.447, 0.686
17, 2, 30.447, 0.679
17, 3, 30.447, 22.517
17, 4, 23.732, 0.681
17, 5, 17.306, 82.140
17, 6, 12.859, 0.680
17, 7, 12.859, 32.518
17, 8, 4.836, 0.676
17, 9, 4.836, 40.994
17, 10, 4.836, 0.674
17, 11, 4.977, 237.546
17, 12, 4.977, 0.672
17, 13, 0.000, 300.789
17, 14, 0.000, 0.675
17, 15, 0.000, 0.673
17, 16, 0.000, 0.680
17, 17, 0.000, 0.674
17, 18, 0.000, 0.680
17, 19, 0.000, 0.674
17, 20, 0.000, 0.676
17, 21, 0.000, 0.672
17, 22, 0.000, 0.676
17, 23, 0.000, 0.677
17, 24, 0.000, 0.677
17, 25, 0.000, 0.672
17, 26, 0.000, 0.678
17, 27, 0.000, 0.672
17, 28, 0.000, 0.675
17, 29, 0.000, 0.676
17, 30, 0.000, 0.673
17, 31, 0.000, 0.678
17, 32, 0.000, 0.674
17, 33, 0.000, 0.674
17, 34, 0.000, 0.676
17, 35, 0.000, 0.680
17, 36, 0.000, 0.677
17, 37, 0.000, 0.681
17, 38, 0.000, 0.675
17, 39, 0.000, 0.677
17, 40, 0.000, 0.677
17, 41, 0.000, 0.680
17, 42, 0.000, 0.676
17, 43, 0.000, 0.678
17, 44, 0.000, 0.674
17, 45, 0.000, 0.679
17, 46, 0.000, 0.678
17, 47, 0.000, 0.676
17, 48, 0.000, 0.675
17, 49, 0.000, 0.679
17, 50, 0.000, 0.675
17, 51, 0.000, 0.678
17, 52, 0.000, 0.677
17, 53, 0.000, 0.677
17, 54, 0.000, 0.675
17, 55, 0.000, 0.680
17, 56, 0.000, 0.674
17, 57, 0.000, 0.676
17, 58, 0.000, 0.676
17, 59, 0.000, 0.678
17, 60, 0.000, 0.677
17, 61, 0.000, 0.677
17, 62, 0.000, 0.675
17, 63, 0.000, 0.680
17, 64, 0.000, 0.676
17, 65, 0.000, 0.676
17, 66, 0.000, 0.675
17, 67, 0.000, 0.680
17, 68, 0.000, 0.673
17, 69, 0.000, 0.677
17, 70, 0.000, 0.676
17, 71, 0.000, 0.677
17, 72, 0.000, 0.677
17, 73, 0.000, 0.682
17, 74, 0.000, 0.675
17, 75, 0.000, 0.675
17, 76, 0.000, 0.675
17, 77, 0.000, 0.678
17, 78, 0.000, 0.678
17, 79, 0.000, 0.678
17, 80, 0.000, 0.676
17, 81, 0.000, 0.680
17, 82, 0.000, 0.678
17, 83, 0.000, 0.677
17, 84, 0.000, 0.678
17, 85, 0.000, 0.680
17, 86, 0.000, 0.675
17, 87, 0.000, 0.679
17, 88, 0.000, 0.677
17, 89, 0.000, 0.681
17, 90, 0.000, 0.675
17, 91, 0.000, 0.679
17, 92, 0.000, 0.677
17, 93, 0.000, 0.679
17, 94, 0.000, 0.675
17, 95, 0.000, 0.677
17, 96, 0.000, 0.674
17, 97, 0.000, 0.679
17, 98, 0.000, 0.674
17, 99, 0.000, 0.679
17, 100, 0.000, 0.676
18, 0, 33.737, 0.002
18, 1, 13.521, 0.686
18, 2, 13.521, 0.677
18, 3, 13.521, 23.181
18, 4, 13.521, 0.677
18, 5, 13.521, 0.674
18, 6, 10.035, 85.523
18, 7, 10.035, 0.678
18, 8, 10.035, 0.675
18, 9, 10.035, 0.677
18, 10, 0.000, 168.102
18, 11, 0.000, 0.677
18, 12, 0.000, 0.673
18, 13, 0.000, 0.676
18, 14, 0.000, 0.674
18, 15, 0.000, 0.678
18, 16, 0.000, 0.674
18, 17, 0.000, 0.674
18, 18, 0.000, 0.678
18, 19, 0.000, 0.674
18, 20, 0.000, 0.675
18, 21, 0.000, 0.673
18, 22, 0.000, 0.675
18, 23, 0.000, 0.673
18, 24, 0.000, 0.676
18, 25, 0.000, 0.678
18, 26, 0.000, 0.672
18, 27, 0.000, 0.673
18, 28, 0.000, 0.676
18, 29, 0.000, 0.674
18, 30, 0.000, 0.676
18, 31, 0.000, 0.676
18, 32, 0.000, 0.675
18, 33, 0.000, 0.675
18, 34, 0.000, 0.675
18, 35, 0.000, 0.677
18, 36, 0.000, 0.676
18, 37, 0.000, 0.674
18, 38, 0.000, 0.675
18, 39, 0.000, 0.674
18, 40, 0.000, 0.678
18, 41, 0.000, 0.680
18, 42, 0.000, 0.680
18, 43, 0.000, 0.675
18, 44, 0.000, 0.675
18, 45, 0.000, 0.676
18, 46, 0.000, 0.674
18, 47, 0.000, 0.674
18, 48, 0.000, 0.678
18, 49, 0.000, 0.674
18, 50, 0.000, 0.674
18, 51, 0.000, 0.675
18, 52, 0.000, 0.674
18, 53, 0.000, 0.674
18, 54, 0.000, 0.671
18, 55, 0.000, 0.677
18, 56, 0.000, 0.675
18, 57, 0.000, 0.675
18, 58, 0.000, 0.674
18, 59, 0.000, 1525.586
18, 60, 0.000, 0.675
18, 61, 0.000, 0.675
18, 62, 0.000, 0.676
18, 63, 0.000, 0.677
18, 64, 0.000, 0.674
18, 65, 0.000, 0.675
18, 66, 0.000, 0.674
18, 67, 0.000, 0.676
18, 68, 0.000, 0.674
18, 69, 0.000, 0.673
18, 70, 0.000, 84.208
18, 71, 0.000, 0.677
18, 72, 0.000, 0.676
18, 73, 0.000, 0.676
18, 74, 0.000, 0.674
18, 75, 0.000, 0.673
18, 76, 0.000, 0.675
18, 77, 0.000, 0.675
18, 78, 0.000, 0.674
18, 79, 0.000, 0.674
18, 80, 0.000, 0.677
18, 81, 0.000, 0.674
18, 82, 0.000, 0.674
18, 83, 0.000, 0.673
18, 84, 0.000, 0.673
18, 85, 0.000, 0.673
18, 86, 0.000, 0.674
18, 87, 0.000, 0.676
18, 88, 0.000, 0.674
18, 89, 0.000, 0.677
18, 90, 0.000, 0.675
18, 91, 0.000, 0.673
18, 92, 0.000, 0.675
18, 93, 0.000, 0.672
18, 94, 0.000, 0.672
18, 95, 0.000, 0.675
18, 96, 0.000, 0.674
18, 97, 0.000, 0.676
18, 98, 0.000, 0.673
18, 99, 0.000, 0.676
18, 100, 0.000, 0.675
19, 0, 42.908, 0.002
19, 1, 39.000, 0.683
19, 2, 39.000, 0.676
19, 3, 39.000, 22.841
19, 4, 28.909, 0.676
19, 5, 20.808, 83.515
19, 6, 20.808, 0.675
19, 7, 20.808, 0.673
19, 8, 7.727, 141.247
19, 9, 7.727, 0.675
19, 10, 7.727, 0.674
19, 11, 0.000, 209.877
19, 12, 0.000, 0.676
19, 13, 0.000, 0.672
19, 14, 0.000, 0.670
19, 15, 0.000, 0.673
19, 16, 0.000, 0.676
19, 17, 0.000, 0.675
19, 18, 0.000, 0.674
19, 19, 0.000, 0.677
19, 20, 0.000, 0.675
19, 21, 0.000, 0.673
19, 22, 0.000, 0.673
19, 23, 0.000, 0.677
19, 24, 0.000, 0.675
19, 25, 0.000, 0.674
19, 26, 0.000, 0.675
19, 27, 0.000, 0.674
19, 28, 0.000, 0.674
19, 29, 0.000, 0.676
19, 30, 0.000, 0.673
19, 31, 0.000, 0.676
19, 32, 0.000, 0.674
19, 33, 0.000, 0.674
19, 34, 0.000, 0.675
19, 35, 0.000, 0.675
19, 36, 0.000, 0.674
19, 37, 0.000, 0.672
19, 38, 0.000, 0.675
19, 39, 0.000, 0.678
19, 40, 0.000, 0.675
19, 41, 0.000, 0.676
19, 42, 0.000, 0.675
19, 43, 0.000, 0.675
19, 44, 0.000, 0.676
19, 45, 0.000, 0.675
19, 46, 0.000, 0.677
19, 47, 0.000, 0.677
19, 48, 0.000, 0.676
19, 49, 0.000, 0.678
19, 50, 0.000, 0.674
19, 51, 0.000, 0.677
19, 52, 0.000, 0.678
19, 53, 0.000, 0.674
19, 54, 0.000, 0.678
19, 55, 0.000, 0.673
19, 56, 0.000, 0.676
19, 57, 0.000, 0.672
19, 58, 0.000, 0.674
19, 59, 0.000, 0.674
19, 60, 0.000, 0.675
19, 61, 0.000, 0.674
19, 62, 0.000, 0.676
19, 63, 0.000, 0.675
19, 64, 0.000, 0.674
19, 65, 0.000, 0.677
19, 66, 0.000, 0.672
19, 67, 0.000, 0.674
19, 68, 0.000, 0.676
19, 69, 0.000, 0.671
19, 70, 0.000, 0.674
19, 71, 0.000, 0.672
19, 72, 0.000, 0.674
19, 73, 0.000, 0.672
19, 74, 0.000, 0.674
19, 75, 0.000, 0.676
19, 76, 0.000, 0.673
19, 77, 0.000, 0.677
19, 78, 0.000, 0.675
19, 79, 0.000, 0.673
19, 80, 0.000, 0.677
19, 81, 0.000, 0.679
19, 82, 0.000, 0.676
19, 83, 0.000, 0.677
19, 84, 0.000, 0.676
19, 85, 0.000, 0.675
19, 86, 0.000, 0.676
19, 87, 0.000, 0.675
19, 88, 0.000, 0.675
19, 89, 0.000, 0.679
19, 90, 0.000, 0.675
19, 91, 0.000, 0.677
19, 92, 0.000, 0.672
19, 93, 0.000, 0.674
19, 94, 0.000, 0.676
19, 95, 0.000, 0.678
19, 96, 0.000, 0.675
19, 97, 0.000, 0.676
19, 98, 0.000, 0.675
19, 99, 0.000, 0.674
19, 100, 0.000, 0.677
20, 0, 19.889, 0.002
20, 1, 19.019, 0.687
20, 2, 16.453, 36.896
20, 3, 5.682, 0.678
20, 4, 0.000, 64.588
20, 5, 0.000, 0.676
20, 6, 0.000, 0.674
20, 7, 0.000, 0.677
20, 8, 0.000, 0.673
20, 9, 0.000, 56.060
20, 10, 0.000, 0.675
20, 11, 0.000, 0.671
20, 12, 0.000, 0.676
20, 13, 0.000, 0.676
20, 14, 0.000, 0.675
20, 15, 0.000, 0.675
20, 16, 0.000, 0.674
20, 17, 0.000, 0.675
20, 18, 0.000, 0.674
20, 19, 0.000, 0.674
20, 20, 0.000, 0.673
20, 21, 0.000, 0.677
20, 22, 0.000, 0.671
20, 23, 0.000, 0.673
20, 24, 0.000, 0.676
20, 25, 0.000, 0.674
20, 26, 0.000, 0.673
20, 27, 0.000, 0.675
20, 28, 0.000, 0.674
20, 29, 0.000, 0.674
20, 30, 0.000, 714.952
20, 31, 0.000, 0.674
20, 32, 0.000, 0.676
20, 33, 0.000, 0.673
20, 34, 0.000, 0.673
20, 35, 0.000, 0.672
20, 36, 0.000, 0.675
20, 37, 0.000, 0.673
20, 38, 0.000, 0.675
20, 39, 0.000, 0.674
20, 40, 0.000, 0.675
20, 41, 0.000, 0.675
20, 42, 0.000, 0.676
20, 43, 0.000, 0.675
20, 44, 0.000, 0.677
20, 45, 0.000, 28.364
20, 46, 0.000, 0.675
20, 47, 0.000, 0.673
20, 48, 0.000, 0.673
20, 49, 0.000, 0.675
20, 50, 0.000, 0.677
20, 51, 0.000, 0.674
20, 52, 0.000, 0.674
20, 53, 0.000, 0.677
20, 54, 0.000, 0.674
20, 55, 0.000, 0.675
20, 56, 0.000, 0.673
20, 57, 0.000, 0.673
20, 58, 0.000, 0.677
20, 59, 0.000, 0.677
20, 60, 0.000, 0.677
20, 61, 0.000, 0.674
20, 62, 0.000, 0.675
20, 63, 0.000, 0.675
20, 64, 0.000, 0.679
20, 65, 0.000, 0.672
20, 66, 0.000, 0.672
20, 67, 0.000, 0.675
20, 68, 0.000, 0.675
20, 69, 0.000, 0.673
20, 70, 0.000, 0.672
20, 71, 0.000, 0.672
20, 72, 0.000, 0.675
20, 73, 0.000, 0.676
20, 74, 0.000, 0.675
20, 75, 0.000, 0.674
20, 76, 0.000, 0.672
20, 77, 0.000, 0.673
20, 78, 0.000, 0.676
20, 79, 0.000, 0.673
20, 80, 0.000, 0.674
20, 81, 0.000, 0.674
20, 82, 0.000, 0.675
20, 83, 0.000, 0.673
20, 84, 0.000, 0.676
20, 85, 0.000, 0.674
20, 86, 0.000, 0.674
20, 87, 0.000, 0.677
20, 88, 0.000, 0.672
20, 89, 0.000, 0.674
20, 90, 0.000, 0.675
20, 91, 0.000, 0.672
20, 92, 0.000, 0.675
20, 93, 0.000, 0.674
20, 94, 0.000, 0.676
20, 95, 0.000, 0.676
20, 96, 0.000, 0.678
20, 97, 0.000, 0.674
20, 98, 0.000, 0.673
20, 99, 0.000, 0.676
20, 100, 0.000, 0.676
