Run, Query, Loss, Time
1, 0, 39.105, 0.002
1, 1, 39.105, 0.040
1, 2, 39.105, 0.058
1, 3, 39.105, 0.046
1, 4, 3.528, 33.635
1, 5, 3.528, 0.037
1, 6, 3.528, 0.056
1, 7, 3.528, 0.043
1, 8, 3.528, 0.042
1, 9, 3.528, 20.313
1, 10, 4.642, 97.788
1, 11, 4.642, 0.039
1, 12, 4.642, 0.042
1, 13, 4.642, 0.039
1, 14, 4.642, 0.049
1, 15, 1.113, 172.108
1, 16, 1.113, 0.041
1, 17, 1.113, 0.048
1, 18, 1.113, 0.039
1, 19, 1.113, 0.049
1, 20, 0.000, 227.509
1, 21, 1.113, 0.041
1, 22, 1.113, 0.041
1, 23, 1.113, 0.039
1, 24, 1.113, 0.040
1, 25, 1.113, 0.038
1, 26, 1.113, 0.052
1, 27, 1.113, 0.039
1, 28, 1.113, 0.039
1, 29, 1.113, 0.039
1, 30, 1.113, 0.038
1, 31, 1.113, 0.039
1, 32, 0.000, 0.039
1, 33, 0.000, 50.535
1, 34, 0.000, 0.039
1, 35, 0.000, 0.045
1, 36, 0.000, 0.052
1, 37, 0.000, 0.045
1, 38, 0.000, 0.038
1, 39, 0.000, 0.037
1, 40, 0.000, 0.037
1, 41, 0.000, 0.037
1, 42, 0.000, 0.045
1, 43, 0.000, 0.038
1, 44, 0.000, 0.048
1, 45, 0.000, 0.043
1, 46, 0.000, 0.038
1, 47, 0.000, 0.037
1, 48, 0.000, 0.039
1, 49, 0.000, 0.038
1, 50, 0.000, 0.044
1, 51, 0.000, 0.046
1, 52, 0.000, 0.037
1, 53, 0.000, 0.037
1, 54, 0.000, 0.038
1, 55, 0.000, 0.038
1, 56, 0.000, 0.037
1, 57, 0.000, 0.037
1, 58, 0.000, 0.039
1, 59, 0.000, 0.043
1, 60, 0.000, 0.042
1, 61, 0.000, 0.047
1, 62, 0.000, 0.044
1, 63, 0.000, 0.046
1, 64, 0.000, 0.037
1, 65, 0.000, 0.043
1, 66, 0.000, 0.039
1, 67, 0.000, 0.037
1, 68, 0.000, 0.039
1, 69, 0.000, 0.043
1, 70, 0.000, 0.050
1, 71, 0.000, 1144.659
1, 72, 0.000, 0.040
1, 73, 0.000, 0.039
1, 74, 0.000, 0.039
1, 75, 0.000, 0.041
1, 76, 0.000, 0.047
1, 77, 0.000, 0.050
1, 78, 0.000, 0.040
1, 79, 0.000, 0.041
1, 80, 0.000, 0.042
1, 81, 0.000, 0.050
1, 82, 0.000, 0.041
1, 83, 0.000, 0.041
1, 84, 0.000, 0.038
1, 85, 0.000, 0.048
1, 86, 0.000, 0.052
1, 87, 0.000, 0.055
1, 88, 0.000, 0.046
1, 89, 0.000, 0.038
1, 90, 0.000, 0.055
1, 91, 0.000, 0.066
1, 92, 0.000, 0.081
1, 93, 0.000, 0.047
1, 94, 0.000, 0.052
1, 95, 0.000, 0.042
1, 96, 0.000, 0.049
1, 97, 0.000, 0.043
1, 98, 0.000, 0.046
1, 99, 0.000, 0.064
1, 100, 0.000, 0.070
2, 0, 31.720, 0.002
2, 1, 37.930, 0.054
2, 2, 9.417, 17.661
2, 3, 9.417, 0.039
2, 4, 9.417, 0.041
2, 5, 9.417, 0.039
2, 6, 9.417, 0.040
2, 7, 9.417, 0.039
2, 8, 9.417, 0.040
2, 9, 9.417, 9.240
2, 10, 9.417, 0.038
2, 11, 9.417, 0.045
2, 12, 9.417, 0.038
2, 13, 9.417, 0.039
2, 14, 9.832, 139.921
2, 15, 9.832, 0.039
2, 16, 0.000, 153.937
2, 17, 0.000, 0.052
2, 18, 0.000, 0.054
2, 19, 0.000, 0.039
2, 20, 0.000, 0.041
2, 21, 0.000, 0.039
2, 22, 0.000, 0.039
2, 23, 0.000, 0.040
2, 24, 0.000, 0.040
2, 25, 0.000, 0.040
2, 26, 0.000, 0.040
2, 27, 0.000, 0.039
2, 28, 0.000, 0.041
2, 29, 0.000, 0.039
2, 30, 0.000, 0.042
2, 31, 0.000, 0.040
2, 32, 0.000, 0.042
2, 33, 0.000, 0.039
2, 34, 0.000, 0.041
2, 35, 0.000, 0.039
2, 36, 0.000, 0.040
2, 37, 0.000, 0.040
2, 38, 0.000, 0.038
2, 39, 0.000, 0.041
2, 40, 0.000, 0.040
2, 41, 0.000, 0.039
2, 42, 0.000, 0.044
2, 43, 0.000, 565.240
2, 44, 0.000, 0.041
2, 45, 0.000, 0.039
2, 46, 0.000, 0.045
2, 47, 0.000, 0.037
2, 48, 0.000, 0.040
2, 49, 0.000, 0.040
2, 50, 0.000, 0.045
2, 51, 0.000, 106.334
2, 52, 0.672, 0.044
2, 53, 0.000, 0.041
2, 54, 0.000, 0.037
2, 55, 0.000, 0.039
2, 56, 0.000, 0.038
2, 57, 0.000, 0.036
2, 58, 0.000, 0.038
2, 59, 0.000, 0.040
2, 60, 0.000, 0.039
2, 61, 0.000, 0.038
2, 62, 0.000, 0.042
2, 63, 0.000, 0.045
2, 64, 0.000, 0.038
2, 65, 0.000, 0.039
2, 66, 0.000, 0.038
2, 67, 0.000, 0.039
2, 68, 0.000, 0.038
2, 69, 0.000, 0.045
2, 70, 0.000, 0.045
2, 71, 0.000, 0.044
2, 72, 0.000, 0.038
2, 73, 0.000, 0.039
2, 74, 0.000, 0.044
2, 75, 0.000, 0.039
2, 76, 0.000, 0.039
2, 77, 0.000, 0.040
2, 78, 0.000, 0.044
2, 79, 0.000, 0.037
2, 80, 0.000, 0.038
2, 81, 0.000, 0.040
2, 82, 0.000, 0.039
2, 83, 0.000, 0.042
2, 84, 0.000, 0.045
2, 85, 0.000, 0.037
2, 86, 0.000, 0.045
2, 87, 0.000, 0.038
2, 88, 0.000, 0.037
2, 89, 0.000, 0.041
2, 90, 0.000, 0.038
2, 91, 0.000, 0.038
2, 92, 0.000, 0.038
2, 93, 0.000, 0.039
2, 94, 0.000, 0.039
2, 95, 0.000, 93.375
2, 96, 0.000, 0.044
2, 97, 0.000, 0.040
2, 98, 0.000, 0.046
2, 99, 0.000, 0.044
2, 100, 0.000, 0.040
3, 0, 72.491, 0.003
3, 1, 42.787, 0.044
3, 2, 41.082, 18.051
3, 3, 41.082, 0.046
3, 4, 0.384, 35.746
3, 5, 0.384, 0.041
3, 6, 0.384, 0.056
3, 7, 0.384, 0.043
3, 8, 0.384, 19.394
3, 9, 0.384, 0.049
3, 10, 0.384, 0.040
3, 11, 0.384, 0.041
3, 12, 0.384, 0.042
3, 13, 0.384, 0.046
3, 14, 0.384, 0.038
3, 15, 0.384, 0.044
3, 16, 0.384, 0.042
3, 17, 0.384, 43.152
3, 18, 0.384, 0.041
3, 19, 0.384, 0.043
3, 20, 0.384, 0.040
3, 21, 0.384, 246.384
3, 22, 0.384, 0.039
3, 23, 0.384, 0.041
3, 24, 0.384, 0.038
3, 25, 0.384, 0.051
3, 26, 0.384, 0.044
3, 27, 0.384, 0.044
3, 28, 0.384, 0.040
3, 29, 0.384, 0.038
3, 30, 0.384, 0.047
3, 31, 0.384, 0.038
3, 32, 0.384, 0.039
3, 33, 0.384, 481.476
3, 34, 1.864, 0.040
3, 35, 0.384, 0.047
3, 36, 1.864, 0.040
3, 37, 0.384, 0.039
3, 38, 0.384, 0.038
3, 39, 0.384, 0.039
3, 40, 0.384, 0.038
3, 41, 0.384, 0.045
3, 42, 0.384, 120.642
3, 43, 0.384, 0.042
3, 44, 0.384, 0.043
3, 45, 0.384, 0.044
3, 46, 0.384, 0.038
3, 47, 0.384, 0.038
3, 48, 0.384, 0.039
3, 49, 0.384, 0.038
3, 50, 0.384, 0.038
3, 51, 0.384, 0.038
3, 52, 0.384, 0.038
3, 53, 0.384, 0.038
3, 54, 0.384, 0.038
3, 55, 0.384, 0.044
3, 56, 0.384, 0.044
3, 57, 0.384, 0.039
3, 58, 0.384, 0.037
3, 59, 0.384, 0.038
3, 60, 0.384, 0.039
3, 61, 0.384, 0.039
3, 62, 0.384, 0.038
3, 63, 0.000, 70.461
3, 64, 0.384, 0.037
3, 65, 0.384, 0.039
3, 66, 0.384, 0.056
3, 67, 0.384, 0.039
3, 68, 0.384, 0.049
3, 69, 0.384, 0.038
3, 70, 0.384, 0.044
3, 71, 0.384, 0.055
3, 72, 0.384, 0.057
3, 73, 0.384, 0.055
3, 74, 0.384, 0.045
3, 75, 0.384, 0.048
3, 76, 0.384, 0.049
3, 77, 0.384, 0.040
3, 78, 0.384, 0.038
3, 79, 0.384, 0.040
3, 80, 0.384, 0.042
3, 81, 0.384, 0.041
3, 82, 0.384, 0.040
3, 83, 0.384, 0.039
3, 84, 0.384, 0.040
3, 85, 0.384, 0.039
3, 86, 0.384, 0.045
3, 87, 0.384, 0.040
3, 88, 0.384, 0.040
3, 89, 0.384, 0.039
3, 90, 0.384, 0.040
3, 91, 0.384, 0.045
3, 92, 0.384, 0.046
3, 93, 0.384, 0.049
3, 94, 0.384, 0.042
3, 95, 0.384, 0.038
3, 96, 0.384, 0.043
3, 97, 0.384, 0.043
3, 98, 0.384, 0.047
3, 99, 0.384, 0.045
3, 100, 0.384, 0.044
4, 0, 33.600, 0.002
4, 1, 21.710, 0.047
4, 2, 21.710, 0.040
4, 3, 21.710, 12.285
4, 4, 19.595, 0.038
4, 5, 19.595, 0.046
4, 6, 19.595, 0.039
4, 7, 19.595, 25.970
4, 8, 19.595, 0.040
4, 9, 19.595, 0.038
4, 10, 13.793, 0.054
4, 11, 3.257, 97.431
4, 12, 3.257, 0.039
4, 13, 3.257, 0.065
4, 14, 3.770, 179.903
4, 15, 3.770, 0.038
4, 16, 0.000, 0.041
4, 17, 0.000, 0.046
4, 18, 0.000, 0.064
4, 19, 0.000, 0.048
4, 20, 0.000, 0.046
4, 21, 0.000, 0.045
4, 22, 0.000, 17.213
4, 23, 0.000, 0.039
4, 24, 0.000, 0.039
4, 25, 0.000, 0.040
4, 26, 0.000, 0.041
4, 27, 0.000, 0.042
4, 28, 0.000, 0.039
4, 29, 0.000, 0.041
4, 30, 0.000, 0.045
4, 31, 0.000, 0.043
4, 32, 0.000, 0.043
4, 33, 0.000, 0.043
4, 34, 0.000, 0.041
4, 35, 0.000, 0.041
4, 36, 0.000, 0.043
4, 37, 0.000, 0.039
4, 38, 0.000, 0.041
4, 39, 0.000, 0.049
4, 40, 0.000, 0.041
4, 41, 0.000, 0.040
4, 42, 0.000, 0.042
4, 43, 0.000, 0.047
4, 44, 0.000, 0.057
4, 45, 0.000, 0.071
4, 46, 0.000, 523.447
4, 47, 0.000, 0.040
4, 48, 0.000, 0.045
4, 49, 0.000, 0.039
4, 50, 0.000, 0.049
4, 51, 0.000, 0.038
4, 52, 0.000, 0.053
4, 53, 0.000, 0.049
4, 54, 0.000, 0.039
4, 55, 0.000, 0.045
4, 56, 0.000, 0.057
4, 57, 0.000, 0.042
4, 58, 0.000, 0.053
4, 59, 0.000, 0.038
4, 60, 0.000, 0.047
4, 61, 0.000, 0.045
4, 62, 0.000, 0.041
4, 63, 0.000, 0.061
4, 64, 0.000, 0.078
4, 65, 0.000, 0.047
4, 66, 0.000, 0.051
4, 67, 0.000, 0.071
4, 68, 0.000, 0.057
4, 69, 0.000, 0.051
4, 70, 0.000, 0.056
4, 71, 0.000, 0.037
4, 72, 0.000, 0.053
4, 73, 0.000, 0.049
4, 74, 0.000, 0.038
4, 75, 0.000, 0.091
4, 76, 0.000, 0.040
4, 77, 0.000, 0.063
4, 78, 0.000, 0.045
4, 79, 0.000, 0.090
4, 80, 0.000, 0.107
4, 81, 0.000, 0.104
4, 82, 0.000, 0.098
4, 83, 0.000, 0.093
4, 84, 0.000, 0.100
4, 85, 0.000, 0.071
4, 86, 0.000, 0.089
4, 87, 0.000, 0.046
4, 88, 0.000, 0.090
4, 89, 0.000, 0.090
4, 90, 0.000, 0.051
4, 91, 0.000, 0.097
4, 92, 0.000, 0.045
4, 93, 0.000, 0.077
4, 94, 0.000, 0.089
4, 95, 0.000, 0.090
4, 96, 0.000, 0.089
4, 97, 0.000, 0.089
4, 98, 0.000, 0.092
4, 99, 0.000, 0.091
4, 100, 0.000, 0.093
5, 0, 61.740, 0.002
5, 1, 31.579, 0.057
5, 2, 32.379, 17.667
5, 3, 32.379, 0.040
5, 4, 29.117, 42.059
5, 5, 29.117, 0.040
5, 6, 5.397, 0.038
5, 7, 5.397, 22.911
5, 8, 5.397, 0.046
5, 9, 5.397, 0.062
5, 10, 5.397, 0.045
5, 11, 5.397, 0.060
5, 12, 5.397, 0.044
5, 13, 5.397, 21.090
5, 14, 5.397, 0.038
5, 15, 5.397, 0.045
5, 16, 5.397, 0.045
5, 17, 5.397, 0.040
5, 18, 4.076, 162.125
5, 19, 4.076, 0.048
5, 20, 4.076, 0.037
5, 21, 4.076, 0.036
5, 22, 0.000, 316.584
5, 23, 0.000, 0.037
5, 24, 0.000, 0.037
5, 25, 0.000, 0.036
5, 26, 0.000, 0.036
5, 27, 0.000, 0.037
5, 28, 0.000, 0.037
5, 29, 0.000, 0.036
5, 30, 0.000, 0.036
5, 31, 0.000, 0.037
5, 32, 0.000, 0.037
5, 33, 0.000, 0.036
5, 34, 0.000, 0.037
5, 35, 0.000, 0.038
5, 36, 0.000, 444.747
5, 37, 0.000, 0.036
5, 38, 0.000, 0.037
5, 39, 0.000, 0.037
5, 40, 0.000, 0.037
5, 41, 0.000, 0.036
5, 42, 0.000, 0.036
5, 43, 0.000, 0.038
5, 44, 0.000, 0.036
5, 45, 0.000, 0.037
5, 46, 0.000, 0.039
5, 47, 0.000, 0.037
5, 48, 0.000, 0.038
5, 49, 0.000, 0.038
5, 50, 0.000, 0.037
5, 51, 0.000, 0.036
5, 52, 0.000, 0.037
5, 53, 0.000, 0.036
5, 54, 0.000, 0.037
5, 55, 0.000, 0.038
5, 56, 0.000, 0.038
5, 57, 0.000, 0.037
5, 58, 0.000, 0.036
5, 59, 0.000, 0.038
5, 60, 0.000, 0.044
5, 61, 0.000, 0.042
5, 62, 0.000, 0.038
5, 63, 0.000, 0.038
5, 64, 0.000, 0.047
5, 65, 0.000, 0.037
5, 66, 0.000, 0.039
5, 67, 0.000, 0.049
5, 68, 0.000, 0.047
5, 69, 0.000, 0.055
5, 70, 0.000, 0.039
5, 71, 0.000, 0.044
5, 72, 0.000, 0.040
5, 73, 0.000, 0.054
5, 74, 0.000, 0.055
5, 75, 0.000, 0.046
5, 76, 0.000, 0.050
5, 77, 0.000, 0.047
5, 78, 0.000, 0.056
5, 79, 0.000, 0.046
5, 80, 0.000, 0.076
5, 81, 0.000, 0.076
5, 82, 0.000, 0.076
5, 83, 0.000, 29.728
5, 84, 0.000, 0.087
5, 85, 0.000, 0.087
5, 86, 0.000, 0.087
5, 87, 0.000, 0.087
5, 88, 0.000, 0.087
5, 89, 0.000, 0.087
5, 90, 0.000, 0.088
5, 91, 0.000, 0.087
5, 92, 0.000, 0.087
5, 93, 0.000, 0.087
5, 94, 0.000, 0.088
5, 95, 0.000, 0.087
5, 96, 0.000, 0.088
5, 97, 0.000, 0.087
5, 98, 0.000, 0.087
5, 99, 0.000, 0.087
5, 100, 0.000, 0.087
6, 0, 10.008, 0.002
6, 1, 20.767, 0.052
6, 2, 20.767, 0.039
6, 3, 18.722, 23.416
6, 4, 18.722, 0.048
6, 5, 3.040, 45.071
6, 6, 3.040, 0.048
6, 7, 3.040, 0.037
6, 8, 3.040, 0.037
6, 9, 3.040, 0.037
6, 10, 3.040, 0.036
6, 11, 3.040, 0.037
6, 12, 3.040, 0.037
6, 13, 3.040, 47.937
6, 14, 3.040, 0.037
6, 15, 3.040, 0.036
6, 16, 3.040, 0.037
6, 17, 3.040, 0.048
6, 18, 3.040, 0.037
6, 19, 3.040, 0.036
6, 20, 3.040, 0.037
6, 21, 0.000, 245.353
6, 22, 0.000, 0.037
6, 23, 0.000, 0.048
6, 24, 0.000, 0.036
6, 25, 0.000, 0.037
6, 26, 0.000, 0.036
6, 27, 0.000, 0.037
6, 28, 0.000, 0.036
6, 29, 0.000, 0.036
6, 30, 0.000, 0.037
6, 31, 0.000, 0.037
6, 32, 0.000, 0.036
6, 33, 0.000, 0.036
6, 34, 0.000, 0.036
6, 35, 0.000, 0.036
6, 36, 0.000, 0.036
6, 37, 0.000, 0.038
6, 38, 0.000, 0.037
6, 39, 0.000, 0.037
6, 40, 0.000, 0.037
6, 41, 0.000, 0.036
6, 42, 0.000, 0.038
6, 43, 0.000, 0.036
6, 44, 0.000, 0.037
6, 45, 0.000, 0.038
6, 46, 0.000, 0.038
6, 47, 0.000, 0.037
6, 48, 0.000, 0.043
6, 49, 0.000, 0.036
6, 50, 0.000, 0.036
6, 51, 0.000, 0.037
6, 52, 0.000, 0.040
6, 53, 0.000, 0.038
6, 54, 0.000, 0.039
6, 55, 0.000, 0.039
6, 56, 0.000, 0.039
6, 57, 0.000, 0.048
6, 58, 0.000, 0.041
6, 59, 0.000, 0.043
6, 60, 0.000, 0.043
6, 61, 0.000, 0.047
6, 62, 0.000, 0.049
6, 63, 0.000, 0.038
6, 64, 0.000, 0.038
6, 65, 0.000, 0.036
6, 66, 0.000, 0.055
6, 67, 0.000, 0.061
6, 68, 0.000, 0.076
6, 69, 0.000, 0.045
6, 70, 0.000, 0.045
6, 71, 0.000, 0.037
6, 72, 0.000, 0.061
6, 73, 0.000, 0.076
6, 74, 0.000, 0.044
6, 75, 0.000, 0.039
6, 76, 0.000, 0.050
6, 77, 0.000, 0.046
6, 78, 0.000, 0.087
6, 79, 0.000, 0.056
6, 80, 0.000, 0.036
6, 81, 0.000, 0.041
6, 82, 0.000, 0.037
6, 83, 0.000, 0.047
6, 84, 0.000, 0.037
6, 85, 0.000, 0.057
6, 86, 0.000, 0.088
6, 87, 0.000, 0.087
6, 88, 0.000, 0.073
6, 89, 0.000, 0.076
6, 90, 0.000, 0.088
6, 91, 0.000, 0.087
6, 92, 0.000, 0.087
6, 93, 0.000, 0.076
6, 94, 0.000, 0.089
6, 95, 0.000, 0.088
6, 96, 0.000, 0.077
6, 97, 0.000, 0.088
6, 98, 0.000, 0.088
6, 99, 0.000, 0.089
6, 100, 0.000, 0.088
7, 0, 37.753, 0.002
7, 1, 28.567, 0.064
7, 2, 21.318, 21.196
7, 3, 21.318, 0.048
7, 4, 21.318, 0.037
7, 5, 17.155, 45.652
7, 6, 17.155, 0.036
7, 7, 17.155, 0.037
7, 8, 17.155, 0.037
7, 9, 17.155, 0.036
7, 10, 10.694, 99.090
7, 11, 10.694, 0.036
7, 12, 0.976, 139.985
7, 13, 0.976, 0.036
7, 14, 0.976, 0.049
7, 15, 0.331, 0.037
7, 16, 0.331, 0.037
7, 17, 0.331, 0.037
7, 18, 0.331, 9.918
7, 19, 0.331, 0.036
7, 20, 0.331, 0.037
7, 21, 0.331, 235.096
7, 22, 0.331, 0.037
7, 23, 0.331, 0.037
7, 24, 0.331, 0.036
7, 25, 0.331, 0.036
7, 26, 0.331, 0.037
7, 27, 0.331, 0.037
7, 28, 0.331, 0.037
7, 29, 0.331, 0.036
7, 30, 0.331, 0.036
7, 31, 0.331, 0.036
7, 32, 0.331, 0.037
7, 33, 0.331, 0.036
7, 34, 0.331, 0.037
7, 35, 0.331, 0.036
7, 36, 0.331, 0.036
7, 37, 0.331, 0.037
7, 38, 0.331, 0.037
7, 39, 0.331, 0.036
7, 40, 0.331, 582.454
7, 41, 0.331, 0.036
7, 42, 0.331, 0.037
7, 43, 0.000, 0.037
7, 44, 0.000, 0.037
7, 45, 0.000, 0.036
7, 46, 0.000, 0.037
7, 47, 0.000, 0.037
7, 48, 0.000, 0.037
7, 49, 0.000, 69.097
7, 50, 0.000, 0.037
7, 51, 0.000, 0.037
7, 52, 0.000, 0.037
7, 53, 0.000, 0.037
7, 54, 0.000, 0.037
7, 55, 0.000, 0.037
7, 56, 0.000, 0.038
7, 57, 0.000, 0.038
7, 58, 0.000, 0.036
7, 59, 0.000, 0.037
7, 60, 0.000, 0.037
7, 61, 0.000, 0.037
7, 62, 0.000, 0.037
7, 63, 0.000, 0.038
7, 64, 0.000, 0.037
7, 65, 0.000, 0.036
7, 66, 0.000, 0.037
7, 67, 0.000, 0.037
7, 68, 0.000, 0.037
7, 69, 0.000, 0.037
7, 70, 0.000, 0.037
7, 71, 0.000, 0.037
7, 72, 0.000, 0.037
7, 73, 0.000, 0.037
7, 74, 0.000, 0.037
7, 75, 0.000, 0.037
7, 76, 0.000, 0.037
7, 77, 0.000, 0.037
7, 78, 0.000, 0.038
7, 79, 0.000, 0.038
7, 80, 0.000, 0.037
7, 81, 0.000, 0.038
7, 82, 0.000, 0.037
7, 83, 0.000, 0.037
7, 84, 0.000, 0.036
7, 85, 0.000, 0.036
7, 86, 0.000, 0.037
7, 87, 0.000, 0.037
7, 88, 0.000, 0.038
7, 89, 0.000, 0.039
7, 90, 0.000, 0.040
7, 91, 0.000, 0.038
7, 92, 0.000, 91.936
7, 93, 0.000, 0.037
7, 94, 0.000, 0.036
7, 95, 0.000, 0.037
7, 96, 0.000, 0.037
7, 97, 0.000, 0.037
7, 98, 0.000, 0.037
7, 99, 0.000, 0.037
7, 100, 0.000, 0.041
8, 0, 8.694, 0.002
8, 1, 22.752, 0.039
8, 2, 12.939, 16.646
8, 3, 12.939, 0.036
8, 4, 12.939, 0.037
8, 5, 3.528, 46.681
8, 6, 3.528, 0.036
8, 7, 0.889, 66.731
8, 8, 0.889, 0.037
8, 9, 0.889, 0.036
8, 10, 0.889, 0.037
8, 11, 0.889, 0.060
8, 12, 0.889, 31.183
8, 13, 0.889, 0.036
8, 14, 0.889, 0.036
8, 15, 0.889, 0.037
8, 16, 0.889, 0.037
8, 17, 0.889, 0.036
8, 18, 0.889, 0.036
8, 19, 0.889, 0.037
8, 20, 0.000, 205.727
8, 21, 0.889, 0.038
8, 22, 0.000, 0.037
8, 23, 0.000, 0.036
8, 24, 0.000, 46.445
8, 25, 0.000, 0.037
8, 26, 0.889, 0.037
8, 27, 0.889, 0.036
8, 28, 0.889, 0.037
8, 29, 0.889, 0.037
8, 30, 0.889, 0.037
8, 31, 0.889, 0.036
8, 32, 0.889, 0.037
8, 33, 0.889, 0.048
8, 34, 0.889, 0.036
8, 35, 0.889, 0.037
8, 36, 0.889, 0.036
8, 37, 1.210, 554.351
8, 38, 0.889, 0.036
8, 39, 0.889, 0.037
8, 40, 0.889, 271.507
8, 41, 0.889, 0.038
8, 42, 0.889, 0.037
8, 43, 1.210, 0.037
8, 44, 0.889, 0.037
8, 45, 0.889, 0.037
8, 46, 1.210, 0.037
8, 47, 1.210, 0.037
8, 48, 1.210, 0.036
8, 49, 1.210, 0.036
8, 50, 0.889, 0.037
8, 51, 0.889, 0.036
8, 52, 1.210, 0.037
8, 53, 0.889, 96.860
8, 54, 1.210, 0.037
8, 55, 0.889, 0.037
8, 56, 0.889, 0.037
8, 57, 0.889, 0.037
8, 58, 1.210, 0.037
8, 59, 0.889, 0.049
8, 60, 1.210, 0.037
8, 61, 0.889, 0.037
8, 62, 0.889, 0.037
8, 63, 0.889, 0.037
8, 64, 0.889, 0.036
8, 65, 1.210, 0.037
8, 66, 1.210, 0.037
8, 67, 0.889, 0.037
8, 68, 1.210, 0.037
8, 69, 1.210, 0.037
8, 70, 1.210, 0.037
8, 71, 1.210, 0.037
8, 72, 0.889, 0.037
8, 73, 0.889, 0.036
8, 74, 0.889, 0.037
8, 75, 0.889, 0.037
8, 76, 0.889, 0.047
8, 77, 0.889, 0.037
8, 78, 1.210, 0.037
8, 79, 0.889, 0.037
8, 80, 0.889, 149.416
8, 81, 1.210, 0.037
8, 82, 0.889, 0.037
8, 83, 0.889, 0.037
8, 84, 0.889, 0.037
8, 85, 0.889, 0.037
8, 86, 0.889, 0.037
8, 87, 0.889, 0.037
8, 88, 0.889, 0.037
8, 89, 0.889, 0.037
8, 90, 0.889, 0.037
8, 91, 0.889, 0.037
8, 92, 0.000, 0.036
8, 93, 0.000, 0.048
8, 94, 0.000, 0.037
8, 95, 0.000, 0.036
8, 96, 0.000, 0.037
8, 97, 0.000, 0.037
8, 98, 0.000, 0.037
8, 99, 0.000, 0.037
8, 100, 0.000, 0.037
9, 0, 44.579, 0.002
9, 1, 27.591, 0.039
9, 2, 27.591, 0.038
9, 3, 27.591, 14.459
9, 4, 27.591, 0.036
9, 5, 27.591, 0.036
9, 6, 8.711, 0.036
9, 7, 8.711, 24.351
9, 8, 8.711, 0.036
9, 9, 8.711, 0.036
9, 10, 8.711, 0.036
9, 11, 0.000, 96.514
9, 12, 0.000, 0.035
9, 13, 0.000, 0.048
9, 14, 0.000, 0.060
9, 15, 0.000, 0.036
9, 16, 0.000, 0.036
9, 17, 0.000, 0.036
9, 18, 0.000, 0.037
9, 19, 0.000, 0.036
9, 20, 0.000, 0.035
9, 21, 0.075, 222.148
9, 22, 0.000, 0.036
9, 23, 0.000, 0.036
9, 24, 0.000, 0.037
9, 25, 0.000, 0.036
9, 26, 0.000, 0.036
9, 27, 0.000, 0.037
9, 28, 0.000, 22.035
9, 29, 0.000, 0.036
9, 30, 0.000, 0.036
9, 31, 0.000, 0.036
9, 32, 0.000, 0.036
9, 33, 0.000, 0.048
9, 34, 0.000, 0.036
9, 35, 0.000, 0.037
9, 36, 0.000, 0.036
9, 37, 0.000, 0.036
9, 38, 0.000, 0.037
9, 39, 0.000, 0.037
9, 40, 0.000, 0.037
9, 41, 0.000, 0.037
9, 42, 0.075, 0.037
9, 43, 0.075, 53.006
9, 44, 0.075, 0.037
9, 45, 0.075, 0.036
9, 46, 0.075, 0.037
9, 47, 0.000, 0.036
9, 48, 0.000, 0.037
9, 49, 0.000, 0.036
9, 50, 0.000, 0.037
9, 51, 0.000, 0.037
9, 52, 0.000, 0.037
9, 53, 0.000, 0.036
9, 54, 0.000, 0.037
9, 55, 0.000, 0.037
9, 56, 0.000, 0.037
9, 57, 0.000, 0.037
9, 58, 0.000, 0.037
9, 59, 0.000, 0.037
9, 60, 0.000, 0.036
9, 61, 0.000, 0.036
9, 62, 0.000, 0.038
9, 63, 0.000, 0.037
9, 64, 0.000, 0.037
9, 65, 0.000, 0.037
9, 66, 0.000, 0.038
9, 67, 0.000, 0.037
9, 68, 0.000, 0.037
9, 69, 0.000, 0.037
9, 70, 0.000, 0.037
9, 71, 0.000, 0.037
9, 72, 0.000, 0.037
9, 73, 0.000, 0.037
9, 74, 0.000, 0.037
9, 75, 0.000, 0.036
9, 76, 0.000, 0.037
9, 77, 0.000, 0.036
9, 78, 0.000, 0.037
9, 79, 0.000, 0.037
9, 80, 0.000, 0.037
9, 81, 0.000, 0.037
9, 82, 0.000, 0.037
9, 83, 0.000, 0.037
9, 84, 0.000, 0.036
9, 85, 0.000, 0.036
9, 86, 0.000, 0.036
9, 87, 0.000, 0.036
9, 88, 0.000, 0.037
9, 89, 0.000, 0.036
9, 90, 0.000, 52.207
9, 91, 0.000, 0.036
9, 92, 0.000, 0.037
9, 93, 0.000, 0.037
9, 94, 0.000, 0.037
9, 95, 0.000, 0.036
9, 96, 0.000, 0.037
9, 97, 0.000, 0.036
9, 98, 0.000, 0.037
9, 99, 0.000, 0.037
9, 100, 0.000, 0.037
10, 0, 20.799, 0.002
10, 1, 12.170, 0.039
10, 2, 12.170, 0.038
10, 3, 12.170, 0.036
10, 4, 12.170, 12.428
10, 5, 12.170, 0.036
10, 6, 6.561, 53.082
10, 7, 6.561, 0.047
10, 8, 6.561, 0.049
10, 9, 8.669, 53.932
10, 10, 8.669, 0.036
10, 11, 2.582, 134.633
10, 12, 4.744, 0.047
10, 13, 4.744, 0.036
10, 14, 4.744, 0.036
10, 15, 4.744, 0.036
10, 16, 4.744, 0.046
10, 17, 2.582, 132.899
10, 18, 2.582, 0.036
10, 19, 2.582, 0.037
10, 20, 2.107, 245.303
10, 21, 2.107, 0.036
10, 22, 2.107, 0.036
10, 23, 2.582, 265.581
10, 24, 2.107, 0.037
10, 25, 2.107, 0.036
10, 26, 2.107, 0.037
10, 27, 2.107, 0.037
10, 28, 2.107, 0.036
10, 29, 2.107, 380.453
10, 30, 2.107, 0.036
10, 31, 0.000, 0.036
10, 32, 0.000, 0.037
10, 33, 0.000, 0.036
10, 34, 0.000, 0.036
10, 35, 0.000, 0.036
10, 36, 0.000, 0.036
10, 37, 0.000, 0.036
10, 38, 0.000, 0.036
10, 39, 0.000, 0.036
10, 40, 0.000, 0.036
10, 41, 0.000, 164.269
10, 42, 0.000, 0.036
10, 43, 0.000, 0.036
10, 44, 0.000, 0.036
10, 45, 0.000, 0.037
10, 46, 0.474, 0.038
10, 47, 0.474, 0.036
10, 48, 0.474, 0.037
10, 49, 0.474, 0.047
10, 50, 0.474, 0.037
10, 51, 0.474, 0.036
10, 52, 0.474, 0.037
10, 53, 0.000, 0.037
10, 54, 0.000, 0.037
10, 55, 0.000, 0.036
10, 56, 0.000, 0.037
10, 57, 0.000, 0.036
10, 58, 0.000, 0.037
10, 59, 0.000, 0.036
10, 60, 0.000, 0.037
10, 61, 0.000, 0.036
10, 62, 0.000, 0.036
10, 63, 0.000, 0.035
10, 64, 0.000, 0.037
10, 65, 0.000, 0.036
10, 66, 0.000, 0.037
10, 67, 0.000, 0.036
10, 68, 0.000, 71.778
10, 69, 0.000, 0.036
10, 70, 0.000, 0.037
10, 71, 0.000, 0.037
10, 72, 0.000, 0.037
10, 73, 0.000, 0.037
10, 74, 0.000, 0.037
10, 75, 0.000, 0.036
10, 76, 0.000, 0.036
10, 77, 0.000, 0.037
10, 78, 0.000, 0.037
10, 79, 0.000, 0.036
10, 80, 0.000, 0.037
10, 81, 0.000, 0.037
10, 82, 0.000, 0.037
10, 83, 0.000, 0.037
10, 84, 0.000, 0.037
10, 85, 0.000, 0.036
10, 86, 0.000, 0.037
10, 87, 0.000, 0.036
10, 88, 0.000, 0.037
10, 89, 0.000, 0.036
10, 90, 0.000, 0.037
10, 91, 0.000, 0.037
10, 92, 0.000, 0.037
10, 93, 0.000, 0.037
10, 94, 0.000, 0.037
10, 95, 0.000, 0.036
10, 96, 0.000, 0.037
10, 97, 0.000, 0.037
10, 98, 0.000, 0.037
10, 99, 0.000, 0.036
10, 100, 0.000, 0.037
11, 0, 39.928, 0.002
11, 1, 15.475, 0.052
11, 2, 15.475, 0.038
11, 3, 15.475, 0.036
11, 4, 15.475, 11.095
11, 5, 15.475, 0.036
11, 6, 8.717, 0.048
11, 7, 8.717, 8.765
11, 8, 0.000, 74.768
11, 9, 0.000, 0.048
11, 10, 0.000, 0.049
11, 11, 0.000, 0.036
11, 12, 0.000, 0.036
11, 13, 0.000, 0.037
11, 14, 0.000, 0.049
11, 15, 0.000, 0.049
11, 16, 0.000, 46.805
11, 17, 0.000, 0.048
11, 18, 0.000, 0.036
11, 19, 0.000, 0.036
11, 20, 0.000, 0.036
11, 21, 0.000, 0.036
11, 22, 0.000, 0.049
11, 23, 0.000, 0.037
11, 24, 0.000, 0.036
11, 25, 0.000, 0.036
11, 26, 0.000, 0.036
11, 27, 0.000, 0.037
11, 28, 0.000, 0.036
11, 29, 0.000, 0.037
11, 30, 0.000, 0.036
11, 31, 0.000, 0.036
11, 32, 0.000, 0.036
11, 33, 0.000, 0.037
11, 34, 0.000, 0.036
11, 35, 0.000, 0.037
11, 36, 0.000, 0.036
11, 37, 0.000, 0.037
11, 38, 0.000, 0.036
11, 39, 0.000, 0.036
11, 40, 0.000, 0.036
11, 41, 0.000, 0.037
11, 42, 0.000, 0.036
11, 43, 0.000, 0.036
11, 44, 0.000, 0.038
11, 45, 0.000, 0.036
11, 46, 0.000, 610.836
11, 47, 0.000, 0.036
11, 48, 0.000, 0.036
11, 49, 0.000, 0.037
11, 50, 0.000, 0.037
11, 51, 0.000, 0.036
11, 52, 0.000, 0.037
11, 53, 0.000, 0.037
11, 54, 0.000, 0.038
11, 55, 0.000, 0.037
11, 56, 0.000, 876.646
11, 57, 0.000, 0.038
11, 58, 0.000, 0.037
11, 59, 0.000, 0.036
11, 60, 0.000, 0.036
11, 61, 0.000, 0.037
11, 62, 0.000, 0.037
11, 63, 0.000, 0.037
11, 64, 0.000, 0.037
11, 65, 0.000, 0.037
11, 66, 0.000, 0.036
11, 67, 0.000, 0.037
11, 68, 0.000, 0.036
11, 69, 0.000, 0.036
11, 70, 0.000, 0.037
11, 71, 0.000, 0.036
11, 72, 0.000, 0.036
11, 73, 0.000, 0.037
11, 74, 0.000, 0.037
11, 75, 0.000, 0.036
11, 76, 0.000, 0.036
11, 77, 0.000, 0.038
11, 78, 0.000, 0.036
11, 79, 0.000, 0.037
11, 80, 0.000, 0.037
11, 81, 0.000, 0.040
11, 82, 0.000, 0.036
11, 83, 0.000, 0.036
11, 84, 0.000, 0.036
11, 85, 0.000, 0.037
11, 86, 0.000, 0.037
11, 87, 0.000, 0.037
11, 88, 0.000, 133.282
11, 89, 0.000, 0.037
11, 90, 0.000, 0.038
11, 91, 0.000, 0.037
11, 92, 0.000, 0.038
11, 93, 0.000, 0.037
11, 94, 0.000, 0.036
11, 95, 0.000, 0.037
11, 96, 0.000, 0.037
11, 97, 0.000, 0.036
11, 98, 0.000, 0.037
11, 99, 0.000, 0.037
11, 100, 0.000, 0.036
12, 0, 15.088, 0.002
12, 1, 31.879, 0.051
12, 2, 25.225, 18.162
12, 3, 9.203, 0.036
12, 4, 2.725, 37.935
12, 5, 2.725, 0.036
12, 6, 2.725, 0.037
12, 7, 2.725, 0.037
12, 8, 2.725, 0.037
12, 9, 2.725, 26.092
12, 10, 2.725, 0.036
12, 11, 2.725, 0.036
12, 12, 2.725, 0.037
12, 13, 2.725, 0.036
12, 14, 2.725, 0.037
12, 15, 2.725, 0.036
12, 16, 2.725, 0.037
12, 17, 2.725, 0.036
12, 18, 2.725, 0.037
12, 19, 2.725, 0.048
12, 20, 2.725, 0.048
12, 21, 2.725, 0.036
12, 22, 2.725, 0.036
12, 23, 2.725, 0.036
12, 24, 2.725, 0.048
12, 25, 2.725, 0.037
12, 26, 2.725, 0.036
12, 27, 2.725, 0.036
12, 28, 2.725, 0.036
12, 29, 2.725, 0.036
12, 30, 2.725, 366.550
12, 31, 2.725, 414.725
12, 32, 2.725, 0.036
12, 33, 2.725, 0.037
12, 34, 0.000, 0.037
12, 35, 0.000, 0.036
12, 36, 0.000, 51.421
12, 37, 0.000, 0.037
12, 38, 0.000, 0.036
12, 39, 0.000, 0.037
12, 40, 0.000, 0.036
12, 41, 0.000, 0.036
12, 42, 0.000, 0.036
12, 43, 0.000, 0.037
12, 44, 0.000, 0.036
12, 45, 0.000, 0.037
12, 46, 0.000, 0.036
12, 47, 0.000, 0.036
12, 48, 0.000, 0.036
12, 49, 0.000, 0.036
12, 50, 0.000, 0.036
12, 51, 0.000, 0.036
12, 52, 0.000, 0.036
12, 53, 0.000, 0.037
12, 54, 0.000, 0.037
12, 55, 0.000, 0.037
12, 56, 0.000, 0.037
12, 57, 0.000, 0.036
12, 58, 0.000, 0.036
12, 59, 0.000, 0.037
12, 60, 0.000, 0.036
12, 61, 0.000, 0.037
12, 62, 0.000, 0.036
12, 63, 0.000, 0.036
12, 64, 0.000, 0.036
12, 65, 0.000, 0.036
12, 66, 0.000, 0.036
12, 67, 0.000, 229.174
12, 68, 0.000, 0.037
12, 69, 0.000, 0.036
12, 70, 0.000, 0.036
12, 71, 0.000, 0.040
12, 72, 0.000, 0.038
12, 73, 0.000, 0.036
12, 74, 0.000, 0.039
12, 75, 0.000, 0.037
12, 76, 0.000, 0.037
12, 77, 0.000, 0.037
12, 78, 0.000, 0.036
12, 79, 0.000, 0.036
12, 80, 0.000, 0.036
12, 81, 0.000, 0.039
12, 82, 0.000, 0.045
12, 83, 0.000, 0.037
12, 84, 0.000, 0.037
12, 85, 0.000, 0.036
12, 86, 0.000, 0.039
12, 87, 0.000, 0.036
12, 88, 0.000, 0.037
12, 89, 0.000, 0.036
12, 90, 0.000, 0.039
12, 91, 0.000, 0.040
12, 92, 0.000, 0.039
12, 93, 0.000, 0.044
12, 94, 0.000, 0.039
12, 95, 0.000, 0.037
12, 96, 0.000, 0.038
12, 97, 0.000, 0.036
12, 98, 0.000, 0.039
12, 99, 0.000, 0.040
12, 100, 0.000, 0.039
13, 0, 45.968, 0.002
13, 1, 21.688, 0.064
13, 2, 21.688, 0.038
13, 3, 20.952, 22.281
13, 4, 23.660, 0.036
13, 5, 18.789, 60.069
13, 6, 15.936, 67.584
13, 7, 15.936, 0.036
13, 8, 15.936, 0.037
13, 9, 1.444, 0.036
13, 10, 1.444, 0.036
13, 11, 1.444, 29.006
13, 12, 1.444, 0.036
13, 13, 1.444, 0.036
13, 14, 1.444, 0.036
13, 15, 1.444, 0.036
13, 16, 1.444, 0.037
13, 17, 1.444, 0.036
13, 18, 1.444, 0.036
13, 19, 1.444, 0.036
13, 20, 1.444, 0.036
13, 21, 1.444, 0.036
13, 22, 1.444, 0.036
13, 23, 1.444, 0.036
13, 24, 1.444, 0.035
13, 25, 1.444, 0.036
13, 26, 1.444, 0.036
13, 27, 1.444, 0.036
13, 28, 1.444, 0.037
13, 29, 1.444, 0.036
13, 30, 1.444, 373.435
13, 31, 1.444, 0.035
13, 32, 1.444, 472.601
13, 33, 0.000, 0.036
13, 34, 0.000, 0.036
13, 35, 0.000, 0.036
13, 36, 0.000, 0.036
13, 37, 0.000, 0.036
13, 38, 0.000, 0.035
13, 39, 0.000, 0.036
13, 40, 0.000, 0.037
13, 41, 0.000, 0.036
13, 42, 0.000, 56.210
13, 43, 0.000, 0.036
13, 44, 0.000, 0.036
13, 45, 0.000, 0.036
13, 46, 0.000, 0.035
13, 47, 0.000, 0.036
13, 48, 0.000, 0.036
13, 49, 0.000, 0.036
13, 50, 0.000, 0.036
13, 51, 0.000, 0.037
13, 52, 0.000, 0.037
13, 53, 0.000, 0.036
13, 54, 0.000, 0.036
13, 55, 0.000, 152.967
13, 56, 0.000, 0.037
13, 57, 0.000, 0.036
13, 58, 0.000, 0.036
13, 59, 0.000, 0.036
13, 60, 0.000, 0.037
13, 61, 0.000, 0.036
13, 62, 0.000, 0.036
13, 63, 0.000, 0.036
13, 64, 0.000, 0.036
13, 65, 0.000, 0.037
13, 66, 0.000, 0.037
13, 67, 0.000, 0.037
13, 68, 0.000, 0.036
13, 69, 0.000, 0.038
13, 70, 0.000, 0.036
13, 71, 0.000, 0.036
13, 72, 0.000, 0.036
13, 73, 0.000, 0.038
13, 74, 0.000, 0.036
13, 75, 0.000, 0.036
13, 76, 0.000, 0.037
13, 77, 0.000, 0.037
13, 78, 0.000, 0.036
13, 79, 0.000, 0.037
13, 80, 0.000, 0.036
13, 81, 0.000, 0.037
13, 82, 0.000, 0.037
13, 83, 0.000, 0.037
13, 84, 0.000, 0.036
13, 85, 0.000, 0.036
13, 86, 0.000, 0.037
13, 87, 0.000, 0.036
13, 88, 0.000, 0.039
13, 89, 0.000, 0.037
13, 90, 0.000, 0.035
13, 91, 0.000, 0.037
13, 92, 0.000, 0.037
13, 93, 0.000, 0.038
13, 94, 0.000, 0.036
13, 95, 0.000, 0.037
13, 96, 0.000, 0.037
13, 97, 0.000, 0.036
13, 98, 0.000, 0.036
13, 99, 0.000, 48.214
13, 100, 0.000, 0.038
14, 0, 20.285, 0.002
14, 1, 19.656, 0.039
14, 2, 19.656, 0.038
14, 3, 19.656, 12.157
14, 4, 19.656, 0.036
14, 5, 19.656, 0.049
14, 6, 19.656, 0.049
14, 7, 14.091, 51.622
14, 8, 5.689, 0.036
14, 9, 5.689, 0.036
14, 10, 5.689, 0.038
14, 11, 5.689, 34.092
14, 12, 0.000, 127.120
14, 13, 0.000, 0.036
14, 14, 0.000, 0.049
14, 15, 0.000, 0.037
14, 16, 0.000, 0.036
14, 17, 0.000, 0.037
14, 18, 0.000, 0.037
14, 19, 0.000, 0.036
14, 20, 0.000, 0.036
14, 21, 0.000, 0.036
14, 22, 0.000, 0.048
14, 23, 0.000, 0.036
14, 24, 0.000, 0.036
14, 25, 0.000, 0.037
14, 26, 0.000, 0.036
14, 27, 0.000, 0.037
14, 28, 0.000, 0.037
14, 29, 0.000, 0.036
14, 30, 0.000, 0.037
14, 31, 0.000, 0.036
14, 32, 0.000, 0.036
14, 33, 0.000, 0.036
14, 34, 0.000, 0.036
14, 35, 0.000, 0.036
14, 36, 0.000, 0.036
14, 37, 0.000, 0.038
14, 38, 0.000, 0.037
14, 39, 0.000, 0.037
14, 40, 0.000, 0.037
14, 41, 0.000, 0.040
14, 42, 0.000, 0.037
14, 43, 0.000, 0.039
14, 44, 0.000, 0.038
14, 45, 0.000, 0.037
14, 46, 0.000, 0.038
14, 47, 0.000, 0.038
14, 48, 0.000, 0.046
14, 49, 0.000, 0.061
14, 50, 0.000, 0.037
14, 51, 0.000, 0.037
14, 52, 0.000, 0.041
14, 53, 0.000, 0.041
14, 54, 0.000, 0.040
14, 55, 0.000, 0.048
14, 56, 0.000, 0.061
14, 57, 0.000, 0.044
14, 58, 0.000, 0.059
14, 59, 0.000, 0.059
14, 60, 0.000, 0.071
14, 61, 0.000, 0.038
14, 62, 0.000, 0.047
14, 63, 0.000, 0.059
14, 64, 0.000, 0.059
14, 65, 0.000, 0.050
14, 66, 0.000, 0.063
14, 67, 0.000, 0.078
14, 68, 0.000, 0.061
14, 69, 0.000, 0.040
14, 70, 0.000, 0.049
14, 71, 0.000, 0.080
14, 72, 0.000, 0.037
14, 73, 0.000, 0.071
14, 74, 0.000, 0.076
14, 75, 0.000, 0.093
14, 76, 0.000, 0.087
14, 77, 0.000, 0.092
14, 78, 0.000, 0.087
14, 79, 0.000, 0.055
14, 80, 0.000, 0.087
14, 81, 0.000, 0.053
14, 82, 0.000, 0.087
14, 83, 0.000, 0.093
14, 84, 0.000, 0.087
14, 85, 0.000, 0.092
14, 86, 0.000, 0.087
14, 87, 0.000, 0.093
14, 88, 0.000, 0.087
14, 89, 0.000, 0.092
14, 90, 0.000, 0.086
14, 91, 0.000, 0.092
14, 92, 0.000, 0.087
14, 93, 0.000, 0.093
14, 94, 0.000, 0.087
14, 95, 0.000, 0.092
14, 96, 0.000, 0.087
14, 97, 0.000, 0.093
14, 98, 0.000, 0.087
14, 99, 0.000, 0.093
14, 100, 0.000, 0.087
15, 0, 58.348, 0.002
15, 1, 41.544, 0.064
15, 2, 22.221, 17.966
15, 3, 6.162, 0.036
15, 4, 6.162, 20.277
15, 5, 6.162, 0.037
15, 6, 0.000, 55.228
15, 7, 0.000, 0.036
15, 8, 0.000, 0.037
15, 9, 0.000, 0.038
15, 10, 0.000, 0.049
15, 11, 0.000, 0.050
15, 12, 0.000, 0.037
15, 13, 0.000, 0.037
15, 14, 0.000, 0.037
15, 15, 0.000, 0.037
15, 16, 0.000, 30.206
15, 17, 0.000, 0.037
15, 18, 0.000, 0.037
15, 19, 0.000, 0.037
15, 20, 0.000, 0.036
15, 21, 0.000, 0.036
15, 22, 0.000, 0.037
15, 23, 0.000, 0.037
15, 24, 0.000, 0.037
15, 25, 0.000, 0.037
15, 26, 0.000, 0.037
15, 27, 0.000, 0.036
15, 28, 0.000, 0.037
15, 29, 0.000, 0.036
15, 30, 0.000, 0.038
15, 31, 0.000, 0.038
15, 32, 0.000, 408.140
15, 33, 0.000, 0.038
15, 34, 0.000, 0.041
15, 35, 0.000, 0.039
15, 36, 0.000, 0.037
15, 37, 0.000, 0.040
15, 38, 0.000, 0.038
15, 39, 0.000, 0.040
15, 40, 0.000, 0.036
15, 41, 0.000, 0.043
15, 42, 0.000, 0.037
15, 43, 0.000, 0.042
15, 44, 0.000, 0.038
15, 45, 0.000, 0.039
15, 46, 0.000, 0.042
15, 47, 0.000, 0.041
15, 48, 0.000, 0.038
15, 49, 0.000, 0.040
15, 50, 0.000, 0.038
15, 51, 0.000, 0.044
15, 52, 0.000, 0.039
15, 53, 0.000, 0.042
15, 54, 0.000, 0.036
15, 55, 0.000, 0.039
15, 56, 0.000, 0.037
15, 57, 0.000, 0.042
15, 58, 0.000, 0.036
15, 59, 0.000, 0.043
15, 60, 0.000, 0.036
15, 61, 0.000, 0.041
15, 62, 0.000, 0.043
15, 63, 0.000, 0.039
15, 64, 0.000, 0.038
15, 65, 0.000, 0.047
15, 66, 0.000, 0.036
15, 67, 0.000, 0.044
15, 68, 0.000, 0.041
15, 69, 0.000, 0.041
15, 70, 0.000, 0.037
15, 71, 0.000, 0.051
15, 72, 0.000, 0.038
15, 73, 0.000, 0.040
15, 74, 0.000, 0.047
15, 75, 0.000, 0.092
15, 76, 0.000, 0.074
15, 77, 0.000, 0.079
15, 78, 0.000, 0.076
15, 79, 0.000, 0.054
15, 80, 0.000, 0.040
15, 81, 0.000, 0.043
15, 82, 0.000, 0.088
15, 83, 0.000, 0.050
15, 84, 0.000, 0.075
15, 85, 0.000, 0.093
15, 86, 0.000, 0.087
15, 87, 0.000, 0.093
15, 88, 0.000, 0.087
15, 89, 0.000, 0.092
15, 90, 0.000, 0.088
15, 91, 0.000, 0.093
15, 92, 0.000, 0.087
15, 93, 0.000, 0.047
15, 94, 0.000, 0.074
15, 95, 0.000, 0.093
15, 96, 0.000, 0.088
15, 97, 0.000, 0.093
15, 98, 0.000, 0.088
15, 99, 0.000, 0.093
15, 100, 0.000, 0.088
16, 0, 41.663, 0.002
16, 1, 28.744, 0.052
16, 2, 28.744, 0.039
16, 3, 28.744, 12.663
16, 4, 28.744, 0.036
16, 5, 28.744, 0.037
16, 6, 26.561, 63.152
16, 7, 20.378, 0.060
16, 8, 20.378, 0.037
16, 9, 9.564, 58.999
16, 10, 10.056, 0.048
16, 11, 3.873, 106.141
16, 12, 3.873, 0.037
16, 13, 3.873, 0.037
16, 14, 3.873, 0.037
16, 15, 3.873, 0.037
16, 16, 3.873, 0.036
16, 17, 0.000, 202.136
16, 18, 0.000, 0.036
16, 19, 0.000, 0.037
16, 20, 0.000, 0.036
16, 21, 0.000, 0.048
16, 22, 0.000, 0.037
16, 23, 0.000, 0.036
16, 24, 0.000, 0.037
16, 25, 0.000, 0.037
16, 26, 0.000, 0.036
16, 27, 0.000, 0.037
16, 28, 0.000, 0.036
16, 29, 0.000, 0.037
16, 30, 0.000, 0.037
16, 31, 0.000, 0.036
16, 32, 0.000, 0.036
16, 33, 0.000, 0.038
16, 34, 0.000, 0.038
16, 35, 0.000, 0.037
16, 36, 0.000, 0.039
16, 37, 0.000, 0.037
16, 38, 0.000, 0.038
16, 39, 0.000, 0.041
16, 40, 0.000, 0.037
16, 41, 0.000, 0.043
16, 42, 0.000, 0.036
16, 43, 0.000, 0.040
16, 44, 0.000, 0.039
16, 45, 0.000, 0.037
16, 46, 0.000, 0.045
16, 47, 0.000, 0.036
16, 48, 0.000, 0.049
16, 49, 0.000, 0.041
16, 50, 0.000, 0.042
16, 51, 0.000, 0.043
16, 52, 0.000, 0.058
16, 53, 0.000, 0.044
16, 54, 0.000, 0.057
16, 55, 0.000, 0.040
16, 56, 0.000, 0.040
16, 57, 0.000, 0.046
16, 58, 0.000, 0.044
16, 59, 0.000, 0.041
16, 60, 0.000, 0.076
16, 61, 0.000, 0.066
16, 62, 0.000, 0.075
16, 63, 0.000, 0.056
16, 64, 0.000, 0.076
16, 65, 0.000, 0.048
16, 66, 0.000, 0.081
16, 67, 0.000, 0.078
16, 68, 0.000, 0.087
16, 69, 0.000, 0.080
16, 70, 0.000, 0.062
16, 71, 0.000, 0.094
16, 72, 0.000, 0.087
16, 73, 0.000, 0.094
16, 74, 0.000, 0.088
16, 75, 0.000, 0.093
16, 76, 0.000, 0.087
16, 77, 0.000, 0.093
16, 78, 0.000, 0.087
16, 79, 0.000, 0.093
16, 80, 0.000, 0.087
16, 81, 0.000, 0.093
16, 82, 0.000, 0.087
16, 83, 0.000, 0.093
16, 84, 0.000, 0.087
16, 85, 0.000, 0.093
16, 86, 0.000, 0.087
16, 87, 0.000, 0.092
16, 88, 0.000, 0.087
16, 89, 0.000, 0.092
16, 90, 0.000, 0.087
16, 91, 0.000, 0.093
16, 92, 0.000, 0.087
16, 93, 0.000, 0.093
16, 94, 0.000, 0.087
16, 95, 0.000, 0.093
16, 96, 0.000, 0.087
16, 97, 0.000, 0.093
16, 98, 0.000, 0.087
16, 99, 0.000, 0.093
16, 100, 0.000, 0.088
17, 0, 35.844, 0.002
17, 1, 37.880, 0.040
17, 2, 37.880, 0.040
17, 3, 35.680, 22.612
17, 4, 35.680, 0.037
17, 5, 25.490, 50.855
17, 6, 25.490, 0.036
17, 7, 25.490, 0.039
17, 8, 25.490, 0.037
17, 9, 19.223, 91.936
17, 10, 19.223, 0.048
17, 11, 19.223, 0.040
17, 12, 19.223, 0.037
17, 13, 19.223, 0.039
17, 14, 14.386, 110.153
17, 15, 8.023, 187.560
17, 16, 8.023, 0.036
17, 17, 8.023, 0.040
17, 18, 8.023, 0.036
17, 19, 8.023, 0.039
17, 20, 8.023, 0.037
17, 21, 8.023, 0.053
17, 22, 8.023, 0.037
17, 23, 8.023, 0.039
17, 24, 8.023, 0.036
17, 25, 0.000, 284.390
17, 26, 0.000, 0.036
17, 27, 0.000, 0.039
17, 28, 0.000, 0.036
17, 29, 0.000, 0.040
17, 30, 0.000, 0.037
17, 31, 0.000, 0.040
17, 32, 0.000, 0.036
17, 33, 0.000, 0.040
17, 34, 0.000, 0.038
17, 35, 0.000, 0.039
17, 36, 0.000, 0.037
17, 37, 0.000, 0.041
17, 38, 0.000, 0.035
17, 39, 0.000, 0.039
17, 40, 0.000, 0.036
17, 41, 0.000, 0.041
17, 42, 0.000, 0.037
17, 43, 0.000, 0.040
17, 44, 0.000, 0.047
17, 45, 0.000, 0.042
17, 46, 0.000, 0.052
17, 47, 0.000, 0.052
17, 48, 0.000, 0.064
17, 49, 0.000, 0.038
17, 50, 0.000, 0.046
17, 51, 0.000, 0.066
17, 52, 0.000, 0.055
17, 53, 0.000, 0.078
17, 54, 0.000, 0.059
17, 55, 0.000, 0.065
17, 56, 0.000, 0.072
17, 57, 0.000, 0.079
17, 58, 0.000, 0.076
17, 59, 0.000, 0.079
17, 60, 0.000, 0.087
17, 61, 0.000, 0.046
17, 62, 0.000, 0.050
17, 63, 0.000, 0.092
17, 64, 0.000, 0.087
17, 65, 0.000, 0.042
17, 66, 0.000, 0.087
17, 67, 0.000, 0.092
17, 68, 0.000, 0.087
17, 69, 0.000, 0.092
17, 70, 0.000, 0.088
17, 71, 0.000, 0.092
17, 72, 0.000, 0.087
17, 73, 0.000, 0.092
17, 74, 0.000, 0.087
17, 75, 0.000, 0.092
17, 76, 0.000, 0.087
17, 77, 0.000, 0.091
17, 78, 0.000, 0.087
17, 79, 0.000, 0.092
17, 80, 0.000, 0.087
17, 81, 0.000, 0.092
17, 82, 0.000, 0.087
17, 83, 0.000, 0.092
17, 84, 0.000, 0.087
17, 85, 0.000, 0.092
17, 86, 0.000, 0.087
17, 87, 0.000, 0.092
17, 88, 0.000, 0.088
17, 89, 0.000, 0.092
17, 90, 0.000, 0.087
17, 91, 0.000, 0.092
17, 92, 0.000, 0.088
17, 93, 0.000, 0.092
17, 94, 0.000, 0.088
17, 95, 0.000, 0.093
17, 96, 0.000, 0.088
17, 97, 0.000, 0.092
17, 98, 0.000, 0.088
17, 99, 0.000, 0.093
17, 100, 0.000, 0.088
18, 0, 33.737, 0.002
18, 1, 9.544, 0.038
18, 2, 9.544, 0.039
18, 3, 9.544, 0.038
18, 4, 9.544, 8.784
18, 5, 4.506, 0.053
18, 6, 4.506, 0.037
18, 7, 4.506, 17.274
18, 8, 4.506, 0.048
18, 9, 4.506, 0.040
18, 10, 4.506, 0.036
18, 11, 4.506, 0.039
18, 12, 4.506, 0.036
18, 13, 4.506, 0.039
18, 14, 4.506, 0.036
18, 15, 4.506, 0.039
18, 16, 4.506, 0.036
18, 17, 4.506, 38.333
18, 18, 4.506, 0.037
18, 19, 4.506, 0.039
18, 20, 3.486, 179.095
18, 21, 0.000, 0.038
18, 22, 0.000, 28.847
18, 23, 0.000, 0.039
18, 24, 0.000, 0.036
18, 25, 1.792, 339.562
18, 26, 0.000, 0.048
18, 27, 1.792, 0.052
18, 28, 0.000, 0.037
18, 29, 0.000, 0.040
18, 30, 0.000, 0.037
18, 31, 0.000, 0.039
18, 32, 0.000, 0.036
18, 33, 0.000, 0.039
18, 34, 0.000, 0.036
18, 35, 0.000, 0.039
18, 36, 0.000, 0.037
18, 37, 0.000, 0.039
18, 38, 0.000, 0.036
18, 39, 0.000, 28.441
18, 40, 0.000, 0.036
18, 41, 0.000, 0.038
18, 42, 0.000, 0.035
18, 43, 0.000, 0.039
18, 44, 0.000, 0.036
18, 45, 0.000, 0.038
18, 46, 0.000, 0.037
18, 47, 0.000, 0.039
18, 48, 0.000, 0.036
18, 49, 0.000, 0.039
18, 50, 0.000, 0.036
18, 51, 0.000, 0.040
18, 52, 0.000, 0.037
18, 53, 0.000, 0.038
18, 54, 0.000, 0.035
18, 55, 0.000, 0.039
18, 56, 0.000, 0.043
18, 57, 0.000, 0.039
18, 58, 0.000, 0.040
18, 59, 0.000, 0.041
18, 60, 0.000, 0.036
18, 61, 0.000, 0.039
18, 62, 0.000, 0.036
18, 63, 0.000, 0.042
18, 64, 0.000, 0.040
18, 65, 0.000, 0.039
18, 66, 0.000, 0.036
18, 67, 0.000, 0.045
18, 68, 0.000, 0.046
18, 69, 0.000, 0.042
18, 70, 0.000, 0.036
18, 71, 0.000, 0.047
18, 72, 0.000, 0.037
18, 73, 0.000, 0.043
18, 74, 0.000, 0.046
18, 75, 0.000, 0.047
18, 76, 0.000, 0.049
18, 77, 0.000, 0.039
18, 78, 0.000, 0.054
18, 79, 0.000, 0.039
18, 80, 0.000, 0.039
18, 81, 0.000, 0.079
18, 82, 0.000, 0.045
18, 83, 0.000, 0.042
18, 84, 0.000, 0.039
18, 85, 0.000, 0.079
18, 86, 0.000, 0.076
18, 87, 0.000, 0.042
18, 88, 0.000, 0.075
18, 89, 0.000, 0.066
18, 90, 0.000, 0.076
18, 91, 0.000, 0.079
18, 92, 0.000, 0.054
18, 93, 0.000, 0.092
18, 94, 0.000, 0.087
18, 95, 0.000, 0.092
18, 96, 0.000, 0.088
18, 97, 0.000, 0.092
18, 98, 0.000, 0.056
18, 99, 0.000, 0.092
18, 100, 0.000, 0.087
19, 0, 42.908, 0.002
19, 1, 50.580, 0.050
19, 2, 35.735, 18.741
19, 3, 35.203, 0.039
19, 4, 19.001, 26.567
19, 5, 19.001, 0.053
19, 6, 19.001, 0.037
19, 7, 10.542, 72.556
19, 8, 10.542, 0.036
19, 9, 10.542, 0.054
19, 10, 5.920, 88.701
19, 11, 5.920, 0.039
19, 12, 5.920, 0.036
19, 13, 5.920, 0.040
19, 14, 5.920, 0.036
19, 15, 5.920, 0.040
19, 16, 5.920, 0.036
19, 17, 0.000, 188.824
19, 18, 0.000, 0.037
19, 19, 0.000, 0.039
19, 20, 0.000, 0.036
19, 21, 0.000, 0.041
19, 22, 0.000, 0.036
19, 23, 0.000, 0.039
19, 24, 0.000, 0.036
19, 25, 0.000, 0.039
19, 26, 0.000, 0.036
19, 27, 0.000, 0.039
19, 28, 0.000, 0.037
19, 29, 0.000, 0.039
19, 30, 0.000, 0.036
19, 31, 0.000, 0.040
19, 32, 0.000, 0.038
19, 33, 0.000, 0.047
19, 34, 0.000, 0.036
19, 35, 0.000, 0.040
19, 36, 0.000, 0.037
19, 37, 0.000, 0.039
19, 38, 0.000, 0.035
19, 39, 0.000, 0.044
19, 40, 0.000, 0.035
19, 41, 0.000, 0.045
19, 42, 0.000, 0.056
19, 43, 0.000, 0.047
19, 44, 0.000, 0.036
19, 45, 0.000, 0.047
19, 46, 0.000, 0.051
19, 47, 0.000, 0.041
19, 48, 0.000, 0.045
19, 49, 0.000, 0.051
19, 50, 0.000, 0.048
19, 51, 0.000, 0.040
19, 52, 0.000, 0.056
19, 53, 0.000, 0.070
19, 54, 0.000, 0.036
19, 55, 0.000, 0.053
19, 56, 0.000, 0.044
19, 57, 0.000, 0.079
19, 58, 0.000, 0.044
19, 59, 0.000, 0.067
19, 60, 0.000, 0.047
19, 61, 0.000, 0.054
19, 62, 0.000, 0.065
19, 63, 0.000, 0.051
19, 64, 0.000, 0.042
19, 65, 0.000, 0.054
19, 66, 0.000, 0.058
19, 67, 0.000, 0.079
19, 68, 0.000, 0.087
19, 69, 0.000, 0.092
19, 70, 0.000, 0.088
19, 71, 0.000, 0.073
19, 72, 0.000, 0.087
19, 73, 0.000, 0.061
19, 74, 0.000, 0.087
19, 75, 0.000, 0.074
19, 76, 0.000, 0.088
19, 77, 0.000, 0.056
19, 78, 0.000, 0.040
19, 79, 0.000, 0.074
19, 80, 0.000, 0.087
19, 81, 0.000, 0.092
19, 82, 0.000, 0.087
19, 83, 0.000, 0.092
19, 84, 0.000, 0.087
19, 85, 0.000, 0.092
19, 86, 0.000, 0.087
19, 87, 0.000, 0.093
19, 88, 0.000, 0.087
19, 89, 0.000, 0.092
19, 90, 0.000, 0.087
19, 91, 0.000, 0.092
19, 92, 0.000, 0.087
19, 93, 0.000, 0.093
19, 94, 0.000, 0.088
19, 95, 0.000, 0.093
19, 96, 0.000, 0.087
19, 97, 0.000, 0.093
19, 98, 0.000, 0.088
19, 99, 0.000, 0.093
19, 100, 0.000, 0.087
20, 0, 19.889, 0.002
20, 1, 8.244, 0.038
20, 2, 8.244, 0.040
20, 3, 8.244, 0.038
20, 4, 6.072, 29.986
20, 5, 6.072, 0.039
20, 6, 6.072, 0.037
20, 7, 6.072, 0.040
20, 8, 5.233, 69.516
20, 9, 5.233, 0.039
20, 10, 5.233, 0.037
20, 11, 5.233, 0.040
20, 12, 3.683, 109.598
20, 13, 0.000, 0.065
20, 14, 0.000, 0.036
20, 15, 0.000, 22.057
20, 16, 0.000, 0.047
20, 17, 0.000, 227.368
20, 18, 0.000, 0.047
20, 19, 0.000, 0.039
20, 20, 0.000, 0.048
20, 21, 0.000, 0.054
20, 22, 0.000, 0.037
20, 23, 1.550, 295.849
20, 24, 0.000, 0.048
20, 25, 0.000, 0.039
20, 26, 0.000, 0.036
20, 27, 0.000, 0.039
20, 28, 0.000, 0.036
20, 29, 0.000, 0.039
20, 30, 0.000, 0.037
20, 31, 0.000, 0.039
20, 32, 0.000, 0.037
20, 33, 0.000, 0.039
20, 34, 0.000, 0.036
20, 35, 0.000, 0.039
20, 36, 0.000, 0.036
20, 37, 0.000, 0.038
20, 38, 0.000, 0.036
20, 39, 0.000, 0.039
20, 40, 0.000, 0.036
20, 41, 0.000, 0.038
20, 42, 0.000, 0.036
20, 43, 0.000, 0.039
20, 44, 0.000, 0.037
20, 45, 0.000, 0.038
20, 46, 0.000, 0.036
20, 47, 0.000, 0.039
20, 48, 0.000, 0.037
20, 49, 0.000, 0.040
20, 50, 0.000, 0.036
20, 51, 0.000, 725.590
20, 52, 0.000, 0.036
20, 53, 0.000, 0.039
20, 54, 0.000, 0.037
20, 55, 0.000, 0.038
20, 56, 0.000, 0.037
20, 57, 0.000, 0.040
20, 58, 0.000, 0.036
20, 59, 0.000, 0.040
20, 60, 0.000, 0.037
20, 61, 0.000, 0.040
20, 62, 0.000, 0.036
20, 63, 0.000, 140.297
20, 64, 0.000, 0.037
20, 65, 0.000, 0.040
20, 66, 0.000, 0.036
20, 67, 0.000, 0.040
20, 68, 0.000, 0.036
20, 69, 0.000, 0.039
20, 70, 0.000, 0.036
20, 71, 0.000, 0.040
20, 72, 0.000, 0.036
20, 73, 0.000, 0.039
20, 74, 0.000, 0.037
20, 75, 0.000, 0.039
20, 76, 0.000, 0.035
20, 77, 0.000, 0.040
20, 78, 0.000, 0.036
20, 79, 0.000, 0.039
20, 80, 0.000, 0.036
20, 81, 0.000, 0.039
20, 82, 0.000, 0.036
20, 83, 0.000, 0.040
20, 84, 0.000, 0.036
20, 85, 0.000, 0.041
20, 86, 0.000, 0.036
20, 87, 0.000, 0.039
20, 88, 0.000, 0.036
20, 89, 0.000, 0.039
20, 90, 0.000, 0.035
20, 91, 0.000, 0.040
20, 92, 0.000, 0.038
20, 93, 0.000, 0.041
20, 94, 0.000, 0.036
20, 95, 0.000, 0.041
20, 96, 0.000, 0.039
20, 97, 0.000, 0.038
20, 98, 0.000, 0.037
20, 99, 0.000, 0.044
20, 100, 0.000, 0.036
