Run, Query, Loss, Time
1, 0, 28.785, 0.002
1, 1, 28.785, 0.038
1, 2, 28.785, 0.038
1, 3, 18.194, 20.209
1, 4, 0.000, 0.038
1, 5, 0.000, 0.036
1, 6, 0.000, 43.662
1, 7, 0.000, 0.036
1, 8, 0.000, 0.039
1, 9, 0.000, 0.036
1, 10, 0.000, 0.039
1, 11, 0.000, 106.174
1, 12, 0.000, 0.038
1, 13, 0.000, 0.036
1, 14, 0.000, 0.039
1, 15, 0.000, 159.587
1, 16, 0.000, 0.039
1, 17, 0.000, 0.048
1, 18, 0.000, 0.039
1, 19, 0.000, 0.036
1, 20, 0.000, 0.039
1, 21, 0.000, 0.036
1, 22, 0.000, 0.039
1, 23, 0.000, 0.036
1, 24, 0.000, 0.039
1, 25, 0.000, 0.036
1, 26, 0.000, 0.039
1, 27, 0.000, 0.037
1, 28, 0.000, 0.039
1, 29, 0.000, 405.979
1, 30, 0.000, 0.039
1, 31, 0.000, 0.035
1, 32, 0.000, 0.039
1, 33, 0.000, 0.036
1, 34, 0.000, 0.039
1, 35, 0.000, 0.036
1, 36, 0.000, 0.039
1, 37, 0.000, 0.036
1, 38, 0.000, 0.039
1, 39, 0.000, 0.036
1, 40, 0.000, 544.270
1, 41, 0.000, 0.035
1, 42, 0.000, 0.039
1, 43, 0.000, 0.036
1, 44, 0.000, 0.039
1, 45, 0.000, 0.037
1, 46, 0.000, 0.039
1, 47, 0.000, 0.036
1, 48, 0.000, 0.064
1, 49, 0.000, 145.656
1, 50, 0.000, 0.039
1, 51, 0.000, 0.036
1, 52, 0.000, 0.039
1, 53, 0.000, 0.049
1, 54, 0.000, 0.039
1, 55, 0.000, 0.036
1, 56, 0.000, 0.038
1, 57, 0.000, 0.036
1, 58, 0.000, 0.039
1, 59, 0.000, 0.037
1, 60, 0.000, 0.039
1, 61, 0.000, 0.037
1, 62, 0.000, 0.039
1, 63, 0.000, 0.037
1, 64, 0.000, 95.374
1, 65, 0.000, 0.035
1, 66, 0.000, 0.052
1, 67, 0.000, 0.037
1, 68, 0.000, 0.039
1, 69, 0.000, 0.037
1, 70, 0.000, 0.039
1, 71, 0.000, 0.036
1, 72, 0.000, 0.039
1, 73, 0.000, 0.036
1, 74, 0.000, 0.040
1, 75, 0.000, 0.036
1, 76, 0.000, 0.039
1, 77, 0.000, 0.038
1, 78, 0.000, 0.039
1, 79, 0.000, 0.036
1, 80, 0.000, 0.042
1, 81, 0.000, 0.037
1, 82, 0.000, 0.042
1, 83, 0.000, 0.037
1, 84, 0.000, 0.038
1, 85, 0.000, 0.036
1, 86, 0.000, 0.041
1, 87, 0.000, 0.037
1, 88, 0.000, 0.050
1, 89, 0.000, 0.037
1, 90, 0.000, 0.039
1, 91, 0.000, 0.038
1, 92, 0.000, 0.039
1, 93, 0.000, 0.041
1, 94, 0.000, 0.047
1, 95, 0.000, 0.039
1, 96, 0.000, 0.039
1, 97, 0.000, 0.037
1, 98, 0.000, 311.165
1, 99, 0.000, 0.035
1, 100, 0.000, 0.039
2, 0, 116.769, 0.002
2, 1, 57.104, 0.037
2, 2, 57.104, 0.052
2, 3, 57.104, 11.424
2, 4, 57.104, 0.039
2, 5, 33.370, 0.036
2, 6, 33.370, 16.370
2, 7, 33.370, 0.036
2, 8, 33.370, 29.930
2, 9, 33.370, 0.035
2, 10, 0.000, 0.039
2, 11, 0.000, 37.172
2, 12, 0.000, 0.039
2, 13, 0.000, 0.037
2, 14, 0.000, 0.039
2, 15, 0.000, 0.035
2, 16, 0.000, 0.039
2, 17, 0.000, 0.036
2, 18, 0.000, 0.039
2, 19, 0.000, 0.035
2, 20, 0.000, 0.039
2, 21, 0.000, 0.036
2, 22, 0.000, 0.039
2, 23, 0.000, 0.036
2, 24, 0.000, 0.039
2, 25, 0.000, 0.036
2, 26, 0.000, 0.039
2, 27, 0.000, 0.036
2, 28, 0.000, 0.039
2, 29, 0.000, 0.036
2, 30, 0.000, 0.039
2, 31, 0.000, 0.036
2, 32, 0.000, 0.039
2, 33, 0.000, 0.036
2, 34, 0.000, 0.039
2, 35, 0.000, 0.037
2, 36, 0.000, 0.039
2, 37, 0.000, 0.037
2, 38, 0.000, 0.039
2, 39, 0.000, 0.035
2, 40, 0.000, 0.039
2, 41, 0.000, 0.035
2, 42, 0.000, 0.039
2, 43, 0.000, 0.036
2, 44, 0.000, 0.052
2, 45, 0.000, 0.036
2, 46, 0.000, 0.041
2, 47, 0.000, 0.036
2, 48, 0.000, 0.039
2, 49, 0.000, 0.043
2, 50, 0.000, 0.038
2, 51, 0.000, 0.041
2, 52, 0.000, 0.045
2, 53, 0.000, 0.046
2, 54, 0.000, 0.059
2, 55, 0.000, 0.049
2, 56, 0.000, 0.043
2, 57, 0.000, 0.075
2, 58, 0.000, 0.058
2, 59, 0.000, 0.076
2, 60, 0.000, 0.065
2, 61, 0.000, 0.043
2, 62, 0.000, 0.042
2, 63, 0.000, 0.075
2, 64, 0.000, 0.064
2, 65, 0.000, 0.076
2, 66, 0.000, 0.091
2, 67, 0.000, 0.049
2, 68, 0.000, 0.056
2, 69, 0.000, 0.087
2, 70, 0.000, 0.091
2, 71, 0.000, 0.076
2, 72, 0.000, 0.092
2, 73, 0.000, 0.087
2, 74, 0.000, 0.091
2, 75, 0.000, 0.087
2, 76, 0.000, 0.091
2, 77, 0.000, 0.087
2, 78, 0.000, 0.092
2, 79, 0.000, 0.087
2, 80, 0.000, 0.091
2, 81, 0.000, 0.076
2, 82, 0.000, 0.092
2, 83, 0.000, 0.087
2, 84, 0.000, 0.092
2, 85, 0.000, 0.087
2, 86, 0.000, 0.092
2, 87, 0.000, 0.087
2, 88, 0.000, 0.091
2, 89, 0.000, 0.086
2, 90, 0.000, 0.092
2, 91, 0.000, 0.087
2, 92, 0.000, 0.091
2, 93, 0.000, 0.086
2, 94, 0.000, 0.091
2, 95, 0.000, 0.087
2, 96, 0.000, 0.092
2, 97, 0.000, 0.087
2, 98, 0.000, 0.092
2, 99, 0.000, 0.087
2, 100, 0.000, 0.092
3, 0, 81.777, 0.002
3, 1, 64.690, 0.049
3, 2, 40.136, 16.839
3, 3, 40.136, 0.036
3, 4, 40.136, 0.038
3, 5, 21.547, 46.046
3, 6, 21.547, 0.051
3, 7, 0.000, 67.613
3, 8, 0.000, 0.037
3, 9, 0.000, 0.037
3, 10, 0.000, 0.039
3, 11, 0.000, 95.438
3, 12, 0.000, 0.038
3, 13, 0.000, 162.442
3, 14, 0.000, 0.038
3, 15, 0.000, 0.036
3, 16, 0.000, 0.039
3, 17, 0.000, 0.036
3, 18, 0.000, 221.329
3, 19, 0.000, 0.037
3, 20, 0.000, 0.039
3, 21, 0.000, 0.047
3, 22, 0.000, 0.039
3, 23, 0.000, 260.462
3, 24, 0.000, 0.039
3, 25, 0.000, 0.037
3, 26, 0.000, 0.039
3, 27, 0.000, 0.037
3, 28, 0.000, 0.038
3, 29, 0.000, 0.035
3, 30, 0.000, 0.039
3, 31, 0.000, 201.560
3, 32, 0.000, 0.039
3, 33, 0.000, 0.037
3, 34, 0.000, 0.039
3, 35, 0.000, 0.037
3, 36, 0.000, 0.039
3, 37, 0.000, 0.037
3, 38, 0.000, 0.039
3, 39, 0.000, 0.036
3, 40, 0.000, 0.039
3, 41, 0.000, 0.037
3, 42, 0.000, 0.039
3, 43, 0.000, 102.073
3, 44, 0.000, 0.038
3, 45, 0.000, 0.035
3, 46, 0.000, 0.039
3, 47, 0.000, 0.047
3, 48, 0.000, 0.038
3, 49, 0.000, 0.037
3, 50, 0.000, 0.038
3, 51, 0.000, 0.037
3, 52, 0.000, 0.038
3, 53, 0.000, 0.037
3, 54, 0.000, 0.038
3, 55, 0.000, 0.037
3, 56, 0.000, 0.039
3, 57, 0.000, 0.036
3, 58, 0.000, 0.039
3, 59, 0.000, 0.036
3, 60, 0.000, 0.039
3, 61, 0.000, 0.037
3, 62, 0.000, 0.052
3, 63, 0.000, 0.037
3, 64, 0.000, 146.210
3, 65, 0.000, 0.037
3, 66, 0.000, 0.038
3, 67, 0.000, 0.037
3, 68, 0.000, 0.039
3, 69, 0.000, 0.037
3, 70, 0.000, 0.039
3, 71, 0.000, 0.037
3, 72, 0.000, 0.039
3, 73, 0.000, 0.037
3, 74, 0.000, 0.038
3, 75, 0.000, 0.037
3, 76, 0.000, 0.039
3, 77, 0.000, 0.037
3, 78, 0.000, 0.039
3, 79, 0.000, 0.037
3, 80, 0.000, 0.039
3, 81, 0.000, 0.036
3, 82, 0.000, 0.039
3, 83, 0.000, 0.036
3, 84, 0.000, 0.039
3, 85, 0.000, 0.037
3, 86, 0.000, 0.038
3, 87, 0.000, 0.036
3, 88, 0.000, 0.040
3, 89, 0.000, 0.036
3, 90, 0.000, 0.038
3, 91, 0.000, 0.037
3, 92, 0.000, 0.038
3, 93, 0.000, 0.036
3, 94, 0.000, 0.039
3, 95, 0.000, 0.036
3, 96, 0.000, 0.039
3, 97, 0.000, 0.036
3, 98, 0.000, 0.039
3, 99, 0.000, 0.036
3, 100, 0.000, 0.039
4, 0, 34.309, 0.002
4, 1, 0.000, 0.050
4, 2, 0.000, 0.039
4, 3, 0.000, 20.080
4, 4, 0.000, 0.039
4, 5, 0.000, 0.036
4, 6, 0.000, 0.052
4, 7, 0.000, 0.037
4, 8, 0.000, 0.039
4, 9, 0.000, 0.048
4, 10, 0.000, 16.271
4, 11, 0.000, 0.048
4, 12, 0.000, 106.252
4, 13, 0.000, 0.036
4, 14, 0.000, 0.039
4, 15, 0.000, 0.036
4, 16, 0.000, 0.039
4, 17, 0.000, 0.048
4, 18, 0.000, 0.039
4, 19, 0.000, 0.036
4, 20, 0.000, 197.219
4, 21, 0.000, 0.036
4, 22, 0.000, 0.039
4, 23, 0.000, 0.037
4, 24, 0.000, 0.039
4, 25, 0.000, 77.479
4, 26, 0.000, 346.613
4, 27, 0.000, 0.036
4, 28, 0.000, 0.038
4, 29, 0.000, 0.036
4, 30, 0.000, 0.038
4, 31, 0.000, 0.037
4, 32, 0.000, 0.039
4, 33, 0.000, 0.037
4, 34, 0.000, 212.122
4, 35, 0.000, 0.037
4, 36, 0.000, 0.039
4, 37, 0.000, 0.036
4, 38, 0.000, 0.038
4, 39, 0.000, 0.035
4, 40, 0.000, 0.039
4, 41, 0.000, 0.037
4, 42, 0.000, 0.039
4, 43, 0.000, 0.036
4, 44, 0.000, 0.039
4, 45, 0.000, 697.240
4, 46, 0.000, 0.038
4, 47, 0.000, 0.037
4, 48, 0.000, 0.039
4, 49, 0.000, 0.037
4, 50, 0.000, 0.039
4, 51, 0.000, 0.035
4, 52, 0.000, 175.420
4, 53, 0.000, 0.037
4, 54, 0.000, 0.038
4, 55, 0.000, 0.049
4, 56, 0.000, 0.039
4, 57, 0.000, 0.037
4, 58, 0.000, 0.039
4, 59, 0.000, 0.036
4, 60, 0.000, 0.039
4, 61, 0.000, 0.037
4, 62, 0.000, 0.039
4, 63, 0.000, 0.036
4, 64, 0.000, 0.039
4, 65, 0.000, 0.036
4, 66, 0.000, 66.370
4, 67, 0.000, 0.037
4, 68, 0.000, 0.039
4, 69, 0.000, 0.047
4, 70, 0.000, 0.039
4, 71, 0.000, 0.036
4, 72, 0.000, 0.039
4, 73, 0.000, 0.036
4, 74, 0.000, 0.039
4, 75, 0.000, 0.036
4, 76, 0.000, 745.737
4, 77, 0.000, 0.037
4, 78, 0.000, 0.038
4, 79, 0.000, 0.049
4, 80, 0.000, 0.039
4, 81, 0.000, 0.036
4, 82, 0.000, 0.052
4, 83, 0.000, 0.049
4, 84, 0.000, 0.038
4, 85, 0.000, 0.036
4, 86, 0.000, 0.038
4, 87, 0.000, 170.844
4, 88, 0.000, 0.039
4, 89, 0.000, 0.050
4, 90, 0.000, 0.039
4, 91, 0.000, 0.037
4, 92, 0.000, 0.038
4, 93, 0.000, 0.037
4, 94, 0.000, 0.052
4, 95, 0.000, 0.047
4, 96, 0.000, 0.038
4, 97, 0.000, 0.037
4, 98, 0.000, 0.039
4, 99, 0.000, 0.037
4, 100, 0.000, 0.052
5, 0, 22.400, 0.002
5, 1, 41.516, 0.062
5, 2, 41.516, 0.039
5, 3, 41.516, 13.309
5, 4, 2.533, 40.583
5, 5, 2.533, 0.036
5, 6, 2.533, 0.052
5, 7, 0.000, 82.275
5, 8, 0.000, 0.064
5, 9, 0.000, 0.037
5, 10, 0.000, 0.039
5, 11, 0.000, 0.036
5, 12, 0.000, 0.039
5, 13, 0.000, 0.049
5, 14, 0.000, 0.039
5, 15, 0.000, 0.037
5, 16, 0.000, 43.896
5, 17, 0.000, 0.047
5, 18, 0.000, 0.053
5, 19, 0.000, 0.036
5, 20, 0.000, 246.103
5, 21, 0.000, 0.036
5, 22, 0.000, 0.039
5, 23, 0.000, 112.963
5, 24, 0.000, 0.039
5, 25, 0.000, 0.058
5, 26, 0.000, 0.039
5, 27, 0.000, 0.036
5, 28, 0.000, 0.053
5, 29, 0.000, 0.037
5, 30, 0.000, 0.039
5, 31, 0.000, 0.037
5, 32, 0.000, 0.039
5, 33, 0.000, 0.037
5, 34, 0.000, 63.798
5, 35, 0.000, 0.035
5, 36, 0.000, 0.038
5, 37, 0.000, 0.036
5, 38, 0.000, 498.508
5, 39, 0.000, 0.036
5, 40, 0.000, 0.038
5, 41, 0.000, 0.037
5, 42, 0.000, 0.039
5, 43, 0.000, 0.036
5, 44, 0.000, 0.040
5, 45, 0.000, 0.036
5, 46, 0.000, 0.039
5, 47, 0.000, 0.036
5, 48, 0.000, 0.039
5, 49, 0.000, 0.036
5, 50, 0.000, 0.039
5, 51, 0.000, 0.037
5, 52, 0.000, 0.039
5, 53, 0.000, 0.036
5, 54, 0.000, 0.039
5, 55, 0.000, 0.036
5, 56, 0.000, 0.039
5, 57, 0.000, 986.689
5, 58, 0.000, 0.039
5, 59, 0.000, 0.035
5, 60, 0.000, 0.038
5, 61, 0.000, 0.036
5, 62, 0.000, 0.039
5, 63, 0.000, 0.035
5, 64, 0.000, 0.038
5, 65, 0.000, 0.037
5, 66, 0.000, 0.038
5, 67, 0.000, 0.036
5, 68, 0.000, 0.063
5, 69, 0.000, 166.909
5, 70, 0.000, 0.038
5, 71, 0.000, 0.048
5, 72, 0.000, 0.039
5, 73, 0.000, 0.037
5, 74, 0.000, 0.039
5, 75, 0.000, 0.036
5, 76, 0.000, 0.039
5, 77, 0.000, 0.037
5, 78, 0.000, 0.040
5, 79, 0.000, 0.035
5, 80, 0.000, 0.040
5, 81, 0.000, 0.036
5, 82, 0.000, 0.039
5, 83, 0.000, 0.036
5, 84, 0.000, 0.039
5, 85, 0.000, 0.036
5, 86, 0.000, 0.039
5, 87, 0.000, 0.037
5, 88, 0.000, 0.039
5, 89, 0.000, 0.036
5, 90, 0.000, 0.039
5, 91, 0.000, 0.036
5, 92, 0.000, 0.039
5, 93, 0.000, 0.036
5, 94, 0.000, 0.040
5, 95, 0.000, 0.036
5, 96, 0.000, 0.039
5, 97, 0.000, 0.037
5, 98, 0.000, 0.040
5, 99, 0.000, 0.037
5, 100, 0.000, 0.039
6, 0, 21.314, 0.002
6, 1, 18.448, 0.050
6, 2, 18.448, 0.039
6, 3, 18.448, 0.037
6, 4, 18.448, 17.312
6, 5, 18.448, 0.048
6, 6, 18.448, 0.039
6, 7, 18.448, 0.037
6, 8, 18.448, 0.039
6, 9, 18.448, 0.036
6, 10, 18.448, 0.039
6, 11, 18.448, 0.036
6, 12, 18.448, 40.225
6, 13, 18.448, 0.048
6, 14, 18.448, 0.039
6, 15, 18.448, 0.037
6, 16, 0.000, 134.848
6, 17, 0.000, 0.036
6, 18, 0.000, 0.039
6, 19, 0.000, 0.037
6, 20, 2.116, 193.912
6, 21, 2.116, 0.036
6, 22, 0.000, 0.040
6, 23, 0.000, 0.037
6, 24, 0.000, 35.809
6, 25, 0.000, 0.036
6, 26, 0.000, 0.039
6, 27, 0.000, 0.036
6, 28, 0.000, 0.039
6, 29, 0.000, 0.036
6, 30, 0.000, 0.039
6, 31, 0.000, 0.036
6, 32, 0.000, 0.039
6, 33, 0.000, 0.036
6, 34, 0.000, 0.039
6, 35, 0.000, 0.036
6, 36, 0.000, 0.039
6, 37, 0.000, 0.036
6, 38, 0.000, 0.039
6, 39, 0.000, 0.037
6, 40, 0.000, 0.039
6, 41, 0.000, 612.243
6, 42, 0.000, 0.039
6, 43, 0.000, 0.036
6, 44, 0.000, 0.039
6, 45, 0.000, 0.037
6, 46, 0.000, 0.039
6, 47, 0.000, 0.037
6, 48, 0.000, 735.532
6, 49, 0.000, 0.037
6, 50, 0.000, 0.038
6, 51, 0.000, 0.036
6, 52, 0.000, 0.038
6, 53, 0.000, 0.035
6, 54, 0.000, 0.039
6, 55, 0.000, 0.037
6, 56, 0.000, 0.039
6, 57, 0.000, 0.036
6, 58, 0.000, 0.038
6, 59, 0.000, 462.701
6, 60, 0.000, 0.039
6, 61, 0.000, 0.037
6, 62, 0.000, 0.039
6, 63, 0.000, 0.036
6, 64, 0.000, 0.039
6, 65, 0.000, 0.036
6, 66, 0.000, 0.038
6, 67, 0.000, 0.035
6, 68, 0.000, 0.038
6, 69, 0.000, 0.037
6, 70, 0.000, 0.039
6, 71, 0.000, 0.037
6, 72, 0.000, 0.039
6, 73, 0.000, 0.036
6, 74, 0.000, 0.039
6, 75, 0.000, 0.037
6, 76, 0.000, 0.039
6, 77, 0.000, 0.037
6, 78, 0.000, 0.039
6, 79, 0.000, 0.036
6, 80, 0.000, 0.039
6, 81, 0.000, 0.036
6, 82, 0.000, 0.039
6, 83, 0.000, 0.037
6, 84, 0.000, 74.364
6, 85, 0.000, 0.037
6, 86, 0.000, 0.038
6, 87, 0.000, 0.037
6, 88, 0.000, 0.038
6, 89, 0.000, 0.037
6, 90, 0.000, 0.039
6, 91, 0.000, 0.037
6, 92, 0.000, 0.039
6, 93, 0.000, 0.037
6, 94, 0.000, 0.038
6, 95, 0.000, 0.036
6, 96, 0.000, 0.038
6, 97, 0.000, 0.037
6, 98, 0.000, 0.038
6, 99, 0.000, 0.037
6, 100, 0.000, 0.038
7, 0, 21.139, 0.002
7, 1, 15.923, 0.037
7, 2, 15.923, 0.039
7, 3, 15.923, 0.036
7, 4, 15.923, 19.831
7, 5, 15.923, 0.036
7, 6, 15.923, 0.039
7, 7, 15.923, 0.036
7, 8, 15.923, 0.039
7, 9, 15.923, 0.048
7, 10, 15.923, 82.224
7, 11, 15.923, 0.036
7, 12, 15.923, 0.040
7, 13, 15.923, 0.035
7, 14, 15.923, 0.039
7, 15, 15.923, 36.536
7, 16, 0.000, 177.708
7, 17, 0.000, 0.036
7, 18, 0.000, 0.039
7, 19, 0.000, 0.036
7, 20, 0.000, 0.039
7, 21, 0.000, 253.087
7, 22, 0.000, 0.039
7, 23, 0.000, 0.037
7, 24, 0.000, 318.209
7, 25, 0.000, 0.037
7, 26, 0.000, 0.039
7, 27, 0.000, 0.037
7, 28, 0.000, 0.039
7, 29, 0.000, 141.539
7, 30, 0.000, 0.038
7, 31, 0.000, 0.037
7, 32, 0.000, 0.039
7, 33, 0.000, 0.036
7, 34, 0.000, 0.038
7, 35, 0.000, 0.036
7, 36, 0.000, 0.039
7, 37, 0.000, 0.036
7, 38, 0.000, 0.039
7, 39, 0.000, 0.037
7, 40, 0.000, 0.039
7, 41, 0.000, 65.179
7, 42, 0.000, 0.038
7, 43, 0.000, 0.037
7, 44, 0.000, 0.038
7, 45, 0.000, 0.036
7, 46, 0.000, 0.038
7, 47, 0.000, 765.086
7, 48, 0.000, 0.038
7, 49, 0.000, 0.037
7, 50, 0.000, 0.039
7, 51, 0.000, 0.037
7, 52, 0.000, 0.039
7, 53, 0.000, 0.037
7, 54, 0.000, 0.038
7, 55, 0.000, 0.037
7, 56, 0.000, 73.596
7, 57, 0.000, 0.036
7, 58, 0.000, 0.039
7, 59, 0.000, 0.037
7, 60, 0.000, 0.039
7, 61, 0.000, 0.049
7, 62, 0.000, 0.039
7, 63, 0.000, 0.035
7, 64, 0.000, 0.039
7, 65, 0.000, 0.037
7, 66, 0.000, 0.039
7, 67, 0.000, 0.037
7, 68, 0.000, 0.039
7, 69, 0.000, 0.036
7, 70, 0.000, 0.039
7, 71, 0.000, 0.036
7, 72, 0.000, 0.039
7, 73, 0.000, 0.037
7, 74, 0.000, 0.039
7, 75, 0.000, 0.035
7, 76, 0.000, 0.039
7, 77, 0.000, 0.036
7, 78, 0.000, 0.039
7, 79, 0.000, 303.903
7, 80, 0.000, 0.038
7, 81, 0.000, 0.036
7, 82, 0.000, 0.039
7, 83, 0.000, 0.037
7, 84, 0.000, 0.040
7, 85, 0.000, 0.036
7, 86, 0.000, 0.038
7, 87, 0.000, 0.036
7, 88, 0.000, 0.041
7, 89, 0.000, 0.037
7, 90, 0.000, 0.039
7, 91, 0.000, 0.036
7, 92, 0.000, 0.039
7, 93, 0.000, 0.036
7, 94, 0.000, 0.040
7, 95, 0.000, 0.036
7, 96, 0.000, 0.039
7, 97, 0.000, 0.037
7, 98, 0.000, 0.039
7, 99, 0.000, 0.036
7, 100, 0.000, 0.040
8, 0, 23.362, 0.002
8, 1, 7.042, 0.050
8, 2, 0.000, 21.743
8, 3, 0.000, 0.049
8, 4, 0.000, 0.038
8, 5, 0.000, 0.036
8, 6, 0.000, 0.039
8, 7, 0.000, 19.734
8, 8, 0.000, 0.039
8, 9, 0.000, 80.204
8, 10, 0.000, 0.039
8, 11, 0.000, 0.036
8, 12, 0.000, 114.148
8, 13, 0.000, 0.036
8, 14, 0.000, 0.039
8, 15, 0.000, 0.036
8, 16, 0.000, 0.039
8, 17, 0.000, 174.205
8, 18, 0.000, 0.038
8, 19, 0.000, 0.036
8, 20, 0.000, 282.391
8, 21, 0.000, 0.047
8, 22, 0.000, 0.039
8, 23, 0.000, 0.036
8, 24, 0.000, 0.039
8, 25, 0.000, 0.036
8, 26, 0.000, 326.056
8, 27, 0.000, 0.036
8, 28, 0.000, 0.038
8, 29, 0.000, 0.036
8, 30, 0.000, 421.955
8, 31, 0.000, 0.049
8, 32, 0.000, 0.039
8, 33, 0.000, 0.049
8, 34, 0.000, 0.039
8, 35, 0.000, 64.879
8, 36, 0.000, 522.979
8, 37, 0.000, 0.036
8, 38, 0.000, 0.039
8, 39, 0.000, 0.036
8, 40, 0.000, 0.039
8, 41, 0.000, 0.049
8, 42, 0.000, 249.921
8, 43, 0.000, 0.037
8, 44, 0.000, 0.039
8, 45, 0.000, 0.037
8, 46, 0.000, 0.038
8, 47, 0.000, 0.037
8, 48, 0.000, 409.181
8, 49, 0.000, 0.037
8, 50, 0.000, 0.038
8, 51, 0.000, 0.036
8, 52, 0.000, 0.038
8, 53, 0.000, 0.036
8, 54, 0.000, 0.040
8, 55, 0.000, 0.037
8, 56, 0.000, 0.038
8, 57, 0.000, 0.047
8, 58, 0.000, 0.038
8, 59, 0.000, 0.036
8, 60, 0.000, 297.678
8, 61, 0.000, 0.037
8, 62, 0.000, 0.038
8, 63, 0.000, 0.037
8, 64, 0.000, 0.038
8, 65, 0.000, 0.036
8, 66, 0.000, 0.038
8, 67, 0.000, 0.036
8, 68, 0.000, 0.039
8, 69, 0.000, 0.037
8, 70, 0.000, 0.039
8, 71, 0.000, 0.037
8, 72, 0.000, 0.038
8, 73, 0.000, 0.036
8, 74, 0.000, 0.039
8, 75, 0.000, 0.037
8, 76, 0.000, 0.040
8, 77, 0.000, 0.037
8, 78, 0.000, 80.509
8, 79, 0.000, 0.037
8, 80, 0.000, 0.039
8, 81, 0.000, 0.036
8, 82, 0.000, 0.039
8, 83, 0.000, 0.036
8, 84, 0.000, 0.039
8, 85, 0.000, 0.037
8, 86, 0.000, 0.038
8, 87, 0.000, 0.037
8, 88, 0.000, 0.039
8, 89, 0.000, 0.037
8, 90, 0.000, 0.039
8, 91, 0.000, 0.036
8, 92, 0.000, 0.039
8, 93, 0.000, 0.037
8, 94, 0.000, 0.038
8, 95, 0.000, 0.037
8, 96, 0.000, 0.038
8, 97, 0.000, 0.037
8, 98, 0.000, 0.039
8, 99, 0.000, 0.037
8, 100, 0.000, 0.038
9, 0, 65.551, 0.002
9, 1, 28.917, 0.050
9, 2, 28.917, 0.038
9, 3, 28.917, 0.036
9, 4, 28.917, 9.312
9, 5, 28.917, 0.036
9, 6, 28.917, 0.053
9, 7, 28.917, 0.049
9, 8, 28.917, 0.039
9, 9, 28.917, 0.036
9, 10, 28.917, 84.280
9, 11, 28.917, 0.036
9, 12, 28.917, 0.039
9, 13, 28.917, 0.036
9, 14, 28.917, 0.039
9, 15, 7.827, 126.560
9, 16, 7.827, 0.039
9, 17, 7.827, 0.037
9, 18, 0.000, 166.382
9, 19, 0.000, 0.047
9, 20, 0.000, 0.039
9, 21, 0.000, 0.035
9, 22, 0.000, 0.039
9, 23, 0.000, 0.036
9, 24, 0.000, 0.039
9, 25, 0.000, 0.036
9, 26, 0.000, 0.039
9, 27, 0.000, 0.037
9, 28, 0.000, 0.039
9, 29, 0.000, 0.035
9, 30, 0.000, 0.039
9, 31, 0.000, 0.035
9, 32, 0.000, 366.688
9, 33, 0.000, 0.037
9, 34, 0.000, 0.038
9, 35, 0.000, 0.037
9, 36, 0.000, 0.038
9, 37, 0.000, 0.037
9, 38, 0.000, 0.038
9, 39, 0.000, 0.036
9, 40, 0.000, 0.039
9, 41, 0.000, 61.706
9, 42, 0.000, 0.039
9, 43, 0.000, 0.037
9, 44, 0.000, 0.038
9, 45, 0.000, 0.036
9, 46, 0.000, 0.039
9, 47, 0.000, 0.036
9, 48, 0.000, 0.039
9, 49, 0.000, 0.037
9, 50, 0.000, 0.039
9, 51, 0.000, 0.037
9, 52, 0.000, 0.039
9, 53, 0.000, 0.047
9, 54, 0.000, 0.039
9, 55, 0.000, 0.037
9, 56, 0.000, 0.038
9, 57, 0.000, 0.037
9, 58, 0.000, 0.039
9, 59, 0.000, 0.036
9, 60, 0.000, 0.040
9, 61, 0.000, 0.037
9, 62, 0.000, 0.038
9, 63, 0.000, 0.037
9, 64, 0.000, 0.038
9, 65, 0.000, 0.037
9, 66, 0.000, 0.038
9, 67, 0.000, 0.037
9, 68, 0.000, 0.038
9, 69, 0.000, 0.037
9, 70, 0.000, 0.039
9, 71, 0.000, 0.037
9, 72, 0.000, 1194.738
9, 73, 0.000, 0.036
9, 74, 0.000, 0.039
9, 75, 0.000, 0.037
9, 76, 0.000, 1333.341
9, 77, 0.000, 0.036
9, 78, 0.000, 0.039
9, 79, 0.000, 0.036
9, 80, 0.000, 0.039
9, 81, 0.000, 0.035
9, 82, 0.000, 0.039
9, 83, 0.000, 0.050
9, 84, 0.000, 0.051
9, 85, 0.000, 0.037
9, 86, 0.000, 0.039
9, 87, 0.000, 742.605
9, 88, 0.000, 0.039
9, 89, 0.000, 0.037
9, 90, 0.000, 0.039
9, 91, 0.000, 0.037
9, 92, 0.000, 0.038
9, 93, 0.000, 0.036
9, 94, 0.000, 0.039
9, 95, 0.000, 0.037
9, 96, 0.000, 0.039
9, 97, 0.000, 0.036
9, 98, 0.000, 0.039
9, 99, 0.000, 0.037
9, 100, 0.000, 0.039
10, 0, 45.712, 0.002
10, 1, 47.819, 0.062
10, 2, 25.086, 18.902
10, 3, 25.086, 0.036
10, 4, 24.841, 40.243
10, 5, 2.107, 0.036
10, 6, 2.107, 32.823
10, 7, 2.107, 0.036
10, 8, 0.000, 0.039
10, 9, 0.000, 0.036
10, 10, 0.000, 78.801
10, 11, 0.000, 0.036
10, 12, 0.000, 0.053
10, 13, 0.000, 0.037
10, 14, 0.000, 0.053
10, 15, 0.000, 0.048
10, 16, 0.000, 131.344
10, 17, 0.000, 0.037
10, 18, 0.000, 0.039
10, 19, 0.000, 0.036
10, 20, 0.000, 0.040
10, 21, 0.000, 0.036
10, 22, 0.000, 0.066
10, 23, 0.000, 321.647
10, 24, 0.000, 0.038
10, 25, 0.000, 0.037
10, 26, 0.000, 0.039
10, 27, 0.000, 0.035
10, 28, 0.000, 0.039
10, 29, 0.000, 0.036
10, 30, 0.000, 0.038
10, 31, 0.000, 63.945
10, 32, 0.000, 0.038
10, 33, 0.000, 0.037
10, 34, 0.000, 0.039
10, 35, 0.000, 0.037
10, 36, 0.000, 0.039
10, 37, 0.000, 0.036
10, 38, 0.000, 0.039
10, 39, 0.000, 0.036
10, 40, 0.000, 0.052
10, 41, 0.000, 0.036
10, 42, 0.000, 0.039
10, 43, 0.000, 0.036
10, 44, 0.000, 0.039
10, 45, 0.000, 0.037
10, 46, 0.000, 0.039
10, 47, 0.000, 0.035
10, 48, 0.000, 0.039
10, 49, 0.000, 0.037
10, 50, 0.000, 0.039
10, 51, 0.000, 0.036
10, 52, 0.000, 0.039
10, 53, 0.000, 0.037
10, 54, 0.000, 0.039
10, 55, 0.000, 0.036
10, 56, 0.000, 0.039
10, 57, 0.000, 0.036
10, 58, 0.000, 171.581
10, 59, 0.000, 0.036
10, 60, 0.000, 0.039
10, 61, 0.000, 0.036
10, 62, 0.000, 0.039
10, 63, 0.000, 0.036
10, 64, 0.000, 0.039
10, 65, 0.000, 0.036
10, 66, 0.000, 0.039
10, 67, 0.000, 0.036
10, 68, 0.000, 0.039
10, 69, 0.000, 0.036
10, 70, 0.000, 0.039
10, 71, 0.000, 0.036
10, 72, 0.000, 0.040
10, 73, 0.000, 0.036
10, 74, 0.000, 0.039
10, 75, 0.000, 0.037
10, 76, 0.000, 0.039
10, 77, 0.000, 0.037
10, 78, 0.000, 0.039
10, 79, 0.000, 0.037
10, 80, 0.000, 0.039
10, 81, 0.000, 0.037
10, 82, 0.000, 0.038
10, 83, 0.000, 0.037
10, 84, 0.000, 0.039
10, 85, 0.000, 0.038
10, 86, 0.000, 0.039
10, 87, 0.000, 0.036
10, 88, 0.000, 0.039
10, 89, 0.000, 0.036
10, 90, 0.000, 134.118
10, 91, 0.000, 0.036
10, 92, 0.000, 0.039
10, 93, 0.000, 0.036
10, 94, 0.000, 0.039
10, 95, 0.000, 0.037
10, 96, 0.000, 0.039
10, 97, 0.000, 0.037
10, 98, 0.000, 0.039
10, 99, 0.000, 0.037
10, 100, 0.000, 0.039
11, 0, 54.333, 0.002
11, 1, 20.927, 0.050
11, 2, 20.927, 0.038
11, 3, 20.927, 0.037
11, 4, 20.927, 10.653
11, 5, 20.927, 0.036
11, 6, 20.927, 0.039
11, 7, 20.927, 0.036
11, 8, 20.927, 0.052
11, 9, 20.927, 0.036
11, 10, 0.000, 88.763
11, 11, 0.000, 0.047
11, 12, 0.000, 122.600
11, 13, 0.000, 0.036
11, 14, 0.000, 0.039
11, 15, 0.000, 0.037
11, 16, 0.000, 0.039
11, 17, 0.000, 0.036
11, 18, 0.000, 0.039
11, 19, 0.000, 229.703
11, 20, 0.000, 0.038
11, 21, 0.000, 0.036
11, 22, 0.000, 0.040
11, 23, 0.000, 0.036
11, 24, 0.000, 0.039
11, 25, 0.000, 0.037
11, 26, 0.000, 0.038
11, 27, 0.000, 0.036
11, 28, 0.000, 86.774
11, 29, 0.000, 0.037
11, 30, 0.000, 0.038
11, 31, 0.000, 0.037
11, 32, 0.000, 0.038
11, 33, 0.000, 0.036
11, 34, 0.000, 0.039
11, 35, 0.000, 0.036
11, 36, 0.000, 0.038
11, 37, 0.000, 0.037
11, 38, 0.000, 0.040
11, 39, 0.000, 0.037
11, 40, 0.000, 0.039
11, 41, 0.000, 0.037
11, 42, 0.000, 0.039
11, 43, 0.000, 0.037
11, 44, 0.000, 511.469
11, 45, 0.000, 0.037
11, 46, 0.000, 0.039
11, 47, 0.000, 0.037
11, 48, 0.000, 0.038
11, 49, 0.000, 0.036
11, 50, 0.000, 0.038
11, 51, 0.000, 0.036
11, 52, 0.000, 0.040
11, 53, 0.000, 0.035
11, 54, 0.000, 0.038
11, 55, 0.000, 0.036
11, 56, 0.000, 0.039
11, 57, 0.000, 0.036
11, 58, 0.000, 997.000
11, 59, 0.000, 0.036
11, 60, 0.000, 0.038
11, 61, 0.000, 0.036
11, 62, 0.000, 0.039
11, 63, 0.000, 0.035
11, 64, 0.000, 0.039
11, 65, 0.000, 0.037
11, 66, 0.000, 0.039
11, 67, 0.000, 0.037
11, 68, 0.000, 61.367
11, 69, 0.000, 0.037
11, 70, 0.000, 0.039
11, 71, 0.000, 0.036
11, 72, 0.000, 0.040
11, 73, 0.000, 0.036
11, 74, 0.000, 0.039
11, 75, 0.000, 0.046
11, 76, 0.000, 0.039
11, 77, 0.000, 0.037
11, 78, 0.000, 0.038
11, 79, 0.000, 0.037
11, 80, 0.000, 0.038
11, 81, 0.000, 0.036
11, 82, 0.000, 0.039
11, 83, 0.000, 173.409
11, 84, 0.000, 0.038
11, 85, 0.000, 0.037
11, 86, 0.000, 0.038
11, 87, 0.000, 0.036
11, 88, 0.000, 0.039
11, 89, 0.000, 0.036
11, 90, 0.000, 0.038
11, 91, 0.000, 0.037
11, 92, 0.000, 0.039
11, 93, 0.000, 0.036
11, 94, 0.000, 0.038
11, 95, 0.000, 0.036
11, 96, 0.000, 0.039
11, 97, 0.000, 0.036
11, 98, 0.000, 0.039
11, 99, 0.000, 0.037
11, 100, 0.000, 0.039
12, 0, 17.751, 0.002
12, 1, 21.967, 0.037
12, 2, 21.967, 0.039
12, 3, 21.274, 19.854
12, 4, 21.274, 0.065
12, 5, 21.274, 0.037
12, 6, 21.274, 17.950
12, 7, 17.751, 0.036
12, 8, 17.751, 26.369
12, 9, 17.751, 0.037
12, 10, 0.000, 84.985
12, 11, 0.000, 0.036
12, 12, 0.000, 0.039
12, 13, 0.000, 0.036
12, 14, 0.000, 154.691
12, 15, 0.000, 0.036
12, 16, 0.000, 0.038
12, 17, 0.000, 0.036
12, 18, 0.000, 30.995
12, 19, 0.000, 0.036
12, 20, 0.000, 0.039
12, 21, 0.000, 0.036
12, 22, 0.000, 0.038
12, 23, 0.000, 0.037
12, 24, 0.000, 0.039
12, 25, 0.000, 0.036
12, 26, 0.000, 0.038
12, 27, 0.000, 0.037
12, 28, 0.000, 0.039
12, 29, 0.000, 0.037
12, 30, 0.000, 0.039
12, 31, 0.000, 492.177
12, 32, 0.000, 0.039
12, 33, 0.000, 0.036
12, 34, 0.000, 0.040
12, 35, 0.000, 0.037
12, 36, 0.000, 0.039
12, 37, 0.000, 0.037
12, 38, 0.000, 0.038
12, 39, 0.000, 592.178
12, 40, 0.000, 0.039
12, 41, 0.000, 0.037
12, 42, 0.000, 0.065
12, 43, 0.000, 0.037
12, 44, 0.000, 0.053
12, 45, 0.000, 0.037
12, 46, 0.000, 0.038
12, 47, 0.000, 0.037
12, 48, 0.000, 117.388
12, 49, 0.000, 0.036
12, 50, 0.000, 0.038
12, 51, 0.000, 0.037
12, 52, 0.000, 0.039
12, 53, 0.000, 0.036
12, 54, 0.000, 0.039
12, 55, 0.000, 0.036
12, 56, 0.000, 0.038
12, 57, 0.000, 0.036
12, 58, 0.000, 0.039
12, 59, 0.000, 0.036
12, 60, 0.000, 0.038
12, 61, 0.000, 0.037
12, 62, 0.000, 0.039
12, 63, 0.000, 0.037
12, 64, 0.000, 0.038
12, 65, 0.000, 0.037
12, 66, 0.000, 0.039
12, 67, 0.000, 0.037
12, 68, 0.000, 0.038
12, 69, 0.000, 0.036
12, 70, 0.000, 85.422
12, 71, 0.000, 0.036
12, 72, 0.000, 0.038
12, 73, 0.000, 0.035
12, 74, 0.000, 0.039
12, 75, 0.000, 0.047
12, 76, 0.000, 0.039
12, 77, 0.000, 0.037
12, 78, 0.000, 0.038
12, 79, 0.000, 0.036
12, 80, 0.000, 0.039
12, 81, 0.000, 0.037
12, 82, 0.000, 0.039
12, 83, 0.000, 0.037
12, 84, 0.000, 0.039
12, 85, 0.000, 0.037
12, 86, 0.000, 0.039
12, 87, 0.000, 0.036
12, 88, 0.000, 0.039
12, 89, 0.000, 0.047
12, 90, 0.000, 0.039
12, 91, 0.000, 0.036
12, 92, 0.000, 0.039
12, 93, 0.000, 0.037
12, 94, 0.000, 0.039
12, 95, 0.000, 0.037
12, 96, 0.000, 0.039
12, 97, 0.000, 0.036
12, 98, 0.000, 72.862
12, 99, 0.000, 0.036
12, 100, 0.000, 0.039
13, 0, 57.290, 0.002
13, 1, 0.000, 0.049
13, 2, 0.000, 0.038
13, 3, 0.000, 0.036
13, 4, 0.000, 19.587
13, 5, 0.000, 0.036
13, 6, 0.000, 0.039
13, 7, 0.000, 0.036
13, 8, 0.000, 0.039
13, 9, 0.000, 0.036
13, 10, 0.000, 0.039
13, 11, 0.000, 0.036
13, 12, 0.000, 0.039
13, 13, 0.000, 36.278
13, 14, 0.000, 0.039
13, 15, 0.000, 0.036
13, 16, 0.000, 0.039
13, 17, 0.000, 0.037
13, 18, 0.000, 0.039
13, 19, 0.000, 0.036
13, 20, 0.000, 0.039
13, 21, 0.000, 0.036
13, 22, 0.000, 0.039
13, 23, 0.000, 0.036
13, 24, 0.000, 234.026
13, 25, 0.000, 0.036
13, 26, 0.000, 0.038
13, 27, 0.000, 47.548
13, 28, 0.000, 0.038
13, 29, 0.000, 0.037
13, 30, 0.000, 0.039
13, 31, 0.000, 0.036
13, 32, 0.000, 0.039
13, 33, 0.000, 0.036
13, 34, 0.000, 0.038
13, 35, 0.000, 0.036
13, 36, 0.000, 0.039
13, 37, 0.000, 0.036
13, 38, 0.000, 0.039
13, 39, 0.000, 0.035
13, 40, 0.000, 0.039
13, 41, 0.000, 0.036
13, 42, 0.000, 0.039
13, 43, 0.000, 0.037
13, 44, 0.000, 0.039
13, 45, 0.000, 0.036
13, 46, 0.000, 0.040
13, 47, 0.000, 0.035
13, 48, 0.000, 0.038
13, 49, 0.000, 0.037
13, 50, 0.000, 0.040
13, 51, 0.000, 0.044
13, 52, 0.000, 739.331
13, 53, 0.000, 0.036
13, 54, 0.000, 0.039
13, 55, 0.000, 0.036
13, 56, 0.000, 0.040
13, 57, 0.000, 0.036
13, 58, 0.000, 909.501
13, 59, 0.000, 0.036
13, 60, 0.000, 0.041
13, 61, 0.000, 0.037
13, 62, 0.000, 0.039
13, 63, 0.000, 0.037
13, 64, 0.000, 0.039
13, 65, 0.000, 0.036
13, 66, 0.000, 232.381
13, 67, 0.000, 0.036
13, 68, 0.000, 0.039
13, 69, 0.000, 0.036
13, 70, 0.000, 0.039
13, 71, 0.000, 0.037
13, 72, 0.000, 0.039
13, 73, 0.000, 0.037
13, 74, 0.000, 0.039
13, 75, 0.000, 0.037
13, 76, 0.000, 0.052
13, 77, 0.000, 170.801
13, 78, 0.000, 0.039
13, 79, 0.000, 0.037
13, 80, 0.000, 0.040
13, 81, 0.000, 0.037
13, 82, 0.000, 0.040
13, 83, 0.000, 0.037
13, 84, 0.000, 0.039
13, 85, 0.000, 0.037
13, 86, 0.000, 0.039
13, 87, 0.000, 0.037
13, 88, 0.000, 0.039
13, 89, 0.000, 0.037
13, 90, 0.000, 0.039
13, 91, 0.000, 0.037
13, 92, 0.000, 0.039
13, 93, 0.000, 0.037
13, 94, 0.000, 0.039
13, 95, 0.000, 0.037
13, 96, 0.000, 0.039
13, 97, 0.000, 0.037
13, 98, 0.000, 85.896
13, 99, 0.000, 0.037
13, 100, 0.000, 0.039
14, 0, 38.215, 0.002
14, 1, 58.546, 0.037
14, 2, 33.676, 20.413
14, 3, 33.676, 0.048
14, 4, 33.676, 0.039
14, 5, 15.188, 51.556
14, 6, 15.188, 0.051
14, 7, 15.188, 0.036
14, 8, 15.188, 0.040
14, 9, 15.188, 0.036
14, 10, 15.188, 118.824
14, 11, 15.188, 0.036
14, 12, 15.188, 0.040
14, 13, 15.188, 119.372
14, 14, 15.188, 0.039
14, 15, 15.188, 150.288
14, 16, 0.000, 0.038
14, 17, 0.000, 0.037
14, 18, 0.000, 32.755
14, 19, 0.000, 0.037
14, 20, 0.000, 0.039
14, 21, 0.000, 0.036
14, 22, 0.000, 0.039
14, 23, 0.000, 0.047
14, 24, 0.000, 0.039
14, 25, 0.000, 0.048
14, 26, 0.000, 0.039
14, 27, 0.000, 0.037
14, 28, 0.000, 0.039
14, 29, 0.000, 79.082
14, 30, 0.000, 0.039
14, 31, 0.000, 0.035
14, 32, 0.000, 0.039
14, 33, 0.000, 0.037
14, 34, 0.000, 0.039
14, 35, 0.000, 0.037
14, 36, 0.000, 0.039
14, 37, 0.000, 0.037
14, 38, 0.000, 0.039
14, 39, 0.000, 0.035
14, 40, 0.000, 0.039
14, 41, 0.000, 0.037
14, 42, 0.000, 0.039
14, 43, 0.000, 0.037
14, 44, 0.000, 0.039
14, 45, 0.000, 0.037
14, 46, 0.000, 0.039
14, 47, 0.000, 0.037
14, 48, 0.000, 0.039
14, 49, 0.000, 0.036
14, 50, 0.000, 0.039
14, 51, 0.000, 0.037
14, 52, 0.000, 0.039
14, 53, 0.000, 0.038
14, 54, 0.000, 0.039
14, 55, 0.000, 0.037
14, 56, 0.000, 0.039
14, 57, 0.000, 0.037
14, 58, 0.000, 56.799
14, 59, 0.000, 0.037
14, 60, 0.000, 0.039
14, 61, 0.000, 0.036
14, 62, 0.000, 0.039
14, 63, 0.000, 0.037
14, 64, 0.000, 0.039
14, 65, 0.000, 0.037
14, 66, 0.000, 0.039
14, 67, 0.000, 0.036
14, 68, 0.000, 0.039
14, 69, 0.000, 0.037
14, 70, 0.000, 0.039
14, 71, 0.000, 0.037
14, 72, 0.000, 0.039
14, 73, 0.000, 0.037
14, 74, 0.000, 0.039
14, 75, 0.000, 0.037
14, 76, 0.000, 0.039
14, 77, 0.000, 0.037
14, 78, 0.000, 0.051
14, 79, 0.000, 0.037
14, 80, 0.000, 0.039
14, 81, 0.000, 0.037
14, 82, 0.000, 0.039
14, 83, 0.000, 0.038
14, 84, 0.000, 0.039
14, 85, 0.000, 0.037
14, 86, 0.000, 0.039
14, 87, 0.000, 0.037
14, 88, 0.000, 0.039
14, 89, 0.000, 0.037
14, 90, 0.000, 0.039
14, 91, 0.000, 0.037
14, 92, 0.000, 0.039
14, 93, 0.000, 0.037
14, 94, 0.000, 0.039
14, 95, 0.000, 0.037
14, 96, 0.000, 0.039
14, 97, 0.000, 0.037
14, 98, 0.000, 0.039
14, 99, 0.000, 0.037
14, 100, 0.000, 0.038
15, 0, 49.995, 0.002
15, 1, 20.178, 0.049
15, 2, 20.178, 0.039
15, 3, 20.178, 13.037
15, 4, 18.740, 0.038
15, 5, 18.740, 15.300
15, 6, 0.000, 0.039
15, 7, 0.000, 0.048
15, 8, 0.000, 0.039
15, 9, 0.000, 0.037
15, 10, 0.000, 105.455
15, 11, 0.000, 0.036
15, 12, 0.000, 25.523
15, 13, 0.000, 0.037
15, 14, 0.000, 0.039
15, 15, 0.000, 0.037
15, 16, 0.000, 166.914
15, 17, 0.000, 0.035
15, 18, 0.000, 0.040
15, 19, 0.000, 0.036
15, 20, 0.000, 65.201
15, 21, 0.000, 0.037
15, 22, 0.000, 0.039
15, 23, 0.000, 0.036
15, 24, 0.000, 0.053
15, 25, 0.000, 0.037
15, 26, 0.000, 0.039
15, 27, 0.000, 0.036
15, 28, 0.000, 0.039
15, 29, 0.000, 0.037
15, 30, 0.000, 0.039
15, 31, 0.000, 0.036
15, 32, 0.000, 0.039
15, 33, 0.000, 0.036
15, 34, 0.000, 26.229
15, 35, 0.000, 0.047
15, 36, 0.000, 0.039
15, 37, 0.000, 0.037
15, 38, 0.000, 0.039
15, 39, 0.000, 0.037
15, 40, 0.000, 151.865
15, 41, 0.000, 0.036
15, 42, 0.000, 0.039
15, 43, 0.000, 0.047
15, 44, 0.000, 0.039
15, 45, 0.000, 0.036
15, 46, 0.000, 0.039
15, 47, 0.000, 0.037
15, 48, 0.000, 0.039
15, 49, 0.000, 0.036
15, 50, 0.000, 0.039
15, 51, 0.000, 0.036
15, 52, 0.000, 0.038
15, 53, 0.000, 0.036
15, 54, 0.000, 0.039
15, 55, 0.000, 0.036
15, 56, 0.000, 0.039
15, 57, 0.000, 0.036
15, 58, 0.000, 0.039
15, 59, 0.000, 0.036
15, 60, 0.000, 0.040
15, 61, 0.000, 0.036
15, 62, 0.000, 0.040
15, 63, 0.000, 88.787
15, 64, 0.000, 0.039
15, 65, 0.000, 0.036
15, 66, 0.000, 0.039
15, 67, 0.000, 0.037
15, 68, 0.000, 0.040
15, 69, 0.000, 0.036
15, 70, 0.000, 0.039
15, 71, 0.000, 0.036
15, 72, 0.000, 0.039
15, 73, 0.000, 0.037
15, 74, 0.000, 0.040
15, 75, 0.000, 0.036
15, 76, 0.000, 0.039
15, 77, 0.000, 0.036
15, 78, 0.000, 0.040
15, 79, 0.000, 0.036
15, 80, 0.000, 0.039
15, 81, 0.000, 0.036
15, 82, 0.000, 0.039
15, 83, 0.000, 0.036
15, 84, 0.000, 0.039
15, 85, 0.000, 0.037
15, 86, 0.000, 0.042
15, 87, 0.000, 0.037
15, 88, 0.000, 0.041
15, 89, 0.000, 1593.018
15, 90, 0.000, 0.039
15, 91, 0.000, 0.035
15, 92, 0.000, 0.039
15, 93, 0.000, 0.037
15, 94, 0.000, 0.039
15, 95, 0.000, 0.037
15, 96, 0.000, 0.039
15, 97, 0.000, 0.036
15, 98, 0.000, 0.040
15, 99, 0.000, 0.037
15, 100, 0.000, 374.648
16, 0, 30.437, 0.002
16, 1, 19.847, 0.050
16, 2, 19.847, 0.038
16, 3, 19.847, 0.036
16, 4, 19.847, 16.258
16, 5, 19.847, 0.036
16, 6, 19.847, 0.039
16, 7, 19.847, 51.873
16, 8, 0.000, 0.051
16, 9, 0.000, 0.036
16, 10, 0.000, 0.039
16, 11, 0.000, 33.394
16, 12, 0.000, 0.039
16, 13, 0.000, 135.607
16, 14, 0.000, 0.038
16, 15, 0.000, 0.036
16, 16, 0.000, 0.039
16, 17, 0.000, 0.047
16, 18, 0.000, 0.040
16, 19, 0.000, 0.036
16, 20, 0.000, 254.024
16, 21, 0.000, 0.037
16, 22, 0.000, 0.039
16, 23, 0.000, 237.099
16, 24, 0.000, 0.039
16, 25, 0.000, 0.048
16, 26, 0.000, 0.039
16, 27, 0.000, 0.036
16, 28, 0.000, 0.040
16, 29, 0.000, 0.037
16, 30, 0.000, 225.212
16, 31, 0.000, 0.035
16, 32, 0.000, 0.039
16, 33, 0.000, 0.037
16, 34, 0.000, 0.039
16, 35, 0.000, 478.903
16, 36, 0.000, 0.039
16, 37, 0.000, 0.037
16, 38, 0.000, 0.039
16, 39, 0.000, 0.037
16, 40, 0.000, 0.039
16, 41, 0.000, 0.036
16, 42, 0.000, 0.039
16, 43, 0.000, 0.036
16, 44, 0.000, 0.038
16, 45, 0.000, 0.036
16, 46, 0.000, 0.039
16, 47, 0.000, 0.037
16, 48, 0.000, 0.051
16, 49, 0.000, 0.036
16, 50, 0.000, 0.039
16, 51, 0.000, 0.036
16, 52, 0.000, 0.039
16, 53, 0.000, 0.036
16, 54, 0.000, 0.039
16, 55, 0.000, 0.037
16, 56, 0.000, 0.039
16, 57, 0.000, 455.503
16, 58, 0.000, 0.039
16, 59, 0.000, 0.036
16, 60, 0.000, 0.039
16, 61, 0.000, 0.037
16, 62, 0.000, 0.039
16, 63, 0.000, 0.036
16, 64, 0.000, 0.039
16, 65, 0.000, 0.036
16, 66, 0.000, 0.040
16, 67, 0.000, 0.036
16, 68, 0.000, 0.039
16, 69, 0.000, 0.036
16, 70, 0.000, 0.039
16, 71, 0.000, 0.037
16, 72, 0.000, 0.040
16, 73, 0.000, 0.036
16, 74, 0.000, 0.040
16, 75, 0.000, 201.349
16, 76, 0.000, 0.039
16, 77, 0.000, 0.037
16, 78, 0.000, 0.039
16, 79, 0.000, 0.037
16, 80, 0.000, 0.039
16, 81, 0.000, 0.036
16, 82, 0.000, 0.038
16, 83, 0.000, 0.037
16, 84, 0.000, 0.039
16, 85, 0.000, 0.036
16, 86, 0.000, 0.039
16, 87, 0.000, 0.037
16, 88, 0.000, 0.039
16, 89, 0.000, 0.036
16, 90, 0.000, 0.039
16, 91, 0.000, 0.036
16, 92, 0.000, 0.039
16, 93, 0.000, 0.036
16, 94, 0.000, 0.039
16, 95, 0.000, 0.037
16, 96, 0.000, 0.040
16, 97, 0.000, 0.036
16, 98, 0.000, 0.039
16, 99, 0.000, 0.036
16, 100, 0.000, 0.038
17, 0, 67.817, 0.002
17, 1, 14.386, 0.049
17, 2, 14.386, 0.039
17, 3, 14.386, 15.131
17, 4, 14.386, 0.038
17, 5, 14.386, 0.036
17, 6, 14.386, 0.039
17, 7, 0.000, 59.343
17, 8, 0.000, 0.038
17, 9, 0.000, 0.036
17, 10, 0.000, 0.039
17, 11, 0.000, 0.037
17, 12, 0.000, 0.039
17, 13, 0.000, 0.036
17, 14, 0.000, 23.023
17, 15, 0.000, 0.036
17, 16, 0.000, 0.052
17, 17, 0.000, 0.035
17, 18, 0.000, 216.435
17, 19, 0.000, 0.036
17, 20, 0.000, 0.039
17, 21, 0.000, 238.071
17, 22, 0.000, 0.038
17, 23, 0.000, 0.037
17, 24, 0.000, 0.051
17, 25, 0.000, 0.036
17, 26, 0.000, 0.039
17, 27, 0.000, 0.037
17, 28, 0.000, 0.039
17, 29, 0.000, 62.140
17, 30, 0.000, 0.039
17, 31, 0.000, 0.037
17, 32, 0.000, 0.039
17, 33, 0.000, 0.037
17, 34, 0.000, 0.039
17, 35, 0.000, 0.036
17, 36, 0.000, 0.038
17, 37, 0.000, 0.036
17, 38, 0.000, 0.039
17, 39, 0.000, 0.037
17, 40, 0.000, 0.039
17, 41, 0.000, 0.036
17, 42, 0.000, 164.766
17, 43, 0.000, 0.037
17, 44, 0.000, 0.039
17, 45, 0.000, 0.036
17, 46, 0.000, 0.039
17, 47, 0.000, 0.036
17, 48, 0.000, 0.053
17, 49, 0.000, 0.037
17, 50, 0.000, 0.039
17, 51, 0.000, 0.037
17, 52, 0.000, 0.039
17, 53, 0.000, 0.036
17, 54, 0.000, 0.039
17, 55, 0.000, 0.036
17, 56, 0.000, 0.052
17, 57, 0.000, 0.036
17, 58, 0.000, 0.039
17, 59, 0.000, 0.036
17, 60, 0.000, 0.039
17, 61, 0.000, 199.767
17, 62, 0.000, 0.040
17, 63, 0.000, 0.036
17, 64, 0.000, 0.040
17, 65, 0.000, 0.037
17, 66, 0.000, 0.039
17, 67, 0.000, 0.037
17, 68, 0.000, 0.039
17, 69, 0.000, 0.037
17, 70, 0.000, 0.038
17, 71, 0.000, 0.036
17, 72, 0.000, 0.039
17, 73, 0.000, 0.037
17, 74, 0.000, 0.039
17, 75, 0.000, 0.037
17, 76, 0.000, 0.039
17, 77, 0.000, 0.037
17, 78, 0.000, 0.039
17, 79, 0.000, 0.037
17, 80, 0.000, 0.040
17, 81, 0.000, 0.037
17, 82, 0.000, 0.052
17, 83, 0.000, 0.037
17, 84, 0.000, 0.038
17, 85, 0.000, 0.037
17, 86, 0.000, 0.039
17, 87, 0.000, 0.037
17, 88, 0.000, 0.039
17, 89, 0.000, 0.036
17, 90, 0.000, 0.039
17, 91, 0.000, 0.037
17, 92, 0.000, 0.039
17, 93, 0.000, 0.037
17, 94, 0.000, 0.039
17, 95, 0.000, 0.037
17, 96, 0.000, 92.145
17, 97, 0.000, 0.037
17, 98, 0.000, 0.039
17, 99, 0.000, 0.037
17, 100, 0.000, 0.039
18, 0, 41.804, 0.002
18, 1, 15.902, 0.050
18, 2, 15.902, 0.039
18, 3, 15.902, 0.049
18, 4, 15.902, 15.342
18, 5, 15.902, 0.049
18, 6, 15.902, 0.052
18, 7, 15.902, 0.037
18, 8, 0.000, 58.554
18, 9, 0.000, 0.037
18, 10, 0.000, 0.052
18, 11, 0.000, 0.037
18, 12, 0.000, 0.039
18, 13, 0.000, 0.037
18, 14, 0.000, 0.039
18, 15, 0.000, 0.036
18, 16, 0.000, 0.039
18, 17, 0.000, 0.036
18, 18, 0.000, 0.052
18, 19, 0.000, 28.505
18, 20, 0.000, 0.039
18, 21, 0.000, 0.036
18, 22, 0.000, 0.038
18, 23, 0.000, 0.036
18, 24, 0.000, 0.039
18, 25, 0.000, 0.036
18, 26, 0.000, 279.053
18, 27, 0.000, 0.036
18, 28, 0.000, 0.039
18, 29, 0.000, 0.037
18, 30, 0.000, 0.039
18, 31, 0.000, 0.036
18, 32, 0.000, 144.005
18, 33, 0.000, 0.037
18, 34, 0.000, 0.039
18, 35, 0.000, 0.037
18, 36, 0.000, 0.040
18, 37, 0.000, 0.047
18, 38, 0.000, 0.039
18, 39, 0.000, 0.037
18, 40, 0.000, 0.039
18, 41, 0.000, 0.037
18, 42, 0.000, 0.039
18, 43, 0.000, 0.037
18, 44, 0.000, 0.039
18, 45, 0.000, 0.036
18, 46, 0.000, 0.040
18, 47, 0.000, 0.036
18, 48, 0.000, 0.039
18, 49, 0.000, 0.037
18, 50, 0.000, 0.039
18, 51, 0.000, 0.039
18, 52, 0.000, 0.040
18, 53, 0.000, 0.036
18, 54, 0.000, 83.302
18, 55, 0.000, 0.037
18, 56, 0.000, 0.039
18, 57, 0.000, 0.037
18, 58, 0.000, 0.039
18, 59, 0.000, 0.037
18, 60, 0.000, 0.039
18, 61, 0.000, 0.037
18, 62, 0.000, 0.039
18, 63, 0.000, 0.037
18, 64, 0.000, 0.038
18, 65, 0.000, 0.037
18, 66, 0.000, 0.039
18, 67, 0.000, 0.037
18, 68, 0.000, 0.039
18, 69, 0.000, 0.037
18, 70, 0.000, 0.039
18, 71, 0.000, 0.037
18, 72, 0.000, 0.038
18, 73, 0.000, 0.037
18, 74, 0.000, 0.039
18, 75, 0.000, 0.047
18, 76, 0.000, 0.038
18, 77, 0.000, 0.035
18, 78, 0.000, 0.039
18, 79, 0.000, 0.037
18, 80, 0.000, 0.038
18, 81, 0.000, 0.037
18, 82, 0.000, 0.038
18, 83, 0.000, 0.037
18, 84, 0.000, 0.038
18, 85, 0.000, 0.035
18, 86, 0.000, 0.039
18, 87, 0.000, 0.037
18, 88, 0.000, 0.039
18, 89, 0.000, 0.037
18, 90, 0.000, 0.039
18, 91, 0.000, 0.037
18, 92, 0.000, 0.038
18, 93, 0.000, 0.037
18, 94, 0.000, 0.039
18, 95, 0.000, 0.035
18, 96, 0.000, 0.038
18, 97, 0.000, 0.037
18, 98, 0.000, 0.039
18, 99, 0.000, 0.037
18, 100, 0.000, 0.038
19, 0, 78.221, 0.002
19, 1, 64.917, 0.049
19, 2, 45.799, 20.610
19, 3, 38.072, 0.048
19, 4, 38.072, 0.039
19, 5, 38.072, 46.033
19, 6, 38.072, 0.038
19, 7, 38.072, 0.037
19, 8, 38.072, 17.232
19, 9, 13.304, 0.048
19, 10, 13.304, 0.052
19, 11, 13.304, 0.036
19, 12, 13.304, 142.540
19, 13, 13.304, 0.036
19, 14, 13.304, 0.039
19, 15, 0.000, 182.603
19, 16, 0.000, 0.051
19, 17, 0.000, 0.036
19, 18, 0.000, 0.039
19, 19, 0.000, 0.048
19, 20, 0.000, 0.039
19, 21, 0.000, 0.036
19, 22, 0.000, 0.039
19, 23, 0.000, 252.903
19, 24, 0.000, 0.039
19, 25, 0.000, 0.037
19, 26, 0.000, 0.039
19, 27, 0.000, 0.036
19, 28, 0.000, 0.039
19, 29, 0.000, 0.036
19, 30, 0.000, 0.039
19, 31, 0.000, 0.037
19, 32, 0.000, 0.039
19, 33, 0.000, 0.037
19, 34, 0.000, 0.039
19, 35, 0.000, 0.036
19, 36, 0.000, 0.039
19, 37, 0.000, 81.547
19, 38, 0.000, 0.040
19, 39, 0.000, 0.036
19, 40, 0.000, 0.039
19, 41, 0.000, 0.036
19, 42, 0.000, 0.038
19, 43, 0.000, 0.036
19, 44, 0.000, 0.039
19, 45, 0.000, 628.532
19, 46, 0.000, 0.039
19, 47, 0.000, 0.048
19, 48, 0.000, 0.038
19, 49, 0.000, 0.037
19, 50, 0.000, 0.039
19, 51, 0.000, 0.036
19, 52, 0.000, 0.040
19, 53, 0.000, 0.036
19, 54, 0.000, 0.039
19, 55, 0.000, 0.036
19, 56, 0.000, 0.039
19, 57, 0.000, 0.037
19, 58, 0.000, 98.047
19, 59, 0.000, 0.037
19, 60, 0.000, 0.039
19, 61, 0.000, 0.037
19, 62, 0.000, 0.038
19, 63, 0.000, 0.037
19, 64, 0.000, 0.038
19, 65, 0.000, 0.037
19, 66, 0.000, 0.039
19, 67, 0.000, 0.038
19, 68, 0.000, 0.038
19, 69, 0.000, 0.037
19, 70, 0.000, 0.039
19, 71, 0.000, 0.037
19, 72, 0.000, 0.039
19, 73, 0.000, 0.037
19, 74, 0.000, 0.040
19, 75, 0.000, 0.037
19, 76, 0.000, 0.038
19, 77, 0.000, 0.037
19, 78, 0.000, 0.051
19, 79, 0.000, 0.038
19, 80, 0.000, 0.038
19, 81, 0.000, 0.037
19, 82, 0.000, 0.038
19, 83, 0.000, 0.036
19, 84, 0.000, 0.038
19, 85, 0.000, 0.037
19, 86, 0.000, 0.038
19, 87, 0.000, 0.037
19, 88, 0.000, 0.039
19, 89, 0.000, 0.037
19, 90, 0.000, 0.039
19, 91, 0.000, 0.037
19, 92, 0.000, 0.039
19, 93, 0.000, 0.037
19, 94, 0.000, 0.039
19, 95, 0.000, 108.134
19, 96, 0.000, 0.039
19, 97, 0.000, 0.037
19, 98, 0.000, 0.039
19, 99, 0.000, 0.037
19, 100, 0.000, 0.039
20, 0, 53.549, 0.002
20, 1, 19.163, 0.049
20, 2, 19.163, 0.039
20, 3, 19.163, 0.036
20, 4, 19.163, 11.188
20, 5, 19.163, 0.036
20, 6, 19.163, 0.038
20, 7, 19.163, 0.036
20, 8, 19.163, 14.375
20, 9, 19.163, 0.048
20, 10, 19.163, 0.052
20, 11, 19.163, 0.036
20, 12, 19.163, 0.052
20, 13, 19.163, 0.035
20, 14, 19.163, 0.039
20, 15, 19.163, 0.036
20, 16, 0.000, 145.697
20, 17, 0.000, 0.035
20, 18, 0.000, 30.572
20, 19, 0.000, 0.036
20, 20, 0.000, 0.039
20, 21, 0.000, 0.037
20, 22, 0.000, 20.194
20, 23, 0.000, 0.035
20, 24, 0.000, 0.039
20, 25, 0.000, 300.385
20, 26, 0.000, 0.039
20, 27, 0.000, 0.036
20, 28, 0.000, 0.040
20, 29, 0.000, 0.036
20, 30, 0.000, 0.039
20, 31, 0.000, 0.036
20, 32, 0.000, 0.039
20, 33, 0.000, 390.768
20, 34, 0.000, 0.039
20, 35, 0.000, 0.037
20, 36, 0.000, 0.039
20, 37, 0.000, 0.036
20, 38, 0.000, 484.406
20, 39, 0.000, 0.036
20, 40, 0.000, 0.039
20, 41, 0.000, 0.037
20, 42, 0.000, 0.038
20, 43, 0.000, 0.048
20, 44, 0.000, 0.039
20, 45, 0.000, 0.047
20, 46, 0.000, 205.009
20, 47, 0.000, 0.037
20, 48, 0.000, 0.039
20, 49, 0.000, 0.047
20, 50, 0.000, 0.038
20, 51, 0.000, 0.037
20, 52, 0.000, 0.039
20, 53, 0.000, 0.037
20, 54, 0.000, 0.039
20, 55, 0.000, 0.037
20, 56, 0.000, 0.039
20, 57, 0.000, 0.037
20, 58, 0.000, 0.039
20, 59, 0.000, 0.037
20, 60, 0.000, 0.039
20, 61, 0.000, 0.037
20, 62, 0.000, 96.425
20, 63, 0.000, 0.037
20, 64, 0.000, 0.039
20, 65, 0.000, 0.037
20, 66, 0.000, 0.038
20, 67, 0.000, 0.037
20, 68, 0.000, 0.039
20, 69, 0.000, 0.049
20, 70, 0.000, 0.039
20, 71, 0.000, 0.037
20, 72, 0.000, 0.039
20, 73, 0.000, 0.037
20, 74, 0.000, 0.039
20, 75, 0.000, 0.037
20, 76, 0.000, 0.040
20, 77, 0.000, 0.037
20, 78, 0.000, 0.039
20, 79, 0.000, 0.037
20, 80, 0.000, 0.040
20, 81, 0.000, 0.035
20, 82, 0.000, 0.040
20, 83, 0.000, 0.037
20, 84, 0.000, 0.039
20, 85, 0.000, 0.037
20, 86, 0.000, 0.040
20, 87, 0.000, 0.036
20, 88, 0.000, 95.519
20, 89, 0.000, 0.037
20, 90, 0.000, 0.039
20, 91, 0.000, 0.037
20, 92, 0.000, 0.039
20, 93, 0.000, 0.037
20, 94, 0.000, 0.040
20, 95, 0.000, 0.037
20, 96, 0.000, 0.039
20, 97, 0.000, 0.037
20, 98, 0.000, 0.039
20, 99, 0.000, 0.037
20, 100, 0.000, 0.039
