Run, Query, Loss, Time
1, 0, 43.642, 0.002
1, 1, 43.642, 0.682
1, 2, 0.000, 36.515
1, 3, 0.000, 0.676
1, 4, 0.000, 0.675
1, 5, 0.000, 0.678
1, 6, 0.000, 51.972
1, 7, 0.000, 0.675
1, 8, 0.000, 0.676
1, 9, 0.000, 0.674
1, 10, 0.000, 38.481
1, 11, 0.000, 0.675
1, 12, 0.000, 227.763
1, 13, 0.000, 0.676
1, 14, 0.000, 0.676
1, 15, 0.000, 0.676
1, 16, 0.000, 0.672
1, 17, 0.000, 322.999
1, 18, 0.000, 0.676
1, 19, 0.000, 0.674
1, 20, 0.000, 0.674
1, 21, 0.000, 0.671
1, 22, 0.000, 0.675
1, 23, 0.000, 0.676
1, 24, 0.000, 54.628
1, 25, 0.000, 0.672
1, 26, 0.000, 0.675
1, 27, 0.000, 0.674
1, 28, 0.000, 0.675
1, 29, 0.000, 0.676
1, 30, 0.000, 0.677
1, 31, 0.000, 0.673
1, 32, 0.000, 0.674
1, 33, 0.000, 0.676
1, 34, 0.000, 0.672
1, 35, 0.000, 0.674
1, 36, 0.000, 0.674
1, 37, 0.000, 0.672
1, 38, 0.000, 0.674
1, 39, 0.000, 0.678
1, 40, 0.000, 0.676
1, 41, 0.000, 0.673
1, 42, 0.000, 1203.930
1, 43, 0.000, 0.673
1, 44, 0.000, 0.674
1, 45, 0.000, 0.673
1, 46, 0.000, 0.673
1, 47, 0.000, 0.675
1, 48, 0.000, 0.672
1, 49, 0.000, 0.672
1, 50, 0.000, 0.674
1, 51, 0.000, 0.673
1, 52, 0.000, 1718.957
1, 53, 0.000, 0.670
1, 54, 0.000, 0.673
1, 55, 0.000, 0.672
1, 56, 0.000, 0.676
1, 57, 0.000, 0.673
1, 58, 0.000, 0.676
1, 59, 0.000, 0.673
1, 60, 0.000, 0.676
1, 61, 0.000, 0.673
1, 62, 0.000, 0.675
1, 63, 0.000, 0.676
1, 64, 0.000, 0.674
1, 65, 0.000, 0.676
1, 66, 0.000, 0.675
1, 67, 0.000, 0.675
1, 68, 0.000, 0.670
1, 69, 0.000, 0.673
1, 70, 0.000, 0.676
1, 71, 0.000, 474.459
1, 72, 0.000, 0.673
1, 73, 0.000, 0.676
1, 74, 0.000, 0.673
1, 75, 0.000, 0.676
1, 76, 0.000, 0.675
1, 77, 0.000, 0.674
1, 78, 0.000, 0.678
1, 79, 0.000, 0.676
1, 80, 0.000, 0.676
1, 81, 0.000, 0.675
1, 82, 0.000, 0.675
1, 83, 0.000, 0.676
1, 84, 0.000, 0.676
1, 85, 0.000, 0.676
1, 86, 0.000, 0.675
1, 87, 0.000, 0.673
1, 88, 0.000, 0.674
1, 89, 0.000, 0.677
1, 90, 0.000, 0.676
1, 91, 0.000, 0.676
1, 92, 0.000, 0.675
1, 93, 0.000, 0.673
1, 94, 0.000, 0.678
1, 95, 0.000, 0.678
1, 96, 0.000, 0.676
1, 97, 0.000, 0.673
1, 98, 0.000, 0.676
1, 99, 0.000, 0.679
1, 100, 0.000, 0.676
2, 0, 93.035, 0.002
2, 1, 47.019, 0.680
2, 2, 47.019, 0.679
2, 3, 47.019, 23.167
2, 4, 47.019, 0.678
2, 5, 47.019, 0.675
2, 6, 47.019, 0.675
2, 7, 47.019, 46.166
2, 8, 47.019, 0.676
2, 9, 23.285, 146.151
2, 10, 23.285, 0.675
2, 11, 23.285, 0.675
2, 12, 23.285, 0.675
2, 13, 23.285, 0.672
2, 14, 0.000, 268.297
2, 15, 0.000, 0.674
2, 16, 0.000, 0.675
2, 17, 0.000, 0.675
2, 18, 0.000, 0.679
2, 19, 0.000, 0.675
2, 20, 0.000, 0.675
2, 21, 0.000, 0.676
2, 22, 0.000, 0.673
2, 23, 0.000, 0.673
2, 24, 0.000, 0.675
2, 25, 0.000, 0.674
2, 26, 0.000, 0.678
2, 27, 0.000, 0.677
2, 28, 0.000, 0.675
2, 29, 0.000, 0.675
2, 30, 0.000, 0.674
2, 31, 0.000, 0.677
2, 32, 0.000, 0.675
2, 33, 0.000, 0.675
2, 34, 0.000, 0.673
2, 35, 0.000, 0.674
2, 36, 0.000, 0.675
2, 37, 0.000, 0.677
2, 38, 0.000, 0.677
2, 39, 0.000, 0.674
2, 40, 0.000, 0.675
2, 41, 0.000, 0.674
2, 42, 0.000, 0.676
2, 43, 0.000, 0.673
2, 44, 0.000, 0.674
2, 45, 0.000, 0.674
2, 46, 0.000, 0.676
2, 47, 0.000, 0.674
2, 48, 0.000, 0.673
2, 49, 0.000, 0.675
2, 50, 0.000, 0.674
2, 51, 0.000, 0.676
2, 52, 0.000, 0.675
2, 53, 0.000, 0.675
2, 54, 0.000, 0.672
2, 55, 0.000, 0.673
2, 56, 0.000, 0.675
2, 57, 0.000, 0.672
2, 58, 0.000, 0.671
2, 59, 0.000, 0.674
2, 60, 0.000, 0.671
2, 61, 0.000, 0.673
2, 62, 0.000, 0.673
2, 63, 0.000, 0.674
2, 64, 0.000, 0.675
2, 65, 0.000, 0.675
2, 66, 0.000, 0.675
2, 67, 0.000, 0.677
2, 68, 0.000, 0.674
2, 69, 0.000, 0.675
2, 70, 0.000, 0.674
2, 71, 0.000, 0.676
2, 72, 0.000, 0.674
2, 73, 0.000, 0.676
2, 74, 0.000, 0.674
2, 75, 0.000, 0.674
2, 76, 0.000, 0.672
2, 77, 0.000, 0.675
2, 78, 0.000, 0.675
2, 79, 0.000, 0.675
2, 80, 0.000, 0.673
2, 81, 0.000, 0.675
2, 82, 0.000, 0.674
2, 83, 0.000, 0.675
2, 84, 0.000, 0.674
2, 85, 0.000, 0.677
2, 86, 0.000, 0.676
2, 87, 0.000, 0.675
2, 88, 0.000, 0.675
2, 89, 0.000, 0.677
2, 90, 0.000, 0.675
2, 91, 0.000, 0.675
2, 92, 0.000, 0.675
2, 93, 0.000, 0.676
2, 94, 0.000, 0.679
2, 95, 0.000, 0.677
2, 96, 0.000, 0.674
2, 97, 0.000, 0.678
2, 98, 0.000, 0.675
2, 99, 0.000, 0.676
2, 100, 0.000, 0.675
3, 0, 81.777, 0.002
3, 1, 21.547, 0.680
3, 2, 21.547, 0.675
3, 3, 21.547, 22.956
3, 4, 21.547, 0.675
3, 5, 21.547, 0.675
3, 6, 21.547, 0.673
3, 7, 0.000, 95.519
3, 8, 0.000, 0.676
3, 9, 0.000, 151.601
3, 10, 0.000, 0.675
3, 11, 0.000, 0.674
3, 12, 0.000, 0.674
3, 13, 0.000, 265.687
3, 14, 0.000, 0.677
3, 15, 0.000, 0.676
3, 16, 0.000, 0.676
3, 17, 0.000, 423.939
3, 18, 0.000, 0.674
3, 19, 0.000, 0.675
3, 20, 0.000, 0.673
3, 21, 0.000, 0.671
3, 22, 0.000, 100.643
3, 23, 0.000, 0.676
3, 24, 0.000, 0.674
3, 25, 0.000, 0.675
3, 26, 0.000, 0.676
3, 27, 0.000, 0.678
3, 28, 0.000, 0.675
3, 29, 0.000, 0.674
3, 30, 0.000, 0.674
3, 31, 0.000, 0.674
3, 32, 0.000, 281.455
3, 33, 0.000, 0.675
3, 34, 0.000, 0.672
3, 35, 0.000, 0.674
3, 36, 0.000, 0.674
3, 37, 0.000, 0.675
3, 38, 0.000, 0.673
3, 39, 0.000, 0.675
3, 40, 0.000, 0.672
3, 41, 0.000, 0.675
3, 42, 0.000, 0.673
3, 43, 0.000, 0.674
3, 44, 0.000, 0.675
3, 45, 0.000, 0.672
3, 46, 0.000, 0.674
3, 47, 0.000, 0.672
3, 48, 0.000, 0.676
3, 49, 0.000, 0.673
3, 50, 0.000, 0.674
3, 51, 0.000, 0.674
3, 52, 0.000, 0.675
3, 53, 0.000, 0.674
3, 54, 0.000, 0.673
3, 55, 0.000, 0.674
3, 56, 0.000, 0.671
3, 57, 0.000, 0.673
3, 58, 0.000, 132.896
3, 59, 0.000, 0.674
3, 60, 0.000, 0.674
3, 61, 0.000, 0.673
3, 62, 0.000, 0.675
3, 63, 0.000, 0.675
3, 64, 0.000, 0.675
3, 65, 0.000, 0.674
3, 66, 0.000, 0.677
3, 67, 0.000, 0.675
3, 68, 0.000, 0.674
3, 69, 0.000, 0.675
3, 70, 0.000, 0.671
3, 71, 0.000, 0.675
3, 72, 0.000, 0.675
3, 73, 0.000, 0.672
3, 74, 0.000, 0.675
3, 75, 0.000, 0.673
3, 76, 0.000, 0.674
3, 77, 0.000, 0.674
3, 78, 0.000, 0.676
3, 79, 0.000, 0.678
3, 80, 0.000, 0.675
3, 81, 0.000, 0.676
3, 82, 0.000, 0.677
3, 83, 0.000, 0.677
3, 84, 0.000, 0.677
3, 85, 0.000, 0.678
3, 86, 0.000, 0.675
3, 87, 0.000, 0.678
3, 88, 0.000, 0.676
3, 89, 0.000, 0.676
3, 90, 0.000, 0.676
3, 91, 0.000, 0.677
3, 92, 0.000, 0.676
3, 93, 0.000, 0.676
3, 94, 0.000, 0.672
3, 95, 0.000, 0.672
3, 96, 0.000, 0.676
3, 97, 0.000, 0.676
3, 98, 0.000, 0.676
3, 99, 0.000, 268.217
3, 100, 0.000, 0.678
4, 0, 8.691, 0.002
4, 1, 30.652, 0.683
4, 2, 30.652, 0.680
4, 3, 30.652, 48.778
4, 4, 30.652, 0.679
4, 5, 30.652, 0.677
4, 6, 30.652, 84.254
4, 7, 0.000, 0.673
4, 8, 0.000, 35.191
4, 9, 0.000, 0.673
4, 10, 0.000, 0.675
4, 11, 0.000, 0.675
4, 12, 0.000, 0.675
4, 13, 0.000, 0.678
4, 14, 0.000, 0.675
4, 15, 0.000, 0.673
4, 16, 0.000, 0.673
4, 17, 0.000, 0.674
4, 18, 0.000, 0.675
4, 19, 0.000, 466.908
4, 20, 0.000, 0.673
4, 21, 0.000, 0.673
4, 22, 0.000, 0.674
4, 23, 0.000, 0.674
4, 24, 0.000, 0.672
4, 25, 0.000, 0.674
4, 26, 0.000, 0.675
4, 27, 0.000, 0.674
4, 28, 0.000, 0.675
4, 29, 0.000, 0.675
4, 30, 0.000, 0.675
4, 31, 0.000, 40.908
4, 32, 0.000, 0.674
4, 33, 0.000, 1006.275
4, 34, 0.000, 0.673
4, 35, 0.000, 0.676
4, 36, 0.000, 0.674
4, 37, 0.000, 0.675
4, 38, 0.000, 0.673
4, 39, 0.000, 0.677
4, 40, 0.000, 262.627
4, 41, 0.000, 0.674
4, 42, 0.000, 0.674
4, 43, 0.000, 0.678
4, 44, 0.000, 0.673
4, 45, 0.000, 0.674
4, 46, 0.000, 0.674
4, 47, 0.000, 0.674
4, 48, 0.000, 0.674
4, 49, 0.000, 0.673
4, 50, 0.000, 0.671
4, 51, 0.000, 0.671
4, 52, 0.000, 0.675
4, 53, 0.000, 0.672
4, 54, 0.000, 0.675
4, 55, 0.000, 0.676
4, 56, 0.000, 0.674
4, 57, 0.000, 0.673
4, 58, 0.000, 0.678
4, 59, 0.000, 0.673
4, 60, 0.000, 0.675
4, 61, 0.000, 0.675
4, 62, 0.000, 0.677
4, 63, 0.000, 0.676
4, 64, 0.000, 0.676
4, 65, 0.000, 126.719
4, 66, 0.000, 0.674
4, 67, 0.000, 0.673
4, 68, 0.000, 0.674
4, 69, 0.000, 0.674
4, 70, 0.000, 0.676
4, 71, 0.000, 0.672
4, 72, 0.000, 0.674
4, 73, 0.000, 0.674
4, 74, 0.000, 0.675
4, 75, 0.000, 0.677
4, 76, 0.000, 0.674
4, 77, 0.000, 0.674
4, 78, 0.000, 0.675
4, 79, 0.000, 0.679
4, 80, 0.000, 0.676
4, 81, 0.000, 0.675
4, 82, 0.000, 0.677
4, 83, 0.000, 0.675
4, 84, 0.000, 0.677
4, 85, 0.000, 0.674
4, 86, 0.000, 0.676
4, 87, 0.000, 0.677
4, 88, 0.000, 0.676
4, 89, 0.000, 0.673
4, 90, 0.000, 0.674
4, 91, 0.000, 0.677
4, 92, 0.000, 0.676
4, 93, 0.000, 0.677
4, 94, 0.000, 0.676
4, 95, 0.000, 0.674
4, 96, 0.000, 0.676
4, 97, 0.000, 0.673
4, 98, 0.000, 0.676
4, 99, 0.000, 0.675
4, 100, 0.000, 0.675
5, 0, 41.516, 0.002
5, 1, 24.933, 0.683
5, 2, 24.933, 0.680
5, 3, 24.933, 48.475
5, 4, 24.933, 0.674
5, 5, 24.933, 0.678
5, 6, 24.933, 97.172
5, 7, 24.933, 0.676
5, 8, 2.533, 159.242
5, 9, 2.533, 0.672
5, 10, 2.533, 222.534
5, 11, 0.000, 259.091
5, 12, 0.000, 0.675
5, 13, 0.000, 0.674
5, 14, 0.000, 0.673
5, 15, 0.000, 130.936
5, 16, 0.000, 0.679
5, 17, 0.000, 0.677
5, 18, 0.000, 0.672
5, 19, 0.000, 424.074
5, 20, 0.000, 0.674
5, 21, 0.000, 0.676
5, 22, 0.000, 0.675
5, 23, 0.000, 0.674
5, 24, 0.000, 0.674
5, 25, 0.000, 203.952
5, 26, 0.000, 0.679
5, 27, 0.000, 0.676
5, 28, 0.000, 0.677
5, 29, 0.000, 0.676
5, 30, 0.000, 0.676
5, 31, 0.000, 0.676
5, 32, 0.000, 0.678
5, 33, 0.000, 0.674
5, 34, 0.000, 0.678
5, 35, 0.000, 0.676
5, 36, 0.000, 0.675
5, 37, 0.000, 0.678
5, 38, 0.000, 0.671
5, 39, 0.000, 0.675
5, 40, 0.000, 0.675
5, 41, 0.000, 0.675
5, 42, 0.000, 84.820
5, 43, 0.000, 0.673
5, 44, 0.000, 0.674
5, 45, 0.000, 0.673
5, 46, 0.000, 0.674
5, 47, 0.000, 0.673
5, 48, 0.000, 0.674
5, 49, 0.000, 0.674
5, 50, 0.000, 0.673
5, 51, 0.000, 0.675
5, 52, 0.000, 0.671
5, 53, 0.000, 0.673
5, 54, 0.000, 0.673
5, 55, 0.000, 0.676
5, 56, 0.000, 0.673
5, 57, 0.000, 0.674
5, 58, 0.000, 0.677
5, 59, 0.000, 0.676
5, 60, 0.000, 0.675
5, 61, 0.000, 0.674
5, 62, 0.000, 0.677
5, 63, 0.000, 0.676
5, 64, 0.000, 0.675
5, 65, 0.000, 0.676
5, 66, 0.000, 0.675
5, 67, 0.000, 0.673
5, 68, 0.000, 0.675
5, 69, 0.000, 0.674
5, 70, 0.000, 0.676
5, 71, 0.000, 0.675
5, 72, 0.000, 0.676
5, 73, 0.000, 0.674
5, 74, 0.000, 0.671
5, 75, 0.000, 0.676
5, 76, 0.000, 0.675
5, 77, 0.000, 0.675
5, 78, 0.000, 0.674
5, 79, 0.000, 0.674
5, 80, 0.000, 0.676
5, 81, 0.000, 0.676
5, 82, 0.000, 0.678
5, 83, 0.000, 0.676
5, 84, 0.000, 0.675
5, 85, 0.000, 0.677
5, 86, 0.000, 0.675
5, 87, 0.000, 0.675
5, 88, 0.000, 0.677
5, 89, 0.000, 0.673
5, 90, 0.000, 0.678
5, 91, 0.000, 0.677
5, 92, 0.000, 0.675
5, 93, 0.000, 0.675
5, 94, 0.000, 0.677
5, 95, 0.000, 0.674
5, 96, 0.000, 0.675
5, 97, 0.000, 0.674
5, 98, 0.000, 0.677
5, 99, 0.000, 101.249
5, 100, 0.000, 0.674
6, 0, 39.762, 0.002
6, 1, 18.448, 0.681
6, 2, 18.448, 0.680
6, 3, 16.909, 48.979
6, 4, 16.909, 0.672
6, 5, 16.909, 0.676
6, 6, 16.909, 92.717
6, 7, 16.909, 0.676
6, 8, 16.909, 37.968
6, 9, 16.909, 0.673
6, 10, 16.909, 47.353
6, 11, 16.909, 0.675
6, 12, 0.000, 247.097
6, 13, 0.000, 0.675
6, 14, 0.000, 0.675
6, 15, 0.000, 0.671
6, 16, 0.000, 0.672
6, 17, 0.000, 378.659
6, 18, 0.000, 0.676
6, 19, 0.000, 0.676
6, 20, 0.000, 0.674
6, 21, 0.000, 0.673
6, 22, 0.000, 0.674
6, 23, 0.000, 0.675
6, 24, 0.000, 0.676
6, 25, 0.000, 0.677
6, 26, 0.000, 61.771
6, 27, 0.000, 0.675
6, 28, 0.000, 0.676
6, 29, 0.000, 0.674
6, 30, 0.000, 0.674
6, 31, 0.000, 0.674
6, 32, 0.000, 0.675
6, 33, 0.000, 966.672
6, 34, 0.000, 0.673
6, 35, 0.000, 0.673
6, 36, 0.000, 0.674
6, 37, 0.000, 0.675
6, 38, 0.000, 0.675
6, 39, 0.000, 0.673
6, 40, 0.000, 0.674
6, 41, 0.000, 351.676
6, 42, 0.000, 0.675
6, 43, 0.000, 0.674
6, 44, 0.000, 0.674
6, 45, 0.000, 0.676
6, 46, 0.000, 0.671
6, 47, 0.000, 0.677
6, 48, 0.000, 0.674
6, 49, 0.000, 0.676
6, 50, 0.000, 0.673
6, 51, 0.000, 1720.358
6, 52, 0.000, 0.673
6, 53, 0.000, 0.672
6, 54, 0.000, 0.676
6, 55, 0.000, 0.672
6, 56, 0.000, 0.674
6, 57, 0.000, 0.676
6, 58, 0.000, 0.672
6, 59, 0.000, 0.672
6, 60, 0.000, 0.675
6, 61, 0.000, 0.673
6, 62, 0.000, 0.671
6, 63, 0.000, 0.672
6, 64, 0.000, 0.674
6, 65, 0.000, 0.674
6, 66, 0.000, 0.680
6, 67, 0.000, 0.664
6, 68, 0.000, 0.676
6, 69, 0.000, 0.671
6, 70, 0.000, 0.678
6, 71, 0.000, 0.675
6, 72, 0.000, 0.672
6, 73, 0.000, 0.671
6, 74, 0.000, 0.678
6, 75, 0.000, 0.671
6, 76, 0.000, 0.677
6, 77, 0.000, 0.673
6, 78, 0.000, 0.678
6, 79, 0.000, 0.674
6, 80, 0.000, 0.676
6, 81, 0.000, 103.360
6, 82, 0.000, 0.677
6, 83, 0.000, 0.674
6, 84, 0.000, 0.681
6, 85, 0.000, 0.671
6, 86, 0.000, 0.677
6, 87, 0.000, 0.673
6, 88, 0.000, 0.676
6, 89, 0.000, 0.674
6, 90, 0.000, 0.678
6, 91, 0.000, 0.673
6, 92, 0.000, 0.678
6, 93, 0.000, 0.674
6, 94, 0.000, 0.676
6, 95, 0.000, 0.675
6, 96, 0.000, 0.678
6, 97, 0.000, 0.676
6, 98, 0.000, 0.679
6, 99, 0.000, 0.673
6, 100, 0.000, 0.678
7, 0, 21.139, 0.002
7, 1, 15.923, 0.685
7, 2, 15.923, 0.681
7, 3, 15.923, 23.346
7, 4, 5.216, 0.678
7, 5, 5.216, 0.675
7, 6, 5.216, 37.598
7, 7, 5.216, 0.676
7, 8, 5.216, 0.676
7, 9, 5.216, 53.014
7, 10, 0.000, 0.681
7, 11, 0.000, 0.677
7, 12, 0.000, 0.679
7, 13, 0.000, 0.677
7, 14, 0.000, 51.078
7, 15, 0.000, 0.673
7, 16, 0.000, 0.678
7, 17, 0.000, 0.674
7, 18, 0.000, 397.483
7, 19, 0.000, 0.673
7, 20, 0.000, 0.680
7, 21, 0.000, 0.672
7, 22, 0.000, 0.677
7, 23, 0.000, 0.675
7, 24, 0.000, 0.677
7, 25, 0.000, 121.270
7, 26, 0.000, 0.678
7, 27, 0.000, 0.676
7, 28, 0.000, 0.677
7, 29, 0.000, 0.676
7, 30, 0.000, 0.676
7, 31, 0.000, 0.677
7, 32, 0.000, 0.676
7, 33, 0.000, 0.675
7, 34, 0.000, 0.678
7, 35, 0.000, 0.676
7, 36, 0.000, 0.676
7, 37, 0.000, 0.676
7, 38, 0.000, 0.678
7, 39, 0.000, 0.676
7, 40, 0.000, 0.677
7, 41, 0.000, 0.674
7, 42, 0.000, 0.676
7, 43, 0.000, 0.675
7, 44, 0.000, 0.678
7, 45, 0.000, 0.674
7, 46, 0.000, 1415.398
7, 47, 0.000, 0.675
7, 48, 0.000, 0.677
7, 49, 0.000, 0.674
7, 50, 0.000, 0.676
7, 51, 0.000, 0.673
7, 52, 0.000, 0.674
7, 53, 0.000, 0.672
7, 54, 0.000, 0.677
7, 55, 0.000, 0.672
7, 56, 0.000, 0.678
7, 57, 0.000, 0.673
7, 58, 0.000, 0.677
7, 59, 0.000, 563.258
7, 60, 0.000, 0.674
7, 61, 0.000, 0.674
7, 62, 0.000, 0.678
7, 63, 0.000, 0.674
7, 64, 0.000, 0.676
7, 65, 0.000, 0.676
7, 66, 0.000, 0.674
7, 67, 0.000, 0.670
7, 68, 0.000, 0.671
7, 69, 0.000, 0.674
7, 70, 0.000, 0.669
7, 71, 0.000, 0.674
7, 72, 0.000, 0.672
7, 73, 0.000, 0.672
7, 74, 0.000, 0.674
7, 75, 0.000, 0.673
7, 76, 0.000, 0.674
7, 77, 0.000, 0.672
7, 78, 0.000, 0.672
7, 79, 0.000, 0.674
7, 80, 0.000, 0.671
7, 81, 0.000, 0.678
7, 82, 0.000, 0.674
7, 83, 0.000, 0.675
7, 84, 0.000, 0.672
7, 85, 0.000, 368.199
7, 86, 0.000, 0.676
7, 87, 0.000, 0.674
7, 88, 0.000, 0.675
7, 89, 0.000, 0.677
7, 90, 0.000, 0.674
7, 91, 0.000, 0.673
7, 92, 0.000, 0.675
7, 93, 0.000, 0.672
7, 94, 0.000, 0.673
7, 95, 0.000, 0.676
7, 96, 0.000, 0.676
7, 97, 0.000, 0.675
7, 98, 0.000, 0.675
7, 99, 0.000, 0.674
7, 100, 0.000, 0.672
8, 0, 50.720, 0.002
8, 1, 0.000, 0.686
8, 2, 0.000, 0.680
8, 3, 0.000, 23.211
8, 4, 0.000, 0.680
8, 5, 0.000, 0.677
8, 6, 0.000, 0.678
8, 7, 0.000, 99.012
8, 8, 0.000, 0.676
8, 9, 0.000, 0.676
8, 10, 0.000, 0.677
8, 11, 0.000, 0.675
8, 12, 0.000, 0.677
8, 13, 0.000, 0.677
8, 14, 0.000, 53.307
8, 15, 0.000, 0.678
8, 16, 0.000, 0.678
8, 17, 0.000, 371.292
8, 18, 0.000, 0.678
8, 19, 0.000, 0.676
8, 20, 0.000, 0.676
8, 21, 0.000, 542.663
8, 22, 0.000, 0.678
8, 23, 0.000, 0.676
8, 24, 0.000, 0.675
8, 25, 0.000, 0.676
8, 26, 0.000, 0.675
8, 27, 0.000, 136.166
8, 28, 0.000, 0.676
8, 29, 0.000, 0.679
8, 30, 0.000, 0.681
8, 31, 0.000, 0.677
8, 32, 0.000, 0.677
8, 33, 0.000, 0.675
8, 34, 0.000, 0.677
8, 35, 0.000, 0.667
8, 36, 0.000, 0.679
8, 37, 0.000, 0.674
8, 38, 0.000, 0.677
8, 39, 0.000, 0.662
8, 40, 0.000, 0.681
8, 41, 0.000, 0.671
8, 42, 0.000, 0.674
8, 43, 0.000, 0.667
8, 44, 0.000, 0.679
8, 45, 0.000, 0.668
8, 46, 0.000, 0.674
8, 47, 0.000, 0.671
8, 48, 0.000, 0.678
8, 49, 0.000, 0.669
8, 50, 0.000, 0.674
8, 51, 0.000, 0.668
8, 52, 0.000, 74.759
8, 53, 0.000, 0.669
8, 54, 0.000, 0.676
8, 55, 0.000, 0.672
8, 56, 0.000, 0.678
8, 57, 0.000, 0.670
8, 58, 0.000, 0.674
8, 59, 0.000, 0.671
8, 60, 0.000, 0.679
8, 61, 0.000, 0.664
8, 62, 0.000, 0.675
8, 63, 0.000, 0.666
8, 64, 0.000, 0.681
8, 65, 0.000, 0.660
8, 66, 0.000, 0.677
8, 67, 0.000, 0.667
8, 68, 0.000, 0.674
8, 69, 0.000, 0.669
8, 70, 0.000, 0.677
8, 71, 0.000, 0.667
8, 72, 0.000, 0.674
8, 73, 0.000, 0.671
8, 74, 0.000, 0.679
8, 75, 0.000, 0.668
8, 76, 0.000, 0.673
8, 77, 0.000, 0.670
8, 78, 0.000, 0.680
8, 79, 0.000, 0.669
8, 80, 0.000, 0.674
8, 81, 0.000, 0.669
8, 82, 0.000, 0.679
8, 83, 0.000, 0.668
8, 84, 0.000, 0.677
8, 85, 0.000, 0.671
8, 86, 0.000, 0.681
8, 87, 0.000, 0.670
8, 88, 0.000, 0.678
8, 89, 0.000, 0.670
8, 90, 0.000, 0.678
8, 91, 0.000, 0.671
8, 92, 0.000, 0.675
8, 93, 0.000, 0.669
8, 94, 0.000, 0.682
8, 95, 0.000, 0.667
8, 96, 0.000, 0.678
8, 97, 0.000, 0.674
8, 98, 0.000, 0.681
8, 99, 0.000, 0.672
8, 100, 0.000, 0.678
9, 0, 65.551, 0.002
9, 1, 35.370, 0.684
9, 2, 35.370, 0.683
9, 3, 35.370, 22.562
9, 4, 35.370, 0.681
9, 5, 35.370, 0.672
9, 6, 35.370, 0.680
9, 7, 35.370, 0.672
9, 8, 7.827, 106.752
9, 9, 7.827, 0.670
9, 10, 0.000, 165.232
9, 11, 0.000, 205.598
9, 12, 0.000, 0.680
9, 13, 0.000, 0.671
9, 14, 0.000, 300.886
9, 15, 0.000, 0.671
9, 16, 0.000, 0.675
9, 17, 0.000, 0.664
9, 18, 0.000, 440.617
9, 19, 0.000, 0.673
9, 20, 0.000, 0.677
9, 21, 0.000, 0.670
9, 22, 0.000, 0.678
9, 23, 0.000, 0.669
9, 24, 0.000, 0.676
9, 25, 0.000, 0.667
9, 26, 0.000, 238.845
9, 27, 0.000, 0.666
9, 28, 0.000, 0.676
9, 29, 0.000, 0.668
9, 30, 0.000, 0.680
9, 31, 0.000, 0.667
9, 32, 0.000, 0.675
9, 33, 0.000, 0.670
9, 34, 0.000, 0.681
9, 35, 0.000, 0.668
9, 36, 0.000, 0.677
9, 37, 0.000, 0.666
9, 38, 0.000, 0.676
9, 39, 0.000, 0.670
9, 40, 0.000, 0.674
9, 41, 0.000, 0.671
9, 42, 0.000, 0.683
9, 43, 0.000, 0.670
9, 44, 0.000, 0.677
9, 45, 0.000, 98.749
9, 46, 0.000, 0.679
9, 47, 0.000, 0.667
9, 48, 0.000, 0.676
9, 49, 0.000, 0.667
9, 50, 0.000, 0.677
9, 51, 0.000, 0.670
9, 52, 0.000, 0.674
9, 53, 0.000, 0.665
9, 54, 0.000, 0.676
9, 55, 0.000, 0.667
9, 56, 0.000, 0.675
9, 57, 0.000, 0.671
9, 58, 0.000, 0.674
9, 59, 0.000, 0.671
9, 60, 0.000, 0.671
9, 61, 0.000, 0.670
9, 62, 0.000, 0.675
9, 63, 0.000, 0.668
9, 64, 0.000, 0.673
9, 65, 0.000, 0.667
9, 66, 0.000, 0.674
9, 67, 0.000, 0.671
9, 68, 0.000, 0.677
9, 69, 0.000, 0.666
9, 70, 0.000, 0.677
9, 71, 0.000, 0.673
9, 72, 0.000, 0.676
9, 73, 0.000, 0.673
9, 74, 0.000, 0.672
9, 75, 0.000, 0.669
9, 76, 0.000, 0.678
9, 77, 0.000, 0.670
9, 78, 0.000, 0.672
9, 79, 0.000, 0.670
9, 80, 0.000, 0.682
9, 81, 0.000, 0.671
9, 82, 0.000, 0.674
9, 83, 0.000, 0.671
9, 84, 0.000, 0.679
9, 85, 0.000, 0.674
9, 86, 0.000, 0.674
9, 87, 0.000, 0.672
9, 88, 0.000, 1325.150
9, 89, 0.000, 0.676
9, 90, 0.000, 0.676
9, 91, 0.000, 0.673
9, 92, 0.000, 0.681
9, 93, 0.000, 0.670
9, 94, 0.000, 0.675
9, 95, 0.000, 0.672
9, 96, 0.000, 0.682
9, 97, 0.000, 0.670
9, 98, 0.000, 0.674
9, 99, 0.000, 0.668
9, 100, 0.000, 0.680
10, 0, 22.733, 0.002
10, 1, 22.733, 0.684
10, 2, 22.733, 0.681
10, 3, 22.733, 23.358
10, 4, 22.733, 0.679
10, 5, 22.733, 82.597
10, 6, 22.733, 0.676
10, 7, 0.000, 126.163
10, 8, 0.000, 0.678
10, 9, 0.000, 0.669
10, 10, 0.000, 0.674
10, 11, 0.000, 0.673
10, 12, 0.000, 0.680
10, 13, 0.000, 0.669
10, 14, 0.000, 288.321
10, 15, 0.000, 0.670
10, 16, 0.000, 0.680
10, 17, 0.000, 0.669
10, 18, 0.000, 100.909
10, 19, 0.000, 0.670
10, 20, 0.000, 422.778
10, 21, 0.000, 0.675
10, 22, 0.000, 0.677
10, 23, 0.000, 0.669
10, 24, 0.000, 0.679
10, 25, 0.000, 0.664
10, 26, 0.000, 0.671
10, 27, 0.000, 96.835
10, 28, 0.000, 0.680
10, 29, 0.000, 0.672
10, 30, 0.000, 0.676
10, 31, 0.000, 0.673
10, 32, 0.000, 0.677
10, 33, 0.000, 0.673
10, 34, 0.000, 0.674
10, 35, 0.000, 0.669
10, 36, 0.000, 0.682
10, 37, 0.000, 0.670
10, 38, 0.000, 0.674
10, 39, 0.000, 0.670
10, 40, 0.000, 0.682
10, 41, 0.000, 0.672
10, 42, 0.000, 0.677
10, 43, 0.000, 0.664
10, 44, 0.000, 0.680
10, 45, 0.000, 0.666
10, 46, 0.000, 0.672
10, 47, 0.000, 0.664
10, 48, 0.000, 0.677
10, 49, 0.000, 0.672
10, 50, 0.000, 0.673
10, 51, 0.000, 0.668
10, 52, 0.000, 0.679
10, 53, 0.000, 119.088
10, 54, 0.000, 0.673
10, 55, 0.000, 0.672
10, 56, 0.000, 0.679
10, 57, 0.000, 0.672
10, 58, 0.000, 0.674
10, 59, 0.000, 0.668
10, 60, 0.000, 0.679
10, 61, 0.000, 0.669
10, 62, 0.000, 0.674
10, 63, 0.000, 0.667
10, 64, 0.000, 0.675
10, 65, 0.000, 0.667
10, 66, 0.000, 0.676
10, 67, 0.000, 0.669
10, 68, 0.000, 0.680
10, 69, 0.000, 0.670
10, 70, 0.000, 0.671
10, 71, 0.000, 0.672
10, 72, 0.000, 0.677
10, 73, 0.000, 0.673
10, 74, 0.000, 0.673
10, 75, 0.000, 0.667
10, 76, 0.000, 0.678
10, 77, 0.000, 0.675
10, 78, 0.000, 0.675
10, 79, 0.000, 0.670
10, 80, 0.000, 0.678
10, 81, 0.000, 0.671
10, 82, 0.000, 0.676
10, 83, 0.000, 0.670
10, 84, 0.000, 0.680
10, 85, 0.000, 0.669
10, 86, 0.000, 0.674
10, 87, 0.000, 0.669
10, 88, 0.000, 0.679
10, 89, 0.000, 0.668
10, 90, 0.000, 0.678
10, 91, 0.000, 0.670
10, 92, 0.000, 0.682
10, 93, 0.000, 0.670
10, 94, 0.000, 0.678
10, 95, 0.000, 0.671
10, 96, 0.000, 0.679
10, 97, 0.000, 0.670
10, 98, 0.000, 0.676
10, 99, 0.000, 0.672
10, 100, 0.000, 0.679
11, 0, 54.333, 0.002
11, 1, 20.927, 0.685
11, 2, 20.927, 0.681
11, 3, 20.927, 23.209
11, 4, 20.927, 0.680
11, 5, 0.000, 82.835
11, 6, 0.000, 0.677
11, 7, 0.000, 125.288
11, 8, 0.000, 0.679
11, 9, 0.000, 0.670
11, 10, 0.000, 0.674
11, 11, 0.000, 0.672
11, 12, 0.000, 0.677
11, 13, 0.000, 0.672
11, 14, 0.000, 0.675
11, 15, 0.000, 318.074
11, 16, 0.000, 0.681
11, 17, 0.000, 0.671
11, 18, 0.000, 149.130
11, 19, 0.000, 0.671
11, 20, 0.000, 0.680
11, 21, 0.000, 0.671
11, 22, 0.000, 0.675
11, 23, 0.000, 0.671
11, 24, 0.000, 0.676
11, 25, 0.000, 0.670
11, 26, 0.000, 0.676
11, 27, 0.000, 0.670
11, 28, 0.000, 82.145
11, 29, 0.000, 0.671
11, 30, 0.000, 0.672
11, 31, 0.000, 0.672
11, 32, 0.000, 0.677
11, 33, 0.000, 0.670
11, 34, 0.000, 0.673
11, 35, 0.000, 0.668
11, 36, 0.000, 0.676
11, 37, 0.000, 0.669
11, 38, 0.000, 0.673
11, 39, 0.000, 0.668
11, 40, 0.000, 0.675
11, 41, 0.000, 0.670
11, 42, 0.000, 0.673
11, 43, 0.000, 0.673
11, 44, 0.000, 0.678
11, 45, 0.000, 0.669
11, 46, 0.000, 0.676
11, 47, 0.000, 0.670
11, 48, 0.000, 1438.203
11, 49, 0.000, 0.674
11, 50, 0.000, 0.674
11, 51, 0.000, 0.665
11, 52, 0.000, 0.677
11, 53, 0.000, 0.668
11, 54, 0.000, 0.674
11, 55, 0.000, 0.669
11, 56, 0.000, 0.678
11, 57, 0.000, 0.671
11, 58, 0.000, 605.722
11, 59, 0.000, 0.672
11, 60, 0.000, 0.677
11, 61, 0.000, 0.669
11, 62, 0.000, 0.674
11, 63, 0.000, 0.664
11, 64, 0.000, 0.677
11, 65, 0.000, 0.669
11, 66, 0.000, 0.676
11, 67, 0.000, 0.666
11, 68, 0.000, 0.677
11, 69, 0.000, 0.672
11, 70, 0.000, 0.675
11, 71, 0.000, 0.665
11, 72, 0.000, 0.678
11, 73, 0.000, 0.669
11, 74, 0.000, 0.675
11, 75, 0.000, 0.670
11, 76, 0.000, 0.677
11, 77, 0.000, 0.666
11, 78, 0.000, 0.675
11, 79, 0.000, 0.668
11, 80, 0.000, 0.674
11, 81, 0.000, 0.672
11, 82, 0.000, 0.672
11, 83, 0.000, 0.670
11, 84, 0.000, 0.678
11, 85, 0.000, 0.672
11, 86, 0.000, 0.676
11, 87, 0.000, 0.672
11, 88, 0.000, 0.678
11, 89, 0.000, 0.668
11, 90, 0.000, 0.679
11, 91, 0.000, 0.669
11, 92, 0.000, 0.678
11, 93, 0.000, 0.668
11, 94, 0.000, 0.676
11, 95, 0.000, 0.669
11, 96, 0.000, 0.681
11, 97, 0.000, 0.668
11, 98, 0.000, 0.677
11, 99, 0.000, 0.670
11, 100, 0.000, 0.680
12, 0, 17.751, 0.002
12, 1, 39.025, 0.681
12, 2, 39.025, 0.680
12, 3, 39.025, 48.786
12, 4, 21.967, 0.681
12, 5, 21.967, 78.186
12, 6, 21.967, 0.678
12, 7, 21.274, 0.674
12, 8, 21.274, 0.679
12, 9, 21.274, 42.047
12, 10, 21.274, 0.676
12, 11, 0.000, 224.523
12, 12, 0.000, 252.281
12, 13, 0.000, 0.673
12, 14, 0.000, 0.673
12, 15, 0.000, 0.667
12, 16, 0.000, 0.681
12, 17, 0.000, 349.277
12, 18, 0.000, 0.673
12, 19, 0.000, 0.670
12, 20, 0.000, 0.677
12, 21, 0.000, 0.670
12, 22, 0.000, 0.676
12, 23, 0.000, 0.668
12, 24, 0.000, 0.680
12, 25, 0.000, 0.668
12, 26, 0.000, 0.676
12, 27, 0.000, 223.368
12, 28, 0.000, 0.680
12, 29, 0.000, 0.671
12, 30, 0.000, 0.676
12, 31, 0.000, 0.667
12, 32, 0.000, 0.676
12, 33, 0.000, 0.670
12, 34, 0.000, 0.677
12, 35, 0.000, 0.672
12, 36, 0.000, 0.677
12, 37, 0.000, 0.672
12, 38, 0.000, 0.673
12, 39, 0.000, 0.669
12, 40, 0.000, 0.682
12, 41, 0.000, 0.665
12, 42, 0.000, 0.673
12, 43, 0.000, 0.671
12, 44, 0.000, 0.678
12, 45, 0.000, 0.664
12, 46, 0.000, 0.675
12, 47, 0.000, 0.671
12, 48, 0.000, 0.677
12, 49, 0.000, 0.671
12, 50, 0.000, 0.675
12, 51, 0.000, 0.670
12, 52, 0.000, 0.676
12, 53, 0.000, 0.676
12, 54, 0.000, 0.674
12, 55, 0.000, 108.654
12, 56, 0.000, 0.677
12, 57, 0.000, 0.668
12, 58, 0.000, 0.676
12, 59, 0.000, 0.671
12, 60, 0.000, 0.679
12, 61, 0.000, 0.664
12, 62, 0.000, 0.675
12, 63, 0.000, 0.673
12, 64, 0.000, 0.679
12, 65, 0.000, 0.670
12, 66, 0.000, 0.676
12, 67, 0.000, 0.665
12, 68, 0.000, 0.679
12, 69, 0.000, 0.671
12, 70, 0.000, 0.674
12, 71, 0.000, 0.672
12, 72, 0.000, 0.682
12, 73, 0.000, 0.667
12, 74, 0.000, 0.675
12, 75, 0.000, 0.672
12, 76, 0.000, 0.676
12, 77, 0.000, 0.670
12, 78, 0.000, 0.675
12, 79, 0.000, 0.669
12, 80, 0.000, 0.678
12, 81, 0.000, 0.666
12, 82, 0.000, 0.676
12, 83, 0.000, 0.671
12, 84, 0.000, 0.678
12, 85, 0.000, 0.670
12, 86, 0.000, 0.678
12, 87, 0.000, 0.675
12, 88, 0.000, 0.679
12, 89, 0.000, 0.669
12, 90, 0.000, 0.674
12, 91, 0.000, 0.677
12, 92, 0.000, 0.680
12, 93, 0.000, 0.672
12, 94, 0.000, 0.675
12, 95, 0.000, 0.674
12, 96, 0.000, 0.679
12, 97, 0.000, 0.673
12, 98, 0.000, 0.677
12, 99, 0.000, 0.668
12, 100, 0.000, 0.681
13, 0, 57.290, 0.002
13, 1, 25.389, 0.681
13, 2, 25.389, 0.680
13, 3, 25.389, 22.818
13, 4, 12.684, 0.680
13, 5, 12.684, 0.667
13, 6, 12.684, 39.908
13, 7, 12.684, 0.673
13, 8, 12.684, 0.679
13, 9, 12.684, 0.672
13, 10, 12.684, 0.674
13, 11, 12.684, 0.668
13, 12, 0.000, 193.804
13, 13, 0.000, 0.673
13, 14, 0.000, 0.676
13, 15, 0.000, 0.667
13, 16, 0.000, 0.674
13, 17, 0.000, 0.666
13, 18, 0.000, 0.672
13, 19, 0.000, 0.665
13, 20, 0.000, 0.679
13, 21, 0.000, 0.668
13, 22, 0.000, 0.674
13, 23, 0.000, 0.673
13, 24, 0.000, 0.681
13, 25, 0.000, 0.670
13, 26, 0.000, 0.676
13, 27, 0.000, 0.673
13, 28, 0.000, 0.677
13, 29, 0.000, 0.676
13, 30, 0.000, 722.506
13, 31, 0.000, 0.675
13, 32, 0.000, 0.681
13, 33, 0.000, 0.667
13, 34, 0.000, 0.672
13, 35, 0.000, 0.669
13, 36, 0.000, 0.675
13, 37, 0.000, 0.673
13, 38, 0.000, 101.814
13, 39, 0.000, 0.669
13, 40, 0.000, 0.678
13, 41, 0.000, 0.670
13, 42, 0.000, 0.678
13, 43, 0.000, 0.668
13, 44, 0.000, 0.678
13, 45, 0.000, 0.668
13, 46, 0.000, 0.677
13, 47, 0.000, 0.672
13, 48, 0.000, 0.683
13, 49, 0.000, 0.672
13, 50, 0.000, 0.674
13, 51, 0.000, 0.672
13, 52, 0.000, 0.679
13, 53, 0.000, 0.670
13, 54, 0.000, 0.674
13, 55, 0.000, 0.671
13, 56, 0.000, 0.677
13, 57, 0.000, 0.670
13, 58, 0.000, 0.676
13, 59, 0.000, 0.671
13, 60, 0.000, 0.675
13, 61, 0.000, 0.672
13, 62, 0.000, 0.677
13, 63, 0.000, 0.670
13, 64, 0.000, 0.677
13, 65, 0.000, 0.673
13, 66, 0.000, 0.674
13, 67, 0.000, 0.670
13, 68, 0.000, 0.677
13, 69, 0.000, 0.673
13, 70, 0.000, 0.677
13, 71, 0.000, 0.668
13, 72, 0.000, 0.677
13, 73, 0.000, 0.673
13, 74, 0.000, 96.374
13, 75, 0.000, 0.672
13, 76, 0.000, 0.677
13, 77, 0.000, 0.673
13, 78, 0.000, 0.674
13, 79, 0.000, 0.667
13, 80, 0.000, 0.678
13, 81, 0.000, 0.670
13, 82, 0.000, 0.673
13, 83, 0.000, 0.669
13, 84, 0.000, 0.681
13, 85, 0.000, 0.669
13, 86, 0.000, 0.675
13, 87, 0.000, 0.672
13, 88, 0.000, 0.680
13, 89, 0.000, 0.673
13, 90, 0.000, 0.677
13, 91, 0.000, 0.671
13, 92, 0.000, 0.678
13, 93, 0.000, 0.669
13, 94, 0.000, 0.675
13, 95, 0.000, 0.670
13, 96, 0.000, 0.677
13, 97, 0.000, 0.670
13, 98, 0.000, 0.672
13, 99, 0.000, 0.672
13, 100, 0.000, 0.681
14, 0, 0.000, 0.002
14, 1, 48.863, 0.683
14, 2, 43.358, 36.314
14, 3, 43.358, 0.670
14, 4, 38.215, 0.678
14, 5, 0.000, 78.476
14, 6, 0.000, 0.676
14, 7, 0.000, 44.037
14, 8, 0.000, 0.680
14, 9, 0.000, 0.673
14, 10, 0.000, 0.676
14, 11, 0.000, 0.669
14, 12, 0.000, 0.677
14, 13, 0.000, 0.670
14, 14, 0.000, 0.675
14, 15, 0.000, 0.670
14, 16, 0.000, 334.697
14, 17, 0.000, 0.676
14, 18, 0.000, 0.673
14, 19, 0.000, 0.670
14, 20, 0.000, 0.679
14, 21, 0.000, 0.671
14, 22, 0.000, 0.674
14, 23, 0.000, 0.670
14, 24, 0.000, 0.680
14, 25, 0.000, 0.671
14, 26, 0.000, 0.676
14, 27, 0.000, 747.826
14, 28, 0.000, 0.680
14, 29, 0.000, 0.669
14, 30, 0.000, 0.673
14, 31, 0.000, 0.667
14, 32, 0.000, 0.675
14, 33, 0.000, 0.672
14, 34, 0.000, 178.866
14, 35, 0.000, 0.668
14, 36, 0.000, 0.673
14, 37, 0.000, 0.668
14, 38, 0.000, 0.675
14, 39, 0.000, 0.668
14, 40, 0.000, 0.675
14, 41, 0.000, 0.670
14, 42, 0.000, 0.672
14, 43, 0.000, 0.666
14, 44, 0.000, 0.678
14, 45, 0.000, 0.673
14, 46, 0.000, 0.677
14, 47, 0.000, 0.670
14, 48, 0.000, 0.678
14, 49, 0.000, 0.672
14, 50, 0.000, 0.673
14, 51, 0.000, 0.670
14, 52, 0.000, 0.679
14, 53, 0.000, 0.670
14, 54, 0.000, 0.676
14, 55, 0.000, 0.667
14, 56, 0.000, 0.677
14, 57, 0.000, 0.671
14, 58, 0.000, 0.674
14, 59, 0.000, 0.673
14, 60, 0.000, 0.678
14, 61, 0.000, 0.670
14, 62, 0.000, 0.672
14, 63, 0.000, 0.667
14, 64, 0.000, 88.429
14, 65, 0.000, 0.674
14, 66, 0.000, 0.672
14, 67, 0.000, 0.669
14, 68, 0.000, 0.678
14, 69, 0.000, 0.669
14, 70, 0.000, 0.674
14, 71, 0.000, 0.672
14, 72, 0.000, 0.676
14, 73, 0.000, 0.667
14, 74, 0.000, 0.672
14, 75, 0.000, 0.670
14, 76, 0.000, 0.676
14, 77, 0.000, 0.666
14, 78, 0.000, 0.672
14, 79, 0.000, 0.670
14, 80, 0.000, 0.678
14, 81, 0.000, 0.667
14, 82, 0.000, 0.675
14, 83, 0.000, 0.673
14, 84, 0.000, 0.678
14, 85, 0.000, 0.671
14, 86, 0.000, 0.674
14, 87, 0.000, 0.671
14, 88, 0.000, 0.678
14, 89, 0.000, 0.673
14, 90, 0.000, 0.674
14, 91, 0.000, 0.672
14, 92, 0.000, 0.679
14, 93, 0.000, 0.671
14, 94, 0.000, 0.673
14, 95, 0.000, 0.672
14, 96, 0.000, 0.680
14, 97, 0.000, 0.672
14, 98, 0.000, 0.674
14, 99, 0.000, 0.672
14, 100, 0.000, 0.679
15, 0, 49.995, 0.002
15, 1, 49.054, 0.684
15, 2, 31.255, 36.752
15, 3, 31.255, 0.669
15, 4, 31.255, 0.678
15, 5, 0.000, 80.699
15, 6, 0.000, 0.673
15, 7, 0.000, 0.669
15, 8, 0.000, 0.675
15, 9, 0.000, 0.673
15, 10, 0.000, 0.676
15, 11, 0.000, 0.673
15, 12, 0.000, 232.858
15, 13, 0.000, 270.471
15, 14, 0.000, 0.675
15, 15, 0.000, 0.666
15, 16, 0.000, 0.682
15, 17, 0.000, 0.671
15, 18, 0.000, 0.672
15, 19, 0.000, 0.669
15, 20, 0.000, 0.678
15, 21, 0.000, 0.671
15, 22, 0.000, 0.672
15, 23, 0.000, 0.667
15, 24, 0.000, 0.680
15, 25, 0.000, 0.672
15, 26, 0.000, 0.677
15, 27, 0.000, 0.671
15, 28, 0.000, 635.319
15, 29, 0.000, 0.672
15, 30, 0.000, 0.677
15, 31, 0.000, 743.308
15, 32, 0.000, 0.680
15, 33, 0.000, 0.671
15, 34, 0.000, 0.673
15, 35, 0.000, 0.667
15, 36, 0.000, 0.679
15, 37, 0.000, 0.670
15, 38, 0.000, 0.675
15, 39, 0.000, 0.669
15, 40, 0.000, 0.678
15, 41, 0.000, 0.671
15, 42, 0.000, 0.675
15, 43, 0.000, 0.666
15, 44, 0.000, 0.678
15, 45, 0.000, 0.666
15, 46, 0.000, 0.673
15, 47, 0.000, 353.334
15, 48, 0.000, 0.680
15, 49, 0.000, 0.671
15, 50, 0.000, 0.672
15, 51, 0.000, 0.670
15, 52, 0.000, 0.677
15, 53, 0.000, 0.671
15, 54, 0.000, 0.673
15, 55, 0.000, 0.668
15, 56, 0.000, 0.679
15, 57, 0.000, 0.670
15, 58, 0.000, 0.675
15, 59, 0.000, 0.673
15, 60, 0.000, 0.681
15, 61, 0.000, 0.671
15, 62, 0.000, 0.673
15, 63, 0.000, 0.669
15, 64, 0.000, 0.678
15, 65, 0.000, 0.672
15, 66, 0.000, 0.674
15, 67, 0.000, 0.670
15, 68, 0.000, 0.676
15, 69, 0.000, 0.667
15, 70, 0.000, 0.670
15, 71, 0.000, 0.668
15, 72, 0.000, 0.678
15, 73, 0.000, 0.670
15, 74, 0.000, 0.674
15, 75, 0.000, 0.669
15, 76, 0.000, 0.678
15, 77, 0.000, 0.667
15, 78, 0.000, 0.676
15, 79, 0.000, 110.161
15, 80, 0.000, 0.677
15, 81, 0.000, 0.666
15, 82, 0.000, 0.673
15, 83, 0.000, 0.669
15, 84, 0.000, 0.678
15, 85, 0.000, 0.669
15, 86, 0.000, 0.675
15, 87, 0.000, 0.671
15, 88, 0.000, 0.679
15, 89, 0.000, 0.670
15, 90, 0.000, 0.675
15, 91, 0.000, 0.669
15, 92, 0.000, 0.681
15, 93, 0.000, 0.672
15, 94, 0.000, 0.684
15, 95, 0.000, 0.671
15, 96, 0.000, 0.679
15, 97, 0.000, 0.671
15, 98, 0.000, 0.674
15, 99, 0.000, 0.671
15, 100, 0.000, 0.679
16, 0, 30.437, 0.002
16, 1, 57.988, 0.682
16, 2, 50.284, 36.839
16, 3, 25.537, 0.666
16, 4, 19.847, 63.178
16, 5, 19.847, 0.670
16, 6, 0.000, 104.580
16, 7, 0.000, 0.670
16, 8, 0.000, 0.679
16, 9, 0.000, 0.672
16, 10, 0.000, 0.678
16, 11, 0.000, 0.671
16, 12, 0.000, 0.680
16, 13, 0.000, 0.669
16, 14, 0.000, 0.677
16, 15, 0.000, 338.277
16, 16, 0.000, 0.678
16, 17, 0.000, 0.671
16, 18, 0.000, 0.673
16, 19, 0.000, 0.672
16, 20, 0.000, 0.676
16, 21, 0.000, 0.671
16, 22, 0.000, 0.676
16, 23, 0.000, 0.671
16, 24, 0.000, 0.677
16, 25, 0.000, 0.672
16, 26, 0.000, 0.676
16, 27, 0.000, 0.671
16, 28, 0.000, 0.677
16, 29, 0.000, 0.670
16, 30, 0.000, 0.673
16, 31, 0.000, 0.669
16, 32, 0.000, 0.677
16, 33, 0.000, 0.670
16, 34, 0.000, 0.673
16, 35, 0.000, 728.148
16, 36, 0.000, 0.679
16, 37, 0.000, 0.667
16, 38, 0.000, 0.672
16, 39, 0.000, 0.673
16, 40, 0.000, 0.676
16, 41, 0.000, 0.670
16, 42, 0.000, 0.673
16, 43, 0.000, 125.704
16, 44, 0.000, 0.676
16, 45, 0.000, 0.669
16, 46, 0.000, 0.674
16, 47, 0.000, 0.672
16, 48, 0.000, 0.676
16, 49, 0.000, 0.672
16, 50, 0.000, 0.673
16, 51, 0.000, 0.668
16, 52, 0.000, 0.677
16, 53, 0.000, 0.670
16, 54, 0.000, 0.675
16, 55, 0.000, 0.668
16, 56, 0.000, 0.676
16, 57, 0.000, 0.668
16, 58, 0.000, 0.675
16, 59, 0.000, 0.668
16, 60, 0.000, 0.675
16, 61, 0.000, 0.670
16, 62, 0.000, 0.677
16, 63, 0.000, 0.671
16, 64, 0.000, 0.678
16, 65, 0.000, 0.668
16, 66, 0.000, 0.672
16, 67, 0.000, 0.670
16, 68, 0.000, 0.676
16, 69, 0.000, 0.673
16, 70, 0.000, 0.673
16, 71, 0.000, 0.665
16, 72, 0.000, 86.773
16, 73, 0.000, 0.672
16, 74, 0.000, 0.673
16, 75, 0.000, 0.668
16, 76, 0.000, 0.677
16, 77, 0.000, 0.668
16, 78, 0.000, 0.675
16, 79, 0.000, 0.668
16, 80, 0.000, 0.676
16, 81, 0.000, 0.669
16, 82, 0.000, 0.674
16, 83, 0.000, 0.670
16, 84, 0.000, 0.681
16, 85, 0.000, 0.673
16, 86, 0.000, 0.674
16, 87, 0.000, 0.672
16, 88, 0.000, 0.681
16, 89, 0.000, 0.673
16, 90, 0.000, 0.677
16, 91, 0.000, 0.675
16, 92, 0.000, 0.681
16, 93, 0.000, 0.672
16, 94, 0.000, 0.677
16, 95, 0.000, 0.670
16, 96, 0.000, 0.680
16, 97, 0.000, 0.670
16, 98, 0.000, 0.674
16, 99, 0.000, 0.671
16, 100, 0.000, 0.680
17, 0, 39.955, 0.002
17, 1, 84.811, 0.685
17, 2, 25.569, 36.314
17, 3, 25.569, 0.673
17, 4, 14.386, 0.681
17, 5, 14.386, 35.555
17, 6, 14.386, 0.676
17, 7, 14.386, 0.668
17, 8, 0.000, 141.687
17, 9, 0.000, 0.670
17, 10, 0.000, 0.675
17, 11, 0.000, 0.671
17, 12, 0.000, 0.680
17, 13, 0.000, 0.671
17, 14, 0.000, 0.676
17, 15, 0.000, 0.670
17, 16, 0.000, 0.679
17, 17, 0.000, 0.671
17, 18, 0.000, 0.676
17, 19, 0.000, 0.670
17, 20, 0.000, 0.682
17, 21, 0.000, 513.956
17, 22, 0.000, 0.675
17, 23, 0.000, 0.666
17, 24, 0.000, 0.679
17, 25, 0.000, 0.671
17, 26, 0.000, 0.674
17, 27, 0.000, 0.666
17, 28, 0.000, 791.820
17, 29, 0.000, 0.675
17, 30, 0.000, 0.676
17, 31, 0.000, 0.667
17, 32, 0.000, 0.680
17, 33, 0.000, 0.672
17, 34, 0.000, 0.675
17, 35, 0.000, 207.335
17, 36, 0.000, 0.684
17, 37, 0.000, 0.673
17, 38, 0.000, 0.676
17, 39, 0.000, 0.672
17, 40, 0.000, 0.676
17, 41, 0.000, 0.671
17, 42, 0.000, 0.676
17, 43, 0.000, 0.669
17, 44, 0.000, 0.678
17, 45, 0.000, 0.671
17, 46, 0.000, 0.674
17, 47, 0.000, 0.666
17, 48, 0.000, 0.681
17, 49, 0.000, 0.666
17, 50, 0.000, 0.673
17, 51, 0.000, 0.669
17, 52, 0.000, 0.677
17, 53, 0.000, 0.670
17, 54, 0.000, 0.676
17, 55, 0.000, 0.669
17, 56, 0.000, 0.678
17, 57, 0.000, 0.667
17, 58, 0.000, 0.674
17, 59, 0.000, 0.668
17, 60, 0.000, 614.666
17, 61, 0.000, 0.674
17, 62, 0.000, 0.675
17, 63, 0.000, 0.670
17, 64, 0.000, 0.677
17, 65, 0.000, 0.673
17, 66, 0.000, 0.674
17, 67, 0.000, 0.665
17, 68, 0.000, 0.677
17, 69, 0.000, 0.668
17, 70, 0.000, 0.673
17, 71, 0.000, 0.668
17, 72, 0.000, 0.677
17, 73, 0.000, 0.671
17, 74, 0.000, 0.676
17, 75, 0.000, 0.668
17, 76, 0.000, 0.675
17, 77, 0.000, 0.668
17, 78, 0.000, 0.675
17, 79, 0.000, 0.667
17, 80, 0.000, 0.677
17, 81, 0.000, 0.669
17, 82, 0.000, 0.675
17, 83, 0.000, 0.670
17, 84, 0.000, 120.844
17, 85, 0.000, 0.667
17, 86, 0.000, 0.675
17, 87, 0.000, 0.671
17, 88, 0.000, 0.679
17, 89, 0.000, 0.675
17, 90, 0.000, 0.672
17, 91, 0.000, 0.672
17, 92, 0.000, 0.678
17, 93, 0.000, 0.670
17, 94, 0.000, 0.674
17, 95, 0.000, 0.673
17, 96, 0.000, 0.680
17, 97, 0.000, 0.673
17, 98, 0.000, 0.676
17, 99, 0.000, 0.671
17, 100, 0.000, 0.678
18, 0, 48.461, 0.002
18, 1, 25.073, 0.678
18, 2, 25.073, 0.676
18, 3, 25.073, 47.979
18, 4, 25.073, 0.677
18, 5, 25.073, 0.668
18, 6, 25.073, 94.763
18, 7, 25.073, 0.675
18, 8, 25.073, 147.839
18, 9, 25.073, 178.950
18, 10, 9.171, 233.492
18, 11, 9.171, 0.674
18, 12, 0.000, 290.994
18, 13, 0.000, 0.673
18, 14, 0.000, 0.673
18, 15, 0.000, 0.673
18, 16, 0.000, 0.675
18, 17, 0.000, 460.473
18, 18, 0.000, 0.678
18, 19, 0.000, 0.668
18, 20, 0.000, 0.677
18, 21, 0.000, 0.677
18, 22, 0.000, 571.208
18, 23, 0.000, 0.675
18, 24, 0.000, 0.678
18, 25, 0.000, 0.672
18, 26, 0.000, 0.673
18, 27, 0.000, 102.119
18, 28, 0.000, 0.677
18, 29, 0.000, 0.672
18, 30, 0.000, 0.675
18, 31, 0.000, 0.670
18, 32, 0.000, 0.678
18, 33, 0.000, 0.673
18, 34, 0.000, 0.674
18, 35, 0.000, 0.669
18, 36, 0.000, 0.681
18, 37, 0.000, 169.201
18, 38, 0.000, 0.675
18, 39, 0.000, 0.674
18, 40, 0.000, 0.678
18, 41, 0.000, 0.668
18, 42, 0.000, 0.675
18, 43, 0.000, 0.668
18, 44, 0.000, 0.679
18, 45, 0.000, 0.674
18, 46, 0.000, 0.677
18, 47, 0.000, 0.668
18, 48, 0.000, 0.678
18, 49, 0.000, 0.672
18, 50, 0.000, 0.675
18, 51, 0.000, 0.667
18, 52, 0.000, 0.682
18, 53, 0.000, 0.671
18, 54, 0.000, 0.676
18, 55, 0.000, 0.667
18, 56, 0.000, 0.678
18, 57, 0.000, 0.667
18, 58, 0.000, 0.677
18, 59, 0.000, 0.668
18, 60, 0.000, 0.678
18, 61, 0.000, 0.671
18, 62, 0.000, 0.673
18, 63, 0.000, 0.669
18, 64, 0.000, 0.678
18, 65, 0.000, 262.844
18, 66, 0.000, 0.681
18, 67, 0.000, 0.670
18, 68, 0.000, 0.675
18, 69, 0.000, 0.672
18, 70, 0.000, 0.679
18, 71, 0.000, 0.672
18, 72, 0.000, 0.678
18, 73, 0.000, 0.671
18, 74, 0.000, 0.681
18, 75, 0.000, 0.676
18, 76, 0.000, 0.678
18, 77, 0.000, 0.673
18, 78, 0.000, 0.680
18, 79, 0.000, 0.675
18, 80, 0.000, 0.676
18, 81, 0.000, 0.670
18, 82, 0.000, 0.679
18, 83, 0.000, 0.670
18, 84, 0.000, 0.676
18, 85, 0.000, 0.675
18, 86, 0.000, 0.679
18, 87, 0.000, 0.671
18, 88, 0.000, 0.678
18, 89, 0.000, 0.671
18, 90, 0.000, 0.678
18, 91, 0.000, 0.670
18, 92, 0.000, 0.680
18, 93, 0.000, 0.676
18, 94, 0.000, 0.682
18, 95, 0.000, 0.669
18, 96, 0.000, 0.679
18, 97, 0.000, 0.668
18, 98, 0.000, 0.678
18, 99, 0.000, 0.670
18, 100, 0.000, 0.677
19, 0, 64.917, 0.002
19, 1, 32.495, 0.687
19, 2, 32.495, 0.680
19, 3, 24.768, 48.866
19, 4, 24.768, 0.681
19, 5, 24.768, 0.673
19, 6, 24.768, 0.681
19, 7, 24.768, 105.403
19, 8, 24.768, 0.681
19, 9, 24.768, 174.377
19, 10, 24.768, 0.677
19, 11, 0.000, 237.251
19, 12, 0.000, 0.680
19, 13, 0.000, 0.672
19, 14, 0.000, 0.676
19, 15, 0.000, 0.672
19, 16, 0.000, 361.118
19, 17, 0.000, 0.673
19, 18, 0.000, 0.677
19, 19, 0.000, 0.672
19, 20, 0.000, 0.682
19, 21, 0.000, 0.673
19, 22, 0.000, 0.677
19, 23, 0.000, 590.592
19, 24, 0.000, 0.681
19, 25, 0.000, 0.673
19, 26, 0.000, 0.678
19, 27, 0.000, 0.676
19, 28, 0.000, 0.680
19, 29, 0.000, 0.676
19, 30, 0.000, 173.225
19, 31, 0.000, 0.674
19, 32, 0.000, 0.679
19, 33, 0.000, 919.545
19, 34, 0.000, 0.678
19, 35, 0.000, 0.673
19, 36, 0.000, 0.681
19, 37, 0.000, 0.676
19, 38, 0.000, 0.676
19, 39, 0.000, 0.674
19, 40, 0.000, 0.683
19, 41, 0.000, 0.673
19, 42, 0.000, 0.677
19, 43, 0.000, 457.458
19, 44, 0.000, 0.680
19, 45, 0.000, 0.672
19, 46, 0.000, 0.677
19, 47, 0.000, 0.674
19, 48, 0.000, 0.677
19, 49, 0.000, 0.670
19, 50, 0.000, 0.676
19, 51, 0.000, 0.669
19, 52, 0.000, 0.680
19, 53, 0.000, 0.674
19, 54, 0.000, 0.678
19, 55, 0.000, 0.672
19, 56, 0.000, 0.679
19, 57, 0.000, 0.672
19, 58, 0.000, 0.675
19, 59, 0.000, 0.670
19, 60, 0.000, 0.679
19, 61, 0.000, 0.673
19, 62, 0.000, 243.738
19, 63, 0.000, 0.673
19, 64, 0.000, 0.678
19, 65, 0.000, 0.669
19, 66, 0.000, 0.678
19, 67, 0.000, 0.673
19, 68, 0.000, 0.674
19, 69, 0.000, 0.668
19, 70, 0.000, 0.679
19, 71, 0.000, 0.673
19, 72, 0.000, 0.677
19, 73, 0.000, 0.671
19, 74, 0.000, 0.678
19, 75, 0.000, 0.674
19, 76, 0.000, 0.675
19, 77, 0.000, 0.671
19, 78, 0.000, 0.678
19, 79, 0.000, 0.671
19, 80, 0.000, 0.676
19, 81, 0.000, 0.670
19, 82, 0.000, 0.675
19, 83, 0.000, 0.668
19, 84, 0.000, 0.674
19, 85, 0.000, 0.674
19, 86, 0.000, 0.679
19, 87, 0.000, 0.674
19, 88, 0.000, 0.676
19, 89, 0.000, 0.669
19, 90, 0.000, 0.681
19, 91, 0.000, 0.671
19, 92, 0.000, 0.678
19, 93, 0.000, 0.676
19, 94, 0.000, 0.681
19, 95, 0.000, 0.675
19, 96, 0.000, 0.679
19, 97, 0.000, 0.670
19, 98, 0.000, 0.686
19, 99, 0.000, 0.676
19, 100, 0.000, 0.673
20, 0, 53.549, 0.002
20, 1, 5.750, 0.686
20, 2, 5.750, 0.682
20, 3, 5.750, 22.817
20, 4, 5.750, 0.678
20, 5, 0.000, 77.682
20, 6, 0.000, 0.681
20, 7, 0.000, 0.677
20, 8, 0.000, 0.676
20, 9, 0.000, 0.673
20, 10, 0.000, 0.681
20, 11, 0.000, 43.340
20, 12, 0.000, 212.326
20, 13, 0.000, 0.675
20, 14, 0.000, 0.677
20, 15, 0.000, 0.671
20, 16, 0.000, 342.827
20, 17, 0.000, 0.672
20, 18, 0.000, 0.679
20, 19, 0.000, 331.437
20, 20, 0.000, 0.677
20, 21, 0.000, 0.670
20, 22, 0.000, 0.680
20, 23, 0.000, 0.674
20, 24, 0.000, 0.681
20, 25, 0.000, 112.883
20, 26, 0.000, 0.681
20, 27, 0.000, 0.673
20, 28, 0.000, 0.677
20, 29, 0.000, 0.676
20, 30, 0.000, 0.677
20, 31, 0.000, 0.666
20, 32, 0.000, 0.677
20, 33, 0.000, 0.672
20, 34, 0.000, 151.795
20, 35, 0.000, 0.677
20, 36, 0.000, 0.678
20, 37, 0.000, 0.672
20, 38, 0.000, 0.683
20, 39, 0.000, 0.675
20, 40, 0.000, 0.678
20, 41, 0.000, 0.673
20, 42, 0.000, 0.679
20, 43, 0.000, 0.673
20, 44, 0.000, 0.675
20, 45, 0.000, 0.669
20, 46, 0.000, 1421.402
20, 47, 0.000, 0.678
20, 48, 0.000, 0.675
20, 49, 0.000, 0.674
20, 50, 0.000, 0.680
20, 51, 0.000, 0.669
20, 52, 0.000, 0.678
20, 53, 0.000, 0.672
20, 54, 0.000, 0.682
20, 55, 0.000, 0.668
20, 56, 0.000, 0.676
20, 57, 0.000, 0.671
20, 58, 0.000, 0.680
20, 59, 0.000, 0.673
20, 60, 0.000, 0.676
20, 61, 0.000, 0.670
20, 62, 0.000, 0.679
20, 63, 0.000, 0.670
20, 64, 0.000, 0.675
20, 65, 0.000, 0.672
20, 66, 0.000, 0.677
20, 67, 0.000, 0.676
20, 68, 0.000, 0.677
20, 69, 0.000, 0.673
20, 70, 0.000, 0.674
20, 71, 0.000, 0.674
20, 72, 0.000, 0.675
20, 73, 0.000, 526.882
20, 74, 0.000, 0.677
20, 75, 0.000, 0.668
20, 76, 0.000, 0.678
20, 77, 0.000, 0.672
20, 78, 0.000, 0.678
20, 79, 0.000, 0.671
20, 80, 0.000, 0.677
20, 81, 0.000, 0.673
20, 82, 0.000, 0.674
20, 83, 0.000, 0.672
20, 84, 0.000, 0.678
20, 85, 0.000, 0.672
20, 86, 0.000, 0.676
20, 87, 0.000, 0.672
20, 88, 0.000, 0.681
20, 89, 0.000, 0.669
20, 90, 0.000, 0.677
20, 91, 0.000, 0.673
20, 92, 0.000, 0.683
20, 93, 0.000, 0.673
20, 94, 0.000, 0.678
20, 95, 0.000, 0.671
20, 96, 0.000, 0.678
20, 97, 0.000, 0.673
20, 98, 0.000, 235.971
20, 99, 0.000, 0.679
20, 100, 0.000, 0.679
