Run, Query, Loss, Time
1, 0, 50.483, 0.107
1, 1, 50.483, 0.157
1, 2, 50.483, 0.082
1, 3, 21.635, 44.661
1, 4, 21.635, 0.061
1, 5, 21.635, 0.057
1, 6, 8.612, 82.702
1, 7, 0.000, 107.028
1, 8, 0.000, 0.056
1, 9, 0.000, 0.057
1, 10, 0.000, 0.055
1, 11, 0.000, 0.056
1, 12, 0.000, 0.056
1, 13, 0.000, 0.057
1, 14, 0.000, 0.056
1, 15, 0.000, 0.055
1, 16, 0.000, 0.056
1, 17, 0.000, 0.057
1, 18, 0.000, 0.057
1, 19, 0.000, 0.058
1, 20, 0.000, 0.056
1, 21, 0.000, 0.057
1, 22, 0.000, 0.058
1, 23, 0.000, 0.056
1, 24, 0.000, 0.057
1, 25, 0.000, 0.057
1, 26, 0.000, 0.056
1, 27, 0.000, 0.057
1, 28, 0.000, 0.056
1, 29, 0.000, 0.057
1, 30, 0.000, 0.056
1, 31, 0.000, 0.057
1, 32, 0.000, 0.056
1, 33, 0.000, 0.057
1, 34, 0.000, 0.055
1, 35, 0.000, 0.055
1, 36, 0.000, 0.056
1, 37, 0.000, 0.056
1, 38, 0.000, 0.055
1, 39, 0.000, 0.055
1, 40, 0.000, 0.056
1, 41, 0.000, 0.056
1, 42, 0.000, 0.056
1, 43, 0.000, 0.057
1, 44, 0.000, 0.055
1, 45, 0.000, 0.056
1, 46, 0.000, 0.056
1, 47, 0.000, 0.056
1, 48, 0.000, 0.056
1, 49, 0.000, 0.057
1, 50, 0.000, 0.056
1, 51, 0.000, 0.057
1, 52, 0.000, 0.056
1, 53, 0.000, 0.056
1, 54, 0.000, 0.055
1, 55, 0.000, 0.055
1, 56, 0.000, 0.057
1, 57, 0.000, 0.057
1, 58, 0.000, 0.056
1, 59, 0.000, 0.056
1, 60, 0.000, 0.055
1, 61, 0.000, 0.057
1, 62, 0.000, 0.056
1, 63, 0.000, 0.057
1, 64, 0.000, 0.056
1, 65, 0.000, 0.057
1, 66, 0.000, 0.056
1, 67, 0.000, 0.057
1, 68, 0.000, 0.056
1, 69, 0.000, 0.057
1, 70, 0.000, 0.056
1, 71, 0.000, 0.057
1, 72, 0.000, 0.056
1, 73, 0.000, 0.057
1, 74, 0.000, 0.056
1, 75, 0.000, 0.056
1, 76, 0.000, 0.055
1, 77, 0.000, 0.056
1, 78, 0.000, 0.056
1, 79, 0.000, 0.058
1, 80, 0.000, 0.056
1, 81, 0.000, 0.057
1, 82, 0.000, 0.055
1, 83, 0.000, 0.057
1, 84, 0.000, 0.056
1, 85, 0.000, 0.057
1, 86, 0.000, 0.056
1, 87, 0.000, 0.057
1, 88, 0.000, 0.056
1, 89, 0.000, 0.057
1, 90, 0.000, 0.056
1, 91, 0.000, 0.056
1, 92, 0.000, 0.056
1, 93, 0.000, 0.056
1, 94, 0.000, 0.056
1, 95, 0.000, 0.056
1, 96, 0.000, 0.056
1, 97, 0.000, 0.057
1, 98, 0.000, 0.055
1, 99, 0.000, 0.056
1, 100, 0.000, 0.055
2, 0, 213.401, 0.002
2, 1, 48.974, 0.064
2, 2, 48.974, 0.060
2, 3, 48.974, 17.352
2, 4, 48.974, 0.057
2, 5, 6.045, 0.056
2, 6, 0.000, 79.841
2, 7, 0.000, 0.054
2, 8, 0.000, 0.057
2, 9, 0.000, 0.056
2, 10, 0.000, 0.057
2, 11, 0.000, 0.056
2, 12, 0.000, 0.058
2, 13, 0.000, 0.056
2, 14, 0.000, 0.057
2, 15, 0.000, 0.055
2, 16, 0.000, 0.058
2, 17, 0.000, 0.057
2, 18, 0.000, 0.060
2, 19, 0.000, 0.058
2, 20, 0.000, 0.058
2, 21, 0.000, 0.058
2, 22, 0.000, 0.058
2, 23, 0.000, 0.057
2, 24, 0.000, 0.057
2, 25, 0.000, 0.058
2, 26, 0.000, 0.058
2, 27, 0.000, 0.057
2, 28, 0.000, 0.058
2, 29, 0.000, 0.057
2, 30, 0.000, 0.058
2, 31, 0.000, 0.057
2, 32, 0.000, 0.057
2, 33, 0.000, 0.056
2, 34, 0.000, 0.058
2, 35, 0.000, 0.056
2, 36, 0.000, 0.058
2, 37, 0.000, 0.057
2, 38, 0.000, 0.057
2, 39, 0.000, 0.055
2, 40, 0.000, 0.058
2, 41, 0.000, 0.056
2, 42, 0.000, 0.057
2, 43, 0.000, 0.055
2, 44, 0.000, 0.058
2, 45, 0.000, 0.056
2, 46, 0.000, 0.058
2, 47, 0.000, 0.057
2, 48, 0.000, 0.058
2, 49, 0.000, 0.058
2, 50, 0.000, 0.058
2, 51, 0.000, 0.056
2, 52, 0.000, 0.057
2, 53, 0.000, 0.055
2, 54, 0.000, 0.058
2, 55, 0.000, 0.056
2, 56, 0.000, 0.057
2, 57, 0.000, 0.055
2, 58, 0.000, 0.057
2, 59, 0.000, 0.056
2, 60, 0.000, 0.058
2, 61, 0.000, 0.056
2, 62, 0.000, 0.056
2, 63, 0.000, 0.055
2, 64, 0.000, 0.058
2, 65, 0.000, 0.057
2, 66, 0.000, 0.057
2, 67, 0.000, 0.057
2, 68, 0.000, 0.057
2, 69, 0.000, 0.056
2, 70, 0.000, 0.058
2, 71, 0.000, 0.059
2, 72, 0.000, 0.058
2, 73, 0.000, 0.057
2, 74, 0.000, 0.058
2, 75, 0.000, 0.057
2, 76, 0.000, 0.058
2, 77, 0.000, 0.056
2, 78, 0.000, 0.058
2, 79, 0.000, 0.056
2, 80, 0.000, 0.056
2, 81, 0.000, 0.065
2, 82, 0.000, 0.057
2, 83, 0.000, 0.056
2, 84, 0.000, 0.058
2, 85, 0.000, 0.055
2, 86, 0.000, 0.057
2, 87, 0.000, 0.057
2, 88, 0.000, 0.057
2, 89, 0.000, 0.056
2, 90, 0.000, 0.057
2, 91, 0.000, 0.056
2, 92, 0.000, 0.058
2, 93, 0.000, 0.056
2, 94, 0.000, 0.057
2, 95, 0.000, 0.056
2, 96, 0.000, 0.058
2, 97, 0.000, 0.057
2, 98, 0.000, 0.057
2, 99, 0.000, 0.057
2, 100, 0.000, 0.057
3, 0, 17.854, 0.001
3, 1, 74.873, 0.064
3, 2, 13.302, 32.265
3, 3, 13.302, 0.056
3, 4, 12.413, 0.058
3, 5, 13.302, 49.616
3, 6, 0.000, 99.263
3, 7, 0.000, 0.057
3, 8, 0.000, 0.058
3, 9, 0.000, 0.058
3, 10, 0.000, 0.059
3, 11, 0.000, 0.057
3, 12, 0.000, 0.057
3, 13, 0.000, 0.057
3, 14, 0.000, 0.058
3, 15, 0.000, 0.057
3, 16, 0.000, 0.058
3, 17, 0.000, 0.056
3, 18, 0.000, 0.058
3, 19, 0.000, 0.056
3, 20, 0.000, 0.058
3, 21, 0.000, 0.057
3, 22, 0.000, 0.058
3, 23, 0.000, 0.056
3, 24, 0.000, 0.058
3, 25, 0.000, 0.057
3, 26, 0.000, 0.057
3, 27, 0.000, 0.056
3, 28, 0.000, 0.058
3, 29, 0.000, 0.057
3, 30, 0.000, 0.057
3, 31, 0.000, 0.057
3, 32, 0.000, 0.057
3, 33, 0.000, 0.057
3, 34, 0.000, 0.058
3, 35, 0.000, 0.057
3, 36, 0.000, 0.063
3, 37, 0.000, 0.057
3, 38, 0.000, 0.057
3, 39, 0.000, 0.056
3, 40, 0.000, 0.058
3, 41, 0.000, 0.058
3, 42, 0.000, 0.057
3, 43, 0.000, 0.056
3, 44, 0.000, 0.058
3, 45, 0.000, 0.056
3, 46, 0.000, 0.058
3, 47, 0.000, 0.056
3, 48, 0.000, 0.057
3, 49, 0.000, 0.057
3, 50, 0.000, 0.058
3, 51, 0.000, 0.057
3, 52, 0.000, 0.058
3, 53, 0.000, 0.058
3, 54, 0.000, 0.058
3, 55, 0.000, 0.057
3, 56, 0.000, 0.058
3, 57, 0.000, 0.058
3, 58, 0.000, 0.057
3, 59, 0.000, 0.056
3, 60, 0.000, 0.058
3, 61, 0.000, 0.057
3, 62, 0.000, 0.058
3, 63, 0.000, 0.056
3, 64, 0.000, 0.058
3, 65, 0.000, 0.056
3, 66, 0.000, 0.058
3, 67, 0.000, 0.057
3, 68, 0.000, 0.057
3, 69, 0.000, 0.057
3, 70, 0.000, 0.057
3, 71, 0.000, 0.057
3, 72, 0.000, 0.058
3, 73, 0.000, 0.058
3, 74, 0.000, 0.057
3, 75, 0.000, 0.057
3, 76, 0.000, 0.056
3, 77, 0.000, 0.058
3, 78, 0.000, 0.057
3, 79, 0.000, 0.057
3, 80, 0.000, 0.058
3, 81, 0.000, 0.057
3, 82, 0.000, 0.057
3, 83, 0.000, 0.057
3, 84, 0.000, 0.058
3, 85, 0.000, 0.056
3, 86, 0.000, 0.058
3, 87, 0.000, 0.056
3, 88, 0.000, 0.058
3, 89, 0.000, 0.056
3, 90, 0.000, 0.058
3, 91, 0.000, 0.056
3, 92, 0.000, 0.058
3, 93, 0.000, 0.057
3, 94, 0.000, 0.057
3, 95, 0.000, 0.056
3, 96, 0.000, 0.058
3, 97, 0.000, 0.057
3, 98, 0.000, 0.058
3, 99, 0.000, 0.058
3, 100, 0.000, 0.056
4, 0, 154.718, 0.001
4, 1, 0.000, 0.063
4, 2, 0.000, 0.059
4, 3, 0.000, 17.198
4, 4, 0.000, 0.059
4, 5, 0.000, 0.057
4, 6, 0.000, 0.059
4, 7, 0.000, 29.596
4, 8, 0.000, 0.059
4, 9, 0.000, 0.057
4, 10, 0.000, 0.058
4, 11, 0.000, 0.057
4, 12, 0.000, 0.059
4, 13, 0.000, 0.057
4, 14, 0.000, 0.058
4, 15, 0.000, 0.057
4, 16, 0.000, 0.058
4, 17, 0.000, 0.055
4, 18, 0.000, 0.059
4, 19, 0.000, 0.056
4, 20, 0.000, 0.059
4, 21, 0.000, 0.056
4, 22, 0.000, 0.059
4, 23, 0.000, 0.057
4, 24, 0.000, 0.059
4, 25, 0.000, 0.056
4, 26, 0.000, 0.058
4, 27, 0.000, 0.057
4, 28, 0.000, 0.059
4, 29, 0.000, 0.056
4, 30, 0.000, 0.060
4, 31, 0.000, 0.056
4, 32, 0.000, 0.059
4, 33, 0.000, 0.056
4, 34, 0.000, 0.059
4, 35, 0.000, 0.056
4, 36, 0.000, 0.059
4, 37, 0.000, 0.056
4, 38, 0.000, 0.058
4, 39, 0.000, 0.056
4, 40, 0.000, 0.059
4, 41, 0.000, 0.056
4, 42, 0.000, 0.058
4, 43, 0.000, 0.056
4, 44, 0.000, 0.059
4, 45, 0.000, 0.054
4, 46, 0.000, 0.058
4, 47, 0.000, 0.056
4, 48, 0.000, 0.058
4, 49, 0.000, 0.056
4, 50, 0.000, 0.059
4, 51, 0.000, 0.055
4, 52, 0.000, 0.058
4, 53, 0.000, 0.056
4, 54, 0.000, 0.058
4, 55, 0.000, 0.057
4, 56, 0.000, 0.059
4, 57, 0.000, 0.057
4, 58, 0.000, 0.059
4, 59, 0.000, 0.056
4, 60, 0.000, 0.059
4, 61, 0.000, 0.057
4, 62, 0.000, 0.059
4, 63, 0.000, 0.056
4, 64, 0.000, 0.059
4, 65, 0.000, 0.056
4, 66, 0.000, 0.058
4, 67, 0.000, 0.055
4, 68, 0.000, 0.059
4, 69, 0.000, 0.056
4, 70, 0.000, 0.059
4, 71, 0.000, 0.056
4, 72, 0.000, 0.058
4, 73, 0.000, 0.057
4, 74, 0.000, 0.058
4, 75, 0.000, 0.056
4, 76, 0.000, 0.058
4, 77, 0.000, 0.056
4, 78, 0.000, 0.059
4, 79, 0.000, 0.057
4, 80, 0.000, 0.059
4, 81, 0.000, 0.056
4, 82, 0.000, 0.058
4, 83, 0.000, 0.057
4, 84, 0.000, 0.058
4, 85, 0.000, 0.055
4, 86, 0.000, 0.059
4, 87, 0.000, 0.056
4, 88, 0.000, 0.058
4, 89, 0.000, 0.055
4, 90, 0.000, 0.058
4, 91, 0.000, 0.056
4, 92, 0.000, 0.059
4, 93, 0.000, 0.055
4, 94, 0.000, 0.059
4, 95, 0.000, 0.057
4, 96, 0.000, 0.058
4, 97, 0.000, 0.057
4, 98, 0.000, 0.059
4, 99, 0.000, 0.056
4, 100, 0.000, 0.058
5, 0, 65.981, 0.001
5, 1, 31.079, 0.062
5, 2, 31.079, 0.058
5, 3, 0.000, 44.470
5, 4, 0.000, 0.059
5, 5, 0.000, 0.056
5, 6, 0.000, 0.059
5, 7, 0.000, 0.056
5, 8, 0.000, 0.058
5, 9, 0.000, 0.057
5, 10, 0.000, 0.058
5, 11, 0.000, 0.056
5, 12, 0.000, 0.058
5, 13, 0.000, 0.056
5, 14, 0.000, 0.060
5, 15, 0.000, 0.058
5, 16, 0.000, 0.059
5, 17, 0.000, 0.056
5, 18, 0.000, 0.059
5, 19, 0.000, 0.057
5, 20, 0.000, 0.059
5, 21, 0.000, 0.056
5, 22, 0.000, 0.058
5, 23, 0.000, 0.057
5, 24, 0.000, 0.058
5, 25, 0.000, 0.056
5, 26, 0.000, 0.059
5, 27, 0.000, 0.057
5, 28, 0.000, 0.059
5, 29, 0.000, 0.056
5, 30, 0.000, 0.060
5, 31, 0.000, 0.057
5, 32, 0.000, 0.059
5, 33, 0.000, 0.056
5, 34, 0.000, 0.058
5, 35, 0.000, 0.056
5, 36, 0.000, 0.059
5, 37, 0.000, 0.056
5, 38, 0.000, 0.058
5, 39, 0.000, 0.056
5, 40, 0.000, 0.059
5, 41, 0.000, 0.056
5, 42, 0.000, 0.059
5, 43, 0.000, 0.056
5, 44, 0.000, 0.058
5, 45, 0.000, 0.057
5, 46, 0.000, 0.059
5, 47, 0.000, 0.057
5, 48, 0.000, 0.059
5, 49, 0.000, 0.057
5, 50, 0.000, 0.059
5, 51, 0.000, 0.055
5, 52, 0.000, 0.058
5, 53, 0.000, 0.057
5, 54, 0.000, 0.059
5, 55, 0.000, 0.057
5, 56, 0.000, 0.058
5, 57, 0.000, 0.056
5, 58, 0.000, 0.059
5, 59, 0.000, 0.056
5, 60, 0.000, 0.059
5, 61, 0.000, 0.056
5, 62, 0.000, 0.059
5, 63, 0.000, 0.057
5, 64, 0.000, 0.059
5, 65, 0.000, 0.058
5, 66, 0.000, 0.058
5, 67, 0.000, 0.057
5, 68, 0.000, 0.058
5, 69, 0.000, 0.057
5, 70, 0.000, 0.060
5, 71, 0.000, 0.056
5, 72, 0.000, 0.059
5, 73, 0.000, 0.056
5, 74, 0.000, 0.058
5, 75, 0.000, 0.055
5, 76, 0.000, 0.059
5, 77, 0.000, 0.056
5, 78, 0.000, 0.059
5, 79, 0.000, 0.057
5, 80, 0.000, 0.059
5, 81, 0.000, 0.058
5, 82, 0.000, 0.059
5, 83, 0.000, 0.057
5, 84, 0.000, 0.059
5, 85, 0.000, 0.058
5, 86, 0.000, 0.059
5, 87, 0.000, 0.055
5, 88, 0.000, 0.058
5, 89, 0.000, 0.056
5, 90, 0.000, 0.059
5, 91, 0.000, 0.056
5, 92, 0.000, 0.059
5, 93, 0.000, 0.056
5, 94, 0.000, 0.059
5, 95, 0.000, 0.056
5, 96, 0.000, 0.058
5, 97, 0.000, 0.058
5, 98, 0.000, 0.060
5, 99, 0.000, 0.056
5, 100, 0.000, 0.059
6, 0, 109.806, 0.001
6, 1, 27.571, 0.066
6, 2, 27.571, 0.058
6, 3, 27.571, 25.471
6, 4, 0.000, 0.058
6, 5, 0.000, 0.056
6, 6, 0.000, 16.756
6, 7, 0.000, 0.056
6, 8, 0.000, 0.057
6, 9, 0.000, 0.056
6, 10, 0.000, 0.058
6, 11, 0.000, 0.056
6, 12, 0.000, 0.058
6, 13, 0.000, 0.054
6, 14, 0.000, 0.058
6, 15, 0.000, 0.056
6, 16, 0.000, 0.057
6, 17, 0.000, 0.057
6, 18, 0.000, 0.057
6, 19, 0.000, 0.057
6, 20, 0.000, 0.058
6, 21, 0.000, 0.056
6, 22, 0.000, 0.058
6, 23, 0.000, 0.056
6, 24, 0.000, 0.058
6, 25, 0.000, 0.056
6, 26, 0.000, 0.059
6, 27, 0.000, 0.055
6, 28, 0.000, 0.058
6, 29, 0.000, 0.057
6, 30, 0.000, 0.059
6, 31, 0.000, 0.056
6, 32, 0.000, 0.057
6, 33, 0.000, 0.055
6, 34, 0.000, 0.058
6, 35, 0.000, 0.056
6, 36, 0.000, 0.058
6, 37, 0.000, 0.056
6, 38, 0.000, 0.058
6, 39, 0.000, 0.055
6, 40, 0.000, 0.059
6, 41, 0.000, 0.056
6, 42, 0.000, 0.058
6, 43, 0.000, 0.055
6, 44, 0.000, 0.059
6, 45, 0.000, 0.056
6, 46, 0.000, 0.059
6, 47, 0.000, 0.056
6, 48, 0.000, 0.059
6, 49, 0.000, 0.057
6, 50, 0.000, 0.058
6, 51, 0.000, 0.056
6, 52, 0.000, 0.058
6, 53, 0.000, 0.056
6, 54, 0.000, 0.058
6, 55, 0.000, 0.056
6, 56, 0.000, 0.059
6, 57, 0.000, 0.056
6, 58, 0.000, 0.058
6, 59, 0.000, 0.055
6, 60, 0.000, 0.058
6, 61, 0.000, 0.057
6, 62, 0.000, 0.058
6, 63, 0.000, 0.056
6, 64, 0.000, 0.058
6, 65, 0.000, 0.055
6, 66, 0.000, 0.059
6, 67, 0.000, 0.057
6, 68, 0.000, 0.058
6, 69, 0.000, 0.056
6, 70, 0.000, 0.058
6, 71, 0.000, 0.057
6, 72, 0.000, 0.058
6, 73, 0.000, 0.057
6, 74, 0.000, 0.058
6, 75, 0.000, 0.055
6, 76, 0.000, 0.058
6, 77, 0.000, 0.056
6, 78, 0.000, 0.058
6, 79, 0.000, 0.057
6, 80, 0.000, 0.058
6, 81, 0.000, 0.055
6, 82, 0.000, 0.058
6, 83, 0.000, 0.057
6, 84, 0.000, 0.058
6, 85, 0.000, 0.056
6, 86, 0.000, 0.059
6, 87, 0.000, 0.056
6, 88, 0.000, 0.058
6, 89, 0.000, 0.056
6, 90, 0.000, 0.059
6, 91, 0.000, 0.057
6, 92, 0.000, 0.059
6, 93, 0.000, 0.056
6, 94, 0.000, 0.058
6, 95, 0.000, 0.056
6, 96, 0.000, 0.059
6, 97, 0.000, 0.057
6, 98, 0.000, 0.059
6, 99, 0.000, 0.056
6, 100, 0.000, 0.057
7, 0, 17.446, 0.001
7, 1, 68.669, 0.066
7, 2, 68.669, 0.060
7, 3, 17.446, 45.275
7, 4, 17.446, 0.058
7, 5, 0.000, 69.154
7, 6, 0.000, 0.058
7, 7, 0.000, 0.057
7, 8, 0.000, 0.058
7, 9, 0.000, 0.056
7, 10, 0.000, 0.058
7, 11, 0.000, 0.056
7, 12, 0.000, 0.057
7, 13, 0.000, 0.056
7, 14, 0.000, 0.057
7, 15, 0.000, 0.055
7, 16, 0.000, 0.058
7, 17, 0.000, 0.057
7, 18, 0.000, 0.058
7, 19, 0.000, 0.056
7, 20, 0.000, 0.058
7, 21, 0.000, 0.056
7, 22, 0.000, 0.057
7, 23, 0.000, 0.054
7, 24, 0.000, 0.057
7, 25, 0.000, 0.055
7, 26, 0.000, 0.058
7, 27, 0.000, 0.056
7, 28, 0.000, 0.057
7, 29, 0.000, 0.055
7, 30, 0.000, 0.057
7, 31, 0.000, 0.057
7, 32, 0.000, 0.059
7, 33, 0.000, 0.056
7, 34, 0.000, 0.057
7, 35, 0.000, 0.056
7, 36, 0.000, 0.057
7, 37, 0.000, 0.056
7, 38, 0.000, 0.058
7, 39, 0.000, 0.056
7, 40, 0.000, 0.056
7, 41, 0.000, 0.057
7, 42, 0.000, 0.057
7, 43, 0.000, 0.057
7, 44, 0.000, 0.057
7, 45, 0.000, 0.056
7, 46, 0.000, 0.058
7, 47, 0.000, 0.056
7, 48, 0.000, 0.058
7, 49, 0.000, 0.057
7, 50, 0.000, 0.057
7, 51, 0.000, 0.056
7, 52, 0.000, 0.059
7, 53, 0.000, 0.056
7, 54, 0.000, 0.058
7, 55, 0.000, 0.056
7, 56, 0.000, 0.056
7, 57, 0.000, 0.056
7, 58, 0.000, 0.058
7, 59, 0.000, 0.056
7, 60, 0.000, 0.057
7, 61, 0.000, 0.056
7, 62, 0.000, 0.057
7, 63, 0.000, 0.057
7, 64, 0.000, 0.058
7, 65, 0.000, 0.056
7, 66, 0.000, 0.057
7, 67, 0.000, 0.056
7, 68, 0.000, 0.058
7, 69, 0.000, 0.055
7, 70, 0.000, 0.058
7, 71, 0.000, 0.057
7, 72, 0.000, 0.057
7, 73, 0.000, 0.056
7, 74, 0.000, 0.058
7, 75, 0.000, 0.056
7, 76, 0.000, 0.057
7, 77, 0.000, 0.055
7, 78, 0.000, 0.058
7, 79, 0.000, 0.056
7, 80, 0.000, 0.058
7, 81, 0.000, 0.056
7, 82, 0.000, 0.058
7, 83, 0.000, 0.056
7, 84, 0.000, 0.057
7, 85, 0.000, 0.057
7, 86, 0.000, 0.058
7, 87, 0.000, 0.057
7, 88, 0.000, 0.057
7, 89, 0.000, 0.057
7, 90, 0.000, 0.057
7, 91, 0.000, 0.056
7, 92, 0.000, 0.057
7, 93, 0.000, 0.056
7, 94, 0.000, 0.057
7, 95, 0.000, 0.057
7, 96, 0.000, 0.057
7, 97, 0.000, 0.056
7, 98, 0.000, 0.057
7, 99, 0.000, 0.055
7, 100, 0.000, 0.057
8, 0, 54.599, 0.001
8, 1, 12.052, 0.066
8, 2, 12.052, 0.058
8, 3, 12.052, 16.654
8, 4, 5.011, 0.057
8, 5, 0.000, 68.879
8, 6, 0.000, 0.057
8, 7, 0.000, 0.057
8, 8, 0.000, 0.057
8, 9, 0.000, 0.056
8, 10, 0.000, 0.058
8, 11, 0.000, 0.057
8, 12, 0.000, 0.058
8, 13, 0.000, 0.057
8, 14, 0.000, 0.059
8, 15, 0.000, 0.057
8, 16, 0.000, 0.058
8, 17, 0.000, 0.057
8, 18, 0.000, 0.058
8, 19, 0.000, 0.057
8, 20, 0.000, 0.058
8, 21, 0.000, 0.057
8, 22, 0.000, 0.058
8, 23, 0.000, 0.057
8, 24, 0.000, 0.057
8, 25, 0.000, 0.056
8, 26, 0.000, 0.058
8, 27, 0.000, 0.055
8, 28, 0.000, 0.058
8, 29, 0.000, 0.057
8, 30, 0.000, 0.058
8, 31, 0.000, 0.056
8, 32, 0.000, 0.058
8, 33, 0.000, 0.056
8, 34, 0.000, 0.058
8, 35, 0.000, 0.057
8, 36, 0.000, 0.058
8, 37, 0.000, 0.057
8, 38, 0.000, 0.058
8, 39, 0.000, 0.055
8, 40, 0.000, 0.058
8, 41, 0.000, 0.057
8, 42, 0.000, 0.059
8, 43, 0.000, 0.057
8, 44, 0.000, 0.058
8, 45, 0.000, 0.057
8, 46, 0.000, 979.144
8, 47, 0.000, 0.052
8, 48, 0.000, 0.053
8, 49, 0.000, 0.057
8, 50, 0.000, 0.057
8, 51, 0.000, 0.057
8, 52, 0.000, 0.058
8, 53, 0.000, 0.056
8, 54, 0.000, 0.057
8, 55, 0.000, 0.056
8, 56, 0.000, 0.056
8, 57, 0.000, 0.056
8, 58, 0.000, 0.056
8, 59, 0.000, 0.057
8, 60, 0.000, 0.058
8, 61, 0.000, 0.057
8, 62, 0.000, 0.057
8, 63, 0.000, 0.057
8, 64, 0.000, 0.056
8, 65, 0.000, 0.056
8, 66, 0.000, 0.056
8, 67, 0.000, 0.057
8, 68, 0.000, 0.057
8, 69, 0.000, 0.057
8, 70, 0.000, 0.056
8, 71, 0.000, 0.057
8, 72, 0.000, 0.056
8, 73, 0.000, 0.057
8, 74, 0.000, 0.057
8, 75, 0.000, 0.057
8, 76, 0.000, 0.056
8, 77, 0.000, 0.056
8, 78, 0.000, 0.057
8, 79, 0.000, 0.056
8, 80, 0.000, 0.056
8, 81, 0.000, 0.054
8, 82, 0.000, 0.057
8, 83, 0.000, 0.057
8, 84, 0.000, 0.058
8, 85, 0.000, 0.056
8, 86, 0.000, 0.056
8, 87, 0.000, 0.056
8, 88, 0.000, 0.057
8, 89, 0.000, 0.057
8, 90, 0.000, 0.057
8, 91, 0.000, 0.056
8, 92, 0.000, 0.057
8, 93, 0.000, 0.057
8, 94, 0.000, 0.057
8, 95, 0.000, 0.056
8, 96, 0.000, 0.057
8, 97, 0.000, 0.055
8, 98, 0.000, 0.057
8, 99, 0.000, 0.057
8, 100, 0.000, 0.057
9, 0, 27.450, 0.001
9, 1, 0.000, 0.066
9, 2, 0.000, 0.058
9, 3, 0.000, 0.057
9, 4, 0.000, 24.919
9, 5, 0.000, 0.053
9, 6, 0.000, 0.056
9, 7, 0.000, 0.054
9, 8, 0.000, 43.316
9, 9, 0.000, 0.051
9, 10, 0.000, 0.055
9, 11, 0.000, 0.053
9, 12, 0.000, 0.055
9, 13, 0.000, 0.055
9, 14, 0.000, 0.057
9, 15, 0.000, 0.057
9, 16, 0.000, 0.057
9, 17, 0.000, 0.057
9, 18, 0.000, 0.058
9, 19, 0.000, 0.057
9, 20, 0.000, 0.058
9, 21, 0.000, 0.057
9, 22, 0.000, 0.057
9, 23, 0.000, 0.057
9, 24, 0.000, 0.057
9, 25, 0.000, 0.056
9, 26, 0.000, 0.057
9, 27, 0.000, 0.056
9, 28, 0.000, 0.056
9, 29, 0.000, 0.057
9, 30, 0.000, 0.058
9, 31, 0.000, 0.056
9, 32, 0.000, 0.056
9, 33, 0.000, 0.056
9, 34, 0.000, 0.057
9, 35, 0.000, 0.057
9, 36, 0.000, 0.058
9, 37, 0.000, 0.056
9, 38, 0.000, 0.057
9, 39, 0.000, 0.057
9, 40, 0.000, 0.058
9, 41, 0.000, 0.056
9, 42, 0.000, 0.057
9, 43, 0.000, 0.057
9, 44, 0.000, 0.057
9, 45, 0.000, 0.057
9, 46, 0.000, 0.057
9, 47, 0.000, 0.057
9, 48, 0.000, 0.057
9, 49, 0.000, 0.056
9, 50, 0.000, 0.057
9, 51, 0.000, 0.057
9, 52, 0.000, 0.058
9, 53, 0.000, 0.057
9, 54, 0.000, 0.057
9, 55, 0.000, 0.056
9, 56, 0.000, 0.057
9, 57, 0.000, 0.057
9, 58, 0.000, 0.058
9, 59, 0.000, 0.056
9, 60, 0.000, 0.057
9, 61, 0.000, 0.057
9, 62, 0.000, 0.057
9, 63, 0.000, 0.057
9, 64, 0.000, 0.057
9, 65, 0.000, 0.057
9, 66, 0.000, 0.057
9, 67, 0.000, 0.056
9, 68, 0.000, 0.058
9, 69, 0.000, 0.057
9, 70, 0.000, 0.058
9, 71, 0.000, 0.057
9, 72, 0.000, 0.057
9, 73, 0.000, 0.056
9, 74, 0.000, 0.057
9, 75, 0.000, 0.056
9, 76, 0.000, 0.058
9, 77, 0.000, 0.057
9, 78, 0.000, 0.059
9, 79, 0.000, 0.055
9, 80, 0.000, 0.058
9, 81, 0.000, 0.056
9, 82, 0.000, 0.057
9, 83, 0.000, 0.056
9, 84, 0.000, 0.058
9, 85, 0.000, 0.057
9, 86, 0.000, 0.057
9, 87, 0.000, 0.057
9, 88, 0.000, 0.057
9, 89, 0.000, 0.056
9, 90, 0.000, 0.058
9, 91, 0.000, 0.056
9, 92, 0.000, 0.057
9, 93, 0.000, 0.056
9, 94, 0.000, 0.058
9, 95, 0.000, 0.058
9, 96, 0.000, 0.057
9, 97, 0.000, 0.058
9, 98, 0.000, 0.058
9, 99, 0.000, 0.056
9, 100, 0.000, 0.058
10, 0, 108.620, 0.001
10, 1, 25.795, 0.066
10, 2, 25.795, 0.058
10, 3, 5.617, 44.083
10, 4, 5.617, 0.060
10, 5, 0.000, 70.777
10, 6, 0.000, 0.058
10, 7, 0.000, 0.056
10, 8, 0.000, 0.058
10, 9, 0.000, 0.057
10, 10, 0.000, 0.059
10, 11, 0.000, 0.056
10, 12, 0.000, 0.059
10, 13, 0.000, 0.058
10, 14, 0.000, 0.059
10, 15, 0.000, 0.057
10, 16, 0.000, 0.057
10, 17, 0.000, 0.058
10, 18, 0.000, 0.059
10, 19, 0.000, 0.057
10, 20, 0.000, 0.058
10, 21, 0.000, 0.057
10, 22, 0.000, 0.059
10, 23, 0.000, 0.058
10, 24, 0.000, 0.059
10, 25, 0.000, 0.057
10, 26, 0.000, 0.062
10, 27, 0.000, 0.058
10, 28, 0.000, 0.058
10, 29, 0.000, 0.058
10, 30, 0.000, 0.059
10, 31, 0.000, 0.058
10, 32, 0.000, 0.060
10, 33, 0.000, 0.057
10, 34, 0.000, 0.059
10, 35, 0.000, 0.058
10, 36, 0.000, 0.058
10, 37, 0.000, 0.057
10, 38, 0.000, 0.060
10, 39, 0.000, 0.058
10, 40, 0.000, 0.058
10, 41, 0.000, 0.058
10, 42, 0.000, 0.058
10, 43, 0.000, 0.058
10, 44, 0.000, 0.059
10, 45, 0.000, 0.058
10, 46, 0.000, 0.058
10, 47, 0.000, 0.059
10, 48, 0.000, 0.059
10, 49, 0.000, 0.057
10, 50, 0.000, 0.060
10, 51, 0.000, 0.058
10, 52, 0.000, 0.060
10, 53, 0.000, 0.058
10, 54, 0.000, 0.059
10, 55, 0.000, 0.056
10, 56, 0.000, 0.059
10, 57, 0.000, 0.058
10, 58, 0.000, 0.059
10, 59, 0.000, 0.058
10, 60, 0.000, 0.059
10, 61, 0.000, 0.058
10, 62, 0.000, 0.059
10, 63, 0.000, 0.058
10, 64, 0.000, 0.059
10, 65, 0.000, 0.057
10, 66, 0.000, 0.059
10, 67, 0.000, 0.060
10, 68, 0.000, 0.059
10, 69, 0.000, 0.057
10, 70, 0.000, 0.060
10, 71, 0.000, 0.058
10, 72, 0.000, 0.059
10, 73, 0.000, 0.058
10, 74, 0.000, 0.059
10, 75, 0.000, 0.057
10, 76, 0.000, 0.059
10, 77, 0.000, 0.057
10, 78, 0.000, 0.058
10, 79, 0.000, 0.056
10, 80, 0.000, 0.058
10, 81, 0.000, 0.057
10, 82, 0.000, 0.058
10, 83, 0.000, 0.058
10, 84, 0.000, 0.058
10, 85, 0.000, 0.056
10, 86, 0.000, 0.058
10, 87, 0.000, 0.057
10, 88, 0.000, 0.061
10, 89, 0.000, 0.057
10, 90, 0.000, 0.059
10, 91, 0.000, 0.057
10, 92, 0.000, 0.059
10, 93, 0.000, 0.057
10, 94, 0.000, 0.058
10, 95, 0.000, 0.057
10, 96, 0.000, 0.059
10, 97, 0.000, 0.058
10, 98, 0.000, 0.058
10, 99, 0.000, 0.057
10, 100, 0.000, 0.057
11, 0, 12.121, 0.001
11, 1, 42.358, 0.066
11, 2, 42.358, 0.059
11, 3, 30.236, 44.384
11, 4, 6.251, 61.761
11, 5, 0.000, 88.671
11, 6, 0.000, 0.057
11, 7, 0.000, 0.056
11, 8, 0.000, 0.058
11, 9, 0.000, 0.056
11, 10, 0.000, 0.058
11, 11, 0.000, 0.057
11, 12, 0.000, 0.058
11, 13, 0.000, 0.057
11, 14, 0.000, 0.058
11, 15, 0.000, 0.057
11, 16, 0.000, 0.058
11, 17, 0.000, 0.057
11, 18, 0.000, 0.058
11, 19, 0.000, 0.057
11, 20, 0.000, 0.057
11, 21, 0.000, 0.057
11, 22, 0.000, 0.058
11, 23, 0.000, 0.057
11, 24, 0.000, 0.057
11, 25, 0.000, 0.056
11, 26, 0.000, 0.058
11, 27, 0.000, 0.057
11, 28, 0.000, 0.057
11, 29, 0.000, 0.057
11, 30, 0.000, 0.057
11, 31, 0.000, 0.056
11, 32, 0.000, 0.058
11, 33, 0.000, 0.056
11, 34, 0.000, 0.057
11, 35, 0.000, 0.057
11, 36, 0.000, 0.057
11, 37, 0.000, 0.056
11, 38, 0.000, 0.057
11, 39, 0.000, 0.057
11, 40, 0.000, 0.057
11, 41, 0.000, 0.056
11, 42, 0.000, 0.056
11, 43, 0.000, 0.056
11, 44, 0.000, 0.056
11, 45, 0.000, 0.057
11, 46, 0.000, 0.057
11, 47, 0.000, 0.058
11, 48, 0.000, 0.056
11, 49, 0.000, 0.056
11, 50, 0.000, 0.057
11, 51, 0.000, 0.056
11, 52, 0.000, 0.057
11, 53, 0.000, 0.057
11, 54, 0.000, 0.057
11, 55, 0.000, 0.056
11, 56, 0.000, 0.057
11, 57, 0.000, 0.056
11, 58, 0.000, 0.056
11, 59, 0.000, 0.056
11, 60, 0.000, 0.058
11, 61, 0.000, 0.057
11, 62, 0.000, 0.057
11, 63, 0.000, 0.056
11, 64, 0.000, 0.058
11, 65, 0.000, 0.057
11, 66, 0.000, 0.057
11, 67, 0.000, 0.056
11, 68, 0.000, 0.056
11, 69, 0.000, 0.056
11, 70, 0.000, 0.057
11, 71, 0.000, 0.057
11, 72, 0.000, 0.057
11, 73, 0.000, 0.057
11, 74, 0.000, 0.058
11, 75, 0.000, 0.057
11, 76, 0.000, 0.057
11, 77, 0.000, 0.055
11, 78, 0.000, 0.057
11, 79, 0.000, 0.056
11, 80, 0.000, 0.057
11, 81, 0.000, 0.057
11, 82, 0.000, 0.057
11, 83, 0.000, 0.056
11, 84, 0.000, 0.057
11, 85, 0.000, 0.056
11, 86, 0.000, 0.058
11, 87, 0.000, 0.057
11, 88, 0.000, 0.056
11, 89, 0.000, 0.057
11, 90, 0.000, 0.057
11, 91, 0.000, 0.056
11, 92, 0.000, 0.058
11, 93, 0.000, 0.058
11, 94, 0.000, 0.057
11, 95, 0.000, 0.057
11, 96, 0.000, 0.057
11, 97, 0.000, 0.056
11, 98, 0.000, 0.056
11, 99, 0.000, 0.056
11, 100, 0.000, 0.057
12, 0, 73.663, 0.001
12, 1, 51.901, 0.066
12, 2, 51.901, 0.058
12, 3, 51.901, 17.086
12, 4, 43.534, 0.063
12, 5, 43.534, 0.056
12, 6, 43.534, 24.639
12, 7, 4.792, 95.618
12, 8, 0.000, 133.826
12, 9, 0.000, 0.058
12, 10, 0.000, 0.058
12, 11, 0.000, 0.056
12, 12, 0.000, 0.059
12, 13, 0.000, 0.057
12, 14, 0.000, 0.058
12, 15, 0.000, 0.057
12, 16, 0.000, 0.059
12, 17, 0.000, 0.057
12, 18, 0.000, 0.058
12, 19, 0.000, 0.057
12, 20, 0.000, 0.059
12, 21, 0.000, 0.056
12, 22, 0.000, 0.058
12, 23, 0.000, 0.056
12, 24, 0.000, 0.057
12, 25, 0.000, 0.057
12, 26, 0.000, 0.058
12, 27, 0.000, 0.057
12, 28, 0.000, 0.058
12, 29, 0.000, 0.056
12, 30, 0.000, 0.058
12, 31, 0.000, 0.057
12, 32, 0.000, 0.058
12, 33, 0.000, 0.055
12, 34, 0.000, 0.058
12, 35, 0.000, 0.057
12, 36, 0.000, 0.059
12, 37, 0.000, 0.057
12, 38, 0.000, 0.057
12, 39, 0.000, 0.056
12, 40, 0.000, 0.058
12, 41, 0.000, 0.056
12, 42, 0.000, 0.058
12, 43, 0.000, 0.056
12, 44, 0.000, 0.058
12, 45, 0.000, 0.056
12, 46, 0.000, 0.058
12, 47, 0.000, 0.057
12, 48, 0.000, 0.058
12, 49, 0.000, 0.056
12, 50, 0.000, 0.058
12, 51, 0.000, 0.058
12, 52, 0.000, 0.059
12, 53, 0.000, 0.057
12, 54, 0.000, 0.058
12, 55, 0.000, 0.057
12, 56, 0.000, 0.058
12, 57, 0.000, 0.055
12, 58, 0.000, 0.058
12, 59, 0.000, 0.056
12, 60, 0.000, 0.059
12, 61, 0.000, 0.057
12, 62, 0.000, 0.057
12, 63, 0.000, 0.056
12, 64, 0.000, 0.058
12, 65, 0.000, 0.056
12, 66, 0.000, 0.057
12, 67, 0.000, 0.056
12, 68, 0.000, 0.058
12, 69, 0.000, 0.056
12, 70, 0.000, 0.058
12, 71, 0.000, 0.057
12, 72, 0.000, 0.058
12, 73, 0.000, 0.056
12, 74, 0.000, 0.058
12, 75, 0.000, 0.057
12, 76, 0.000, 0.059
12, 77, 0.000, 0.057
12, 78, 0.000, 0.059
12, 79, 0.000, 0.057
12, 80, 0.000, 0.058
12, 81, 0.000, 0.056
12, 82, 0.000, 0.058
12, 83, 0.000, 0.057
12, 84, 0.000, 0.058
12, 85, 0.000, 0.056
12, 86, 0.000, 0.058
12, 87, 0.000, 0.057
12, 88, 0.000, 0.058
12, 89, 0.000, 0.056
12, 90, 0.000, 0.058
12, 91, 0.000, 0.057
12, 92, 0.000, 0.058
12, 93, 0.000, 0.058
12, 94, 0.000, 0.058
12, 95, 0.000, 0.057
12, 96, 0.000, 0.058
12, 97, 0.000, 0.057
12, 98, 0.000, 0.058
12, 99, 0.000, 0.057
12, 100, 0.000, 0.058
13, 0, 110.422, 0.001
13, 1, 15.406, 0.066
13, 2, 15.406, 0.059
13, 3, 15.406, 17.113
13, 4, 0.000, 0.056
13, 5, 0.000, 0.057
13, 6, 0.000, 25.295
13, 7, 0.000, 0.059
13, 8, 0.000, 0.058
13, 9, 0.000, 0.056
13, 10, 0.000, 0.057
13, 11, 0.000, 0.056
13, 12, 0.000, 0.059
13, 13, 0.000, 0.056
13, 14, 0.000, 0.059
13, 15, 0.000, 0.056
13, 16, 0.000, 0.059
13, 17, 0.000, 0.057
13, 18, 0.000, 0.058
13, 19, 0.000, 0.056
13, 20, 0.000, 0.058
13, 21, 0.000, 0.055
13, 22, 0.000, 0.058
13, 23, 0.000, 0.056
13, 24, 0.000, 0.058
13, 25, 0.000, 0.055
13, 26, 0.000, 0.058
13, 27, 0.000, 0.055
13, 28, 0.000, 0.059
13, 29, 0.000, 0.056
13, 30, 0.000, 0.059
13, 31, 0.000, 0.056
13, 32, 0.000, 0.058
13, 33, 0.000, 0.057
13, 34, 0.000, 0.059
13, 35, 0.000, 0.056
13, 36, 0.000, 0.058
13, 37, 0.000, 0.055
13, 38, 0.000, 0.060
13, 39, 0.000, 0.056
13, 40, 0.000, 0.059
13, 41, 0.000, 0.056
13, 42, 0.000, 0.059
13, 43, 0.000, 0.057
13, 44, 0.000, 0.058
13, 45, 0.000, 0.057
13, 46, 0.000, 0.059
13, 47, 0.000, 0.057
13, 48, 0.000, 0.059
13, 49, 0.000, 0.058
13, 50, 0.000, 0.062
13, 51, 0.000, 0.057
13, 52, 0.000, 0.058
13, 53, 0.000, 0.056
13, 54, 0.000, 0.058
13, 55, 0.000, 0.057
13, 56, 0.000, 0.056
13, 57, 0.000, 0.056
13, 58, 0.000, 0.057
13, 59, 0.000, 0.057
13, 60, 0.000, 0.057
13, 61, 0.000, 0.056
13, 62, 0.000, 0.057
13, 63, 0.000, 0.056
13, 64, 0.000, 0.057
13, 65, 0.000, 0.057
13, 66, 0.000, 0.057
13, 67, 0.000, 0.056
13, 68, 0.000, 0.058
13, 69, 0.000, 0.056
13, 70, 0.000, 0.058
13, 71, 0.000, 0.057
13, 72, 0.000, 0.058
13, 73, 0.000, 0.057
13, 74, 0.000, 0.057
13, 75, 0.000, 0.057
13, 76, 0.000, 0.057
13, 77, 0.000, 0.057
13, 78, 0.000, 0.057
13, 79, 0.000, 0.056
13, 80, 0.000, 0.061
13, 81, 0.000, 0.057
13, 82, 0.000, 0.059
13, 83, 0.000, 0.058
13, 84, 0.000, 0.059
13, 85, 0.000, 0.058
13, 86, 0.000, 0.058
13, 87, 0.000, 0.057
13, 88, 0.000, 0.059
13, 89, 0.000, 0.058
13, 90, 0.000, 0.059
13, 91, 0.000, 0.057
13, 92, 0.000, 0.059
13, 93, 0.000, 0.058
13, 94, 0.000, 0.059
13, 95, 0.000, 0.058
13, 96, 0.000, 0.058
13, 97, 0.000, 0.058
13, 98, 0.000, 0.058
13, 99, 0.000, 0.058
13, 100, 0.000, 0.059
14, 0, 1.327, 0.001
14, 1, 43.629, 0.067
14, 2, 43.629, 0.058
14, 3, 43.629, 17.050
14, 4, 43.629, 0.058
14, 5, 43.629, 0.056
14, 6, 0.000, 79.258
14, 7, 0.000, 0.056
14, 8, 0.000, 0.058
14, 9, 0.000, 0.056
14, 10, 0.000, 0.058
14, 11, 0.000, 0.057
14, 12, 0.000, 0.058
14, 13, 0.000, 281.296
14, 14, 0.000, 0.061
14, 15, 0.000, 0.056
14, 16, 0.000, 0.057
14, 17, 0.000, 0.056
14, 18, 0.000, 0.057
14, 19, 0.000, 0.057
14, 20, 0.000, 0.057
14, 21, 0.000, 0.056
14, 22, 0.000, 34.739
14, 23, 0.000, 0.058
14, 24, 0.000, 0.057
14, 25, 0.000, 0.057
14, 26, 0.000, 0.056
14, 27, 0.000, 0.056
14, 28, 0.000, 0.058
14, 29, 0.000, 0.057
14, 30, 0.000, 0.058
14, 31, 0.000, 0.057
14, 32, 0.000, 0.058
14, 33, 0.000, 0.056
14, 34, 0.000, 0.058
14, 35, 0.000, 0.056
14, 36, 0.000, 0.058
14, 37, 0.000, 0.056
14, 38, 0.000, 0.058
14, 39, 0.000, 0.057
14, 40, 0.000, 0.057
14, 41, 0.000, 0.057
14, 42, 0.000, 0.057
14, 43, 0.000, 0.057
14, 44, 0.000, 0.058
14, 45, 0.000, 0.058
14, 46, 0.000, 0.057
14, 47, 0.000, 0.057
14, 48, 0.000, 0.058
14, 49, 0.000, 0.057
14, 50, 0.000, 0.058
14, 51, 0.000, 0.056
14, 52, 0.000, 0.058
14, 53, 0.000, 0.057
14, 54, 0.000, 0.057
14, 55, 0.000, 0.056
14, 56, 0.000, 0.057
14, 57, 0.000, 0.056
14, 58, 0.000, 0.057
14, 59, 0.000, 0.056
14, 60, 0.000, 0.057
14, 61, 0.000, 0.057
14, 62, 0.000, 0.058
14, 63, 0.000, 0.056
14, 64, 0.000, 0.058
14, 65, 0.000, 0.057
14, 66, 0.000, 0.057
14, 67, 0.000, 0.056
14, 68, 0.000, 0.058
14, 69, 0.000, 0.057
14, 70, 0.000, 0.058
14, 71, 0.000, 0.057
14, 72, 0.000, 162.001
14, 73, 0.000, 0.055
14, 74, 0.000, 0.058
14, 75, 0.000, 0.056
14, 76, 0.000, 0.057
14, 77, 0.000, 0.057
14, 78, 0.000, 0.058
14, 79, 0.000, 0.057
14, 80, 0.000, 0.058
14, 81, 0.000, 0.057
14, 82, 0.000, 0.057
14, 83, 0.000, 0.057
14, 84, 0.000, 0.058
14, 85, 0.000, 0.058
14, 86, 0.000, 0.058
14, 87, 0.000, 0.057
14, 88, 0.000, 0.058
14, 89, 0.000, 0.058
14, 90, 0.000, 0.058
14, 91, 0.000, 0.056
14, 92, 0.000, 0.057
14, 93, 0.000, 0.057
14, 94, 0.000, 0.058
14, 95, 0.000, 0.056
14, 96, 0.000, 0.058
14, 97, 0.000, 0.057
14, 98, 0.000, 0.058
14, 99, 0.000, 0.057
14, 100, 0.000, 0.058
15, 0, 45.360, 0.001
15, 1, 0.000, 0.066
15, 2, 0.000, 0.059
15, 3, 0.000, 25.617
15, 4, 0.000, 0.057
15, 5, 0.000, 0.057
15, 6, 0.000, 0.056
15, 7, 0.000, 0.055
15, 8, 0.000, 29.386
15, 9, 0.000, 0.057
15, 10, 0.000, 0.058
15, 11, 0.000, 0.057
15, 12, 0.000, 0.059
15, 13, 0.000, 0.056
15, 14, 0.000, 0.058
15, 15, 0.000, 0.057
15, 16, 0.000, 343.651
15, 17, 0.000, 0.054
15, 18, 0.000, 0.055
15, 19, 0.000, 0.054
15, 20, 0.000, 0.057
15, 21, 0.000, 0.055
15, 22, 0.000, 0.058
15, 23, 0.000, 0.057
15, 24, 0.000, 0.058
15, 25, 0.000, 0.056
15, 26, 0.000, 0.057
15, 27, 0.000, 0.055
15, 28, 0.000, 0.057
15, 29, 0.000, 0.056
15, 30, 0.000, 0.057
15, 31, 0.000, 0.057
15, 32, 0.000, 0.057
15, 33, 0.000, 0.056
15, 34, 0.000, 0.056
15, 35, 0.000, 0.058
15, 36, 0.000, 0.058
15, 37, 0.000, 0.056
15, 38, 0.000, 0.057
15, 39, 0.000, 0.056
15, 40, 0.000, 0.057
15, 41, 0.000, 0.056
15, 42, 0.000, 0.057
15, 43, 0.000, 0.056
15, 44, 0.000, 0.057
15, 45, 0.000, 0.057
15, 46, 0.000, 0.057
15, 47, 0.000, 0.056
15, 48, 0.000, 0.057
15, 49, 0.000, 0.057
15, 50, 0.000, 0.058
15, 51, 0.000, 0.055
15, 52, 0.000, 0.056
15, 53, 0.000, 0.056
15, 54, 0.000, 0.056
15, 55, 0.000, 0.056
15, 56, 0.000, 0.057
15, 57, 0.000, 0.057
15, 58, 0.000, 0.057
15, 59, 0.000, 0.057
15, 60, 0.000, 0.057
15, 61, 0.000, 0.057
15, 62, 0.000, 0.057
15, 63, 0.000, 0.057
15, 64, 0.000, 0.058
15, 65, 0.000, 0.056
15, 66, 0.000, 0.057
15, 67, 0.000, 0.056
15, 68, 0.000, 0.056
15, 69, 0.000, 0.057
15, 70, 0.000, 0.057
15, 71, 0.000, 0.056
15, 72, 0.000, 0.058
15, 73, 0.000, 0.057
15, 74, 0.000, 0.057
15, 75, 0.000, 0.056
15, 76, 0.000, 0.057
15, 77, 0.000, 0.057
15, 78, 0.000, 0.056
15, 79, 0.000, 629.379
15, 80, 0.000, 0.058
15, 81, 0.000, 0.055
15, 82, 0.000, 0.058
15, 83, 0.000, 0.055
15, 84, 0.000, 0.058
15, 85, 0.000, 0.056
15, 86, 0.000, 0.058
15, 87, 0.000, 0.057
15, 88, 0.000, 0.058
15, 89, 0.000, 0.056
15, 90, 0.000, 0.058
15, 91, 0.000, 0.057
15, 92, 0.000, 0.058
15, 93, 0.000, 0.057
15, 94, 0.000, 0.058
15, 95, 0.000, 0.057
15, 96, 0.000, 0.057
15, 97, 0.000, 0.056
15, 98, 0.000, 0.058
15, 99, 0.000, 0.056
15, 100, 0.000, 0.058
16, 0, 55.652, 0.001
16, 1, 43.695, 0.066
16, 2, 43.695, 0.059
16, 3, 43.695, 17.053
16, 4, 4.433, 0.057
16, 5, 4.433, 0.056
16, 6, 0.000, 83.083
16, 7, 0.000, 0.054
16, 8, 0.000, 0.058
16, 9, 0.000, 0.055
16, 10, 0.000, 0.058
16, 11, 0.000, 0.055
16, 12, 0.000, 0.058
16, 13, 0.000, 0.056
16, 14, 0.000, 0.058
16, 15, 0.000, 0.056
16, 16, 0.000, 0.058
16, 17, 0.000, 0.055
16, 18, 0.000, 0.057
16, 19, 0.000, 0.056
16, 20, 0.000, 0.058
16, 21, 0.000, 0.056
16, 22, 0.000, 0.057
16, 23, 0.000, 0.057
16, 24, 0.000, 0.057
16, 25, 0.000, 0.056
16, 26, 0.000, 0.058
16, 27, 0.000, 0.056
16, 28, 0.000, 0.057
16, 29, 0.000, 0.056
16, 30, 0.000, 0.059
16, 31, 0.000, 0.056
16, 32, 0.000, 0.058
16, 33, 0.000, 0.057
16, 34, 0.000, 0.057
16, 35, 0.000, 0.055
16, 36, 0.000, 0.058
16, 37, 0.000, 0.056
16, 38, 0.000, 0.058
16, 39, 0.000, 0.057
16, 40, 0.000, 0.058
16, 41, 0.000, 0.057
16, 42, 0.000, 0.058
16, 43, 0.000, 0.056
16, 44, 0.000, 0.058
16, 45, 0.000, 0.057
16, 46, 0.000, 0.057
16, 47, 0.000, 0.056
16, 48, 0.000, 0.058
16, 49, 0.000, 0.057
16, 50, 0.000, 0.059
16, 51, 0.000, 0.056
16, 52, 0.000, 0.058
16, 53, 0.000, 0.057
16, 54, 0.000, 0.057
16, 55, 0.000, 0.056
16, 56, 0.000, 0.059
16, 57, 0.000, 0.056
16, 58, 0.000, 0.058
16, 59, 0.000, 0.057
16, 60, 0.000, 0.058
16, 61, 0.000, 0.056
16, 62, 0.000, 0.058
16, 63, 0.000, 0.056
16, 64, 0.000, 0.058
16, 65, 0.000, 0.056
16, 66, 0.000, 0.057
16, 67, 0.000, 0.056
16, 68, 0.000, 0.058
16, 69, 0.000, 0.056
16, 70, 0.000, 0.057
16, 71, 0.000, 0.057
16, 72, 0.000, 0.058
16, 73, 0.000, 0.056
16, 74, 0.000, 0.058
16, 75, 0.000, 0.057
16, 76, 0.000, 0.057
16, 77, 0.000, 0.057
16, 78, 0.000, 0.057
16, 79, 0.000, 0.056
16, 80, 0.000, 0.057
16, 81, 0.000, 0.056
16, 82, 0.000, 0.059
16, 83, 0.000, 0.056
16, 84, 0.000, 0.058
16, 85, 0.000, 0.056
16, 86, 0.000, 0.059
16, 87, 0.000, 0.057
16, 88, 0.000, 0.058
16, 89, 0.000, 0.056
16, 90, 0.000, 0.059
16, 91, 0.000, 0.056
16, 92, 0.000, 0.058
16, 93, 0.000, 0.056
16, 94, 0.000, 0.059
16, 95, 0.000, 0.057
16, 96, 0.000, 0.059
16, 97, 0.000, 0.057
16, 98, 0.000, 0.058
16, 99, 0.000, 0.057
16, 100, 0.000, 0.057
17, 0, 54.924, 0.001
17, 1, 35.986, 0.066
17, 2, 35.986, 0.059
17, 3, 0.000, 43.900
17, 4, 0.000, 0.060
17, 5, 0.000, 0.055
17, 6, 0.000, 0.058
17, 7, 0.000, 0.057
17, 8, 0.000, 0.059
17, 9, 0.000, 0.057
17, 10, 0.000, 0.058
17, 11, 0.000, 0.058
17, 12, 0.000, 0.056
17, 13, 0.000, 0.056
17, 14, 0.000, 0.059
17, 15, 0.000, 0.056
17, 16, 0.000, 0.058
17, 17, 0.000, 0.056
17, 18, 0.000, 0.059
17, 19, 0.000, 0.057
17, 20, 0.000, 0.058
17, 21, 0.000, 0.056
17, 22, 0.000, 0.059
17, 23, 0.000, 0.056
17, 24, 0.000, 0.058
17, 25, 0.000, 0.058
17, 26, 0.000, 0.059
17, 27, 0.000, 0.058
17, 28, 0.000, 0.059
17, 29, 0.000, 0.057
17, 30, 0.000, 0.060
17, 31, 0.000, 0.056
17, 32, 0.000, 0.058
17, 33, 0.000, 0.057
17, 34, 0.000, 0.058
17, 35, 0.000, 0.057
17, 36, 0.000, 0.058
17, 37, 0.000, 0.056
17, 38, 0.000, 0.058
17, 39, 0.000, 0.057
17, 40, 0.000, 0.058
17, 41, 0.000, 0.056
17, 42, 0.000, 0.058
17, 43, 0.000, 0.056
17, 44, 0.000, 0.059
17, 45, 0.000, 0.056
17, 46, 0.000, 0.059
17, 47, 0.000, 0.058
17, 48, 0.000, 0.058
17, 49, 0.000, 0.056
17, 50, 0.000, 0.058
17, 51, 0.000, 0.057
17, 52, 0.000, 0.059
17, 53, 0.000, 0.057
17, 54, 0.000, 0.059
17, 55, 0.000, 0.057
17, 56, 0.000, 0.058
17, 57, 0.000, 0.056
17, 58, 0.000, 0.059
17, 59, 0.000, 0.057
17, 60, 0.000, 0.059
17, 61, 0.000, 0.056
17, 62, 0.000, 0.059
17, 63, 0.000, 0.057
17, 64, 0.000, 0.059
17, 65, 0.000, 0.057
17, 66, 0.000, 0.059
17, 67, 0.000, 0.056
17, 68, 0.000, 0.058
17, 69, 0.000, 0.056
17, 70, 0.000, 0.059
17, 71, 0.000, 0.055
17, 72, 0.000, 0.058
17, 73, 0.000, 0.056
17, 74, 0.000, 0.058
17, 75, 0.000, 0.056
17, 76, 0.000, 0.060
17, 77, 0.000, 0.057
17, 78, 0.000, 0.059
17, 79, 0.000, 0.057
17, 80, 0.000, 0.059
17, 81, 0.000, 0.057
17, 82, 0.000, 0.059
17, 83, 0.000, 0.056
17, 84, 0.000, 0.058
17, 85, 0.000, 0.057
17, 86, 0.000, 0.059
17, 87, 0.000, 0.056
17, 88, 0.000, 0.058
17, 89, 0.000, 0.056
17, 90, 0.000, 0.058
17, 91, 0.000, 0.056
17, 92, 0.000, 0.058
17, 93, 0.000, 0.056
17, 94, 0.000, 0.059
17, 95, 0.000, 0.056
17, 96, 0.000, 0.059
17, 97, 0.000, 0.057
17, 98, 0.000, 0.059
17, 99, 0.000, 0.057
17, 100, 0.000, 0.059
18, 0, 33.184, 0.001
18, 1, 23.539, 0.066
18, 2, 23.539, 0.059
18, 3, 23.539, 16.859
18, 4, 23.539, 0.059
18, 5, 23.539, 0.054
18, 6, 0.000, 71.921
18, 7, 1.856, 0.055
18, 8, 1.856, 16.059
18, 9, 0.000, 191.276
18, 10, 0.000, 0.057
18, 11, 0.000, 0.056
18, 12, 0.000, 0.057
18, 13, 0.000, 0.056
18, 14, 0.000, 0.058
18, 15, 0.000, 0.057
18, 16, 0.000, 0.057
18, 17, 0.000, 0.056
18, 18, 0.000, 0.058
18, 19, 0.000, 0.056
18, 20, 0.000, 0.058
18, 21, 0.000, 0.057
18, 22, 0.000, 0.058
18, 23, 0.000, 0.057
18, 24, 0.000, 0.058
18, 25, 0.000, 0.056
18, 26, 0.000, 0.058
18, 27, 0.000, 0.058
18, 28, 0.000, 0.057
18, 29, 0.000, 0.057
18, 30, 0.000, 0.058
18, 31, 0.000, 0.058
18, 32, 0.000, 0.057
18, 33, 0.000, 0.055
18, 34, 0.000, 0.058
18, 35, 0.000, 0.057
18, 36, 0.000, 0.057
18, 37, 0.000, 0.055
18, 38, 0.000, 0.057
18, 39, 0.000, 0.056
18, 40, 0.000, 0.057
18, 41, 0.000, 0.056
18, 42, 0.000, 0.057
18, 43, 0.000, 0.056
18, 44, 0.000, 0.057
18, 45, 0.000, 0.055
18, 46, 0.000, 374.373
18, 47, 0.000, 0.055
18, 48, 0.000, 0.058
18, 49, 0.000, 0.055
18, 50, 0.000, 0.058
18, 51, 0.000, 0.057
18, 52, 0.000, 0.058
18, 53, 0.000, 0.057
18, 54, 0.000, 0.057
18, 55, 0.000, 0.057
18, 56, 0.000, 0.058
18, 57, 0.000, 0.057
18, 58, 0.000, 0.057
18, 59, 0.000, 0.056
18, 60, 0.000, 0.058
18, 61, 0.000, 0.056
18, 62, 0.000, 0.057
18, 63, 0.000, 0.057
18, 64, 0.000, 0.058
18, 65, 0.000, 0.056
18, 66, 0.000, 0.057
18, 67, 0.000, 0.057
18, 68, 0.000, 0.057
18, 69, 0.000, 0.056
18, 70, 0.000, 0.057
18, 71, 0.000, 0.056
18, 72, 0.000, 0.057
18, 73, 0.000, 0.056
18, 74, 0.000, 0.057
18, 75, 0.000, 0.056
18, 76, 0.000, 0.057
18, 77, 0.000, 0.056
18, 78, 0.000, 0.057
18, 79, 0.000, 0.056
18, 80, 0.000, 0.057
18, 81, 0.000, 0.056
18, 82, 0.000, 0.057
18, 83, 0.000, 0.056
18, 84, 0.000, 0.056
18, 85, 0.000, 0.056
18, 86, 0.000, 0.057
18, 87, 0.000, 0.055
18, 88, 0.000, 0.057
18, 89, 0.000, 0.055
18, 90, 0.000, 0.056
18, 91, 0.000, 0.056
18, 92, 0.000, 0.057
18, 93, 0.000, 0.057
18, 94, 0.000, 0.057
18, 95, 0.000, 0.055
18, 96, 0.000, 0.057
18, 97, 0.000, 0.055
18, 98, 0.000, 0.057
18, 99, 0.000, 0.056
18, 100, 0.000, 0.057
19, 0, 62.450, 0.001
19, 1, 64.536, 0.066
19, 2, 50.210, 32.526
19, 3, 20.975, 0.056
19, 4, 20.975, 0.058
19, 5, 20.975, 17.916
19, 6, 20.975, 0.059
19, 7, 0.000, 112.934
19, 8, 0.000, 0.056
19, 9, 0.000, 0.057
19, 10, 0.000, 0.058
19, 11, 0.000, 0.055
19, 12, 0.000, 0.058
19, 13, 0.000, 0.057
19, 14, 0.000, 0.059
19, 15, 0.000, 0.058
19, 16, 0.000, 0.057
19, 17, 0.000, 0.055
19, 18, 0.000, 0.056
19, 19, 0.000, 0.057
19, 20, 0.000, 0.057
19, 21, 0.000, 0.057
19, 22, 0.000, 0.058
19, 23, 0.000, 0.056
19, 24, 0.000, 0.057
19, 25, 0.000, 0.056
19, 26, 0.000, 0.057
19, 27, 0.000, 0.057
19, 28, 0.000, 0.058
19, 29, 0.000, 0.057
19, 30, 0.000, 0.057
19, 31, 0.000, 0.057
19, 32, 0.000, 0.058
19, 33, 0.000, 0.056
19, 34, 0.000, 0.058
19, 35, 0.000, 0.056
19, 36, 0.000, 0.056
19, 37, 0.000, 0.056
19, 38, 0.000, 0.057
19, 39, 0.000, 0.056
19, 40, 0.000, 0.059
19, 41, 0.000, 0.057
19, 42, 0.000, 0.059
19, 43, 0.000, 0.058
19, 44, 0.000, 0.059
19, 45, 0.000, 0.056
19, 46, 0.000, 0.058
19, 47, 0.000, 0.058
19, 48, 0.000, 0.058
19, 49, 0.000, 0.058
19, 50, 0.000, 0.058
19, 51, 0.000, 0.057
19, 52, 0.000, 0.059
19, 53, 0.000, 0.058
19, 54, 0.000, 0.059
19, 55, 0.000, 0.057
19, 56, 0.000, 0.059
19, 57, 0.000, 0.058
19, 58, 0.000, 0.058
19, 59, 0.000, 0.057
19, 60, 0.000, 0.059
19, 61, 0.000, 0.058
19, 62, 0.000, 0.058
19, 63, 0.000, 0.057
19, 64, 0.000, 0.058
19, 65, 0.000, 0.056
19, 66, 0.000, 0.058
19, 67, 0.000, 0.057
19, 68, 0.000, 0.057
19, 69, 0.000, 0.056
19, 70, 0.000, 0.059
19, 71, 0.000, 0.057
19, 72, 0.000, 0.058
19, 73, 0.000, 0.057
19, 74, 0.000, 0.058
19, 75, 0.000, 0.057
19, 76, 0.000, 0.058
19, 77, 0.000, 0.057
19, 78, 0.000, 0.057
19, 79, 0.000, 0.057
19, 80, 0.000, 0.058
19, 81, 0.000, 0.056
19, 82, 0.000, 0.058
19, 83, 0.000, 0.058
19, 84, 0.000, 0.058
19, 85, 0.000, 0.056
19, 86, 0.000, 0.058
19, 87, 0.000, 0.057
19, 88, 0.000, 0.058
19, 89, 0.000, 0.057
19, 90, 0.000, 0.058
19, 91, 0.000, 0.057
19, 92, 0.000, 0.058
19, 93, 0.000, 0.056
19, 94, 0.000, 0.058
19, 95, 0.000, 0.057
19, 96, 0.000, 0.057
19, 97, 0.000, 0.056
19, 98, 0.000, 0.058
19, 99, 0.000, 0.056
19, 100, 0.000, 0.057
20, 0, 107.764, 0.001
20, 1, 67.494, 0.066
20, 2, 67.494, 0.060
20, 3, 51.207, 44.136
20, 4, 51.207, 0.059
20, 5, 51.207, 0.056
20, 6, 0.000, 75.040
20, 7, 0.000, 0.057
20, 8, 0.000, 0.057
20, 9, 0.000, 0.057
20, 10, 0.000, 0.057
20, 11, 0.000, 0.057
20, 12, 0.000, 0.057
20, 13, 0.000, 0.056
20, 14, 0.000, 0.057
20, 15, 0.000, 0.056
20, 16, 0.000, 0.057
20, 17, 0.000, 0.057
20, 18, 0.000, 0.058
20, 19, 0.000, 0.057
20, 20, 0.000, 0.058
20, 21, 0.000, 0.057
20, 22, 0.000, 0.058
20, 23, 0.000, 0.057
20, 24, 0.000, 0.057
20, 25, 0.000, 0.057
20, 26, 0.000, 0.058
20, 27, 0.000, 0.057
20, 28, 0.000, 0.058
20, 29, 0.000, 0.057
20, 30, 0.000, 0.057
20, 31, 0.000, 0.055
20, 32, 0.000, 0.058
20, 33, 0.000, 0.056
20, 34, 0.000, 0.056
20, 35, 0.000, 0.056
20, 36, 0.000, 0.057
20, 37, 0.000, 0.057
20, 38, 0.000, 0.057
20, 39, 0.000, 0.056
20, 40, 0.000, 0.057
20, 41, 0.000, 0.056
20, 42, 0.000, 0.057
20, 43, 0.000, 0.056
20, 44, 0.000, 0.057
20, 45, 0.000, 0.056
20, 46, 0.000, 0.056
20, 47, 0.000, 0.055
20, 48, 0.000, 0.057
20, 49, 0.000, 0.056
20, 50, 0.000, 0.056
20, 51, 0.000, 0.056
20, 52, 0.000, 0.057
20, 53, 0.000, 0.056
20, 54, 0.000, 0.057
20, 55, 0.000, 0.057
20, 56, 0.000, 0.057
20, 57, 0.000, 0.056
20, 58, 0.000, 0.057
20, 59, 0.000, 0.056
20, 60, 0.000, 0.057
20, 61, 0.000, 0.056
20, 62, 0.000, 0.056
20, 63, 0.000, 0.057
20, 64, 0.000, 0.057
20, 65, 0.000, 0.056
20, 66, 0.000, 0.057
20, 67, 0.000, 0.057
20, 68, 0.000, 0.059
20, 69, 0.000, 0.055
20, 70, 0.000, 0.057
20, 71, 0.000, 0.056
20, 72, 0.000, 0.057
20, 73, 0.000, 0.056
20, 74, 0.000, 0.058
20, 75, 0.000, 0.056
20, 76, 0.000, 0.058
20, 77, 0.000, 0.056
20, 78, 0.000, 0.058
20, 79, 0.000, 0.055
20, 80, 0.000, 0.055
20, 81, 0.000, 0.055
20, 82, 0.000, 0.058
20, 83, 0.000, 0.056
20, 84, 0.000, 0.057
20, 85, 0.000, 0.055
20, 86, 0.000, 0.057
20, 87, 0.000, 0.056
20, 88, 0.000, 0.057
20, 89, 0.000, 0.056
20, 90, 0.000, 0.056
20, 91, 0.000, 0.056
20, 92, 0.000, 0.057
20, 93, 0.000, 0.055
20, 94, 0.000, 0.057
20, 95, 0.000, 0.055
20, 96, 0.000, 0.057
20, 97, 0.000, 0.056
20, 98, 0.000, 0.056
20, 99, 0.000, 0.056
20, 100, 0.000, 0.057
