Run, Query, Loss, Time
1, 0, 50.483, 0.340
1, 1, 8.612, 0.193
1, 2, 8.612, 0.044
1, 3, 8.612, 14.591
1, 4, 8.612, 0.034
1, 5, 8.612, 0.026
1, 6, 8.612, 0.028
1, 7, 8.612, 12.629
1, 8, 8.612, 0.026
1, 9, 0.000, 0.027
1, 10, 0.000, 0.027
1, 11, 0.000, 0.026
1, 12, 0.000, 1.662
1, 13, 0.000, 0.029
1, 14, 0.000, 0.033
1, 15, 0.000, 0.031
1, 16, 0.000, 0.032
1, 17, 0.000, 0.026
1, 18, 0.000, 0.029
1, 19, 0.000, 0.031
1, 20, 0.000, 0.026
1, 21, 0.000, 0.033
1, 22, 0.000, 0.031
1, 23, 0.000, 0.027
1, 24, 0.000, 0.064
1, 25, 0.000, 0.037
1, 26, 0.000, 0.061
1, 27, 0.000, 0.061
1, 28, 0.000, 0.029
1, 29, 0.000, 0.059
1, 30, 0.000, 0.062
1, 31, 0.000, 0.062
1, 32, 0.000, 0.065
1, 33, 0.000, 0.033
1, 34, 0.000, 0.069
1, 35, 0.000, 0.068
1, 36, 0.000, 0.068
1, 37, 0.000, 0.061
1, 38, 0.000, 0.067
1, 39, 0.000, 0.068
1, 40, 0.000, 0.067
1, 41, 0.000, 0.068
1, 42, 0.000, 0.068
1, 43, 0.000, 0.068
1, 44, 0.000, 0.068
1, 45, 0.000, 0.068
1, 46, 0.000, 0.068
1, 47, 0.000, 0.068
1, 48, 0.000, 0.068
1, 49, 0.000, 0.068
1, 50, 0.000, 0.068
1, 51, 0.000, 0.068
1, 52, 0.000, 0.068
1, 53, 0.000, 0.069
1, 54, 0.000, 0.068
1, 55, 0.000, 0.068
1, 56, 0.000, 0.068
1, 57, 0.000, 0.068
1, 58, 0.000, 0.068
1, 59, 0.000, 0.068
1, 60, 0.000, 0.068
1, 61, 0.000, 0.068
1, 62, 0.000, 0.068
1, 63, 0.000, 0.068
1, 64, 0.000, 0.068
1, 65, 0.000, 0.068
1, 66, 0.000, 0.068
1, 67, 0.000, 0.068
1, 68, 0.000, 0.068
1, 69, 0.000, 0.068
1, 70, 0.000, 0.068
1, 71, 0.000, 0.068
1, 72, 0.000, 0.068
1, 73, 0.000, 0.068
1, 74, 0.000, 0.068
1, 75, 0.000, 0.068
1, 76, 0.000, 0.068
1, 77, 0.000, 0.069
1, 78, 0.000, 0.068
1, 79, 0.000, 0.067
1, 80, 0.000, 0.068
1, 81, 0.000, 0.067
1, 82, 0.000, 0.068
1, 83, 0.000, 0.067
1, 84, 0.000, 0.067
1, 85, 0.000, 0.067
1, 86, 0.000, 0.067
1, 87, 0.000, 0.067
1, 88, 0.000, 0.068
1, 89, 0.000, 0.067
1, 90, 0.000, 0.068
1, 91, 0.000, 0.068
1, 92, 0.000, 0.067
1, 93, 0.000, 0.067
1, 94, 0.000, 0.067
1, 95, 0.000, 0.067
1, 96, 0.000, 0.068
1, 97, 0.000, 0.067
1, 98, 0.000, 0.067
1, 99, 0.000, 0.067
1, 100, 0.000, 0.068
2, 0, 213.401, 0.003
2, 1, 49.828, 0.035
2, 2, 49.828, 0.027
2, 3, 49.828, 11.051
2, 4, 49.828, 0.026
2, 5, 49.828, 0.025
2, 6, 49.828, 0.026
2, 7, 6.045, 44.361
2, 8, 0.000, 73.808
2, 9, 0.000, 0.027
2, 10, 0.000, 0.026
2, 11, 0.000, 0.025
2, 12, 0.000, 0.026
2, 13, 0.000, 0.027
2, 14, 0.000, 0.028
2, 15, 0.000, 0.025
2, 16, 0.000, 0.026
2, 17, 0.000, 0.025
2, 18, 0.000, 0.028
2, 19, 0.000, 0.033
2, 20, 0.000, 0.034
2, 21, 0.000, 0.029
2, 22, 0.000, 0.033
2, 23, 0.000, 0.032
2, 24, 0.000, 0.046
2, 25, 0.000, 0.036
2, 26, 0.000, 0.030
2, 27, 0.000, 0.044
2, 28, 0.000, 0.062
2, 29, 0.000, 0.051
2, 30, 0.000, 0.033
2, 31, 0.000, 0.054
2, 32, 0.000, 0.062
2, 33, 0.000, 0.061
2, 34, 0.000, 0.062
2, 35, 0.000, 0.068
2, 36, 0.000, 0.062
2, 37, 0.000, 0.068
2, 38, 0.000, 0.069
2, 39, 0.000, 0.067
2, 40, 0.000, 0.068
2, 41, 0.000, 0.067
2, 42, 0.000, 0.068
2, 43, 0.000, 0.067
2, 44, 0.000, 0.030
2, 45, 0.000, 0.056
2, 46, 0.000, 0.069
2, 47, 0.000, 0.061
2, 48, 0.000, 0.068
2, 49, 0.000, 0.068
2, 50, 0.000, 0.069
2, 51, 0.000, 0.068
2, 52, 0.000, 0.068
2, 53, 0.000, 0.068
2, 54, 0.000, 0.069
2, 55, 0.000, 0.068
2, 56, 0.000, 0.068
2, 57, 0.000, 0.067
2, 58, 0.000, 0.070
2, 59, 0.000, 0.068
2, 60, 0.000, 0.068
2, 61, 0.000, 0.067
2, 62, 0.000, 0.068
2, 63, 0.000, 0.067
2, 64, 0.000, 0.068
2, 65, 0.000, 0.067
2, 66, 0.000, 0.069
2, 67, 0.000, 0.068
2, 68, 0.000, 0.068
2, 69, 0.000, 0.067
2, 70, 0.000, 0.068
2, 71, 0.000, 0.067
2, 72, 0.000, 0.068
2, 73, 0.000, 0.067
2, 74, 0.000, 0.068
2, 75, 0.000, 0.067
2, 76, 0.000, 0.068
2, 77, 0.000, 0.067
2, 78, 0.000, 0.068
2, 79, 0.000, 0.068
2, 80, 0.000, 0.068
2, 81, 0.000, 0.069
2, 82, 0.000, 0.068
2, 83, 0.000, 0.067
2, 84, 0.000, 0.068
2, 85, 0.000, 0.067
2, 86, 0.000, 0.068
2, 87, 0.000, 0.067
2, 88, 0.000, 0.069
2, 89, 0.000, 0.067
2, 90, 0.000, 0.069
2, 91, 0.000, 0.067
2, 92, 0.000, 0.069
2, 93, 0.000, 0.068
2, 94, 0.000, 0.068
2, 95, 0.000, 0.067
2, 96, 0.000, 0.068
2, 97, 0.000, 0.067
2, 98, 0.000, 0.068
2, 99, 0.000, 0.069
2, 100, 0.000, 0.068
3, 0, 17.854, 0.003
3, 1, 5.440, 0.041
3, 2, 5.440, 0.026
3, 3, 5.440, 0.025
3, 4, 5.440, 15.969
3, 5, 0.000, 0.024
3, 6, 0.000, 0.029
3, 7, 0.000, 0.028
3, 8, 0.000, 14.653
3, 9, 0.000, 0.025
3, 10, 0.000, 0.026
3, 11, 0.000, 0.026
3, 12, 0.000, 0.026
3, 13, 0.000, 0.026
3, 14, 0.000, 0.028
3, 15, 0.000, 0.025
3, 16, 0.000, 0.029
3, 17, 0.000, 0.028
3, 18, 0.000, 0.035
3, 19, 0.000, 0.033
3, 20, 0.000, 0.027
3, 21, 0.000, 0.028
3, 22, 0.000, 0.030
3, 23, 0.000, 0.029
3, 24, 0.000, 0.038
3, 25, 0.000, 0.027
3, 26, 0.000, 0.027
3, 27, 0.000, 0.030
3, 28, 0.000, 0.033
3, 29, 0.000, 0.038
3, 30, 0.000, 0.036
3, 31, 0.000, 0.030
3, 32, 0.000, 0.031
3, 33, 0.000, 0.059
3, 34, 0.000, 0.061
3, 35, 0.000, 0.049
3, 36, 0.000, 0.062
3, 37, 0.000, 0.067
3, 38, 0.000, 0.068
3, 39, 0.000, 0.046
3, 40, 0.000, 0.049
3, 41, 0.000, 0.068
3, 42, 0.000, 0.062
3, 43, 0.000, 0.061
3, 44, 0.000, 0.049
3, 45, 0.000, 0.067
3, 46, 0.000, 0.056
3, 47, 0.000, 0.061
3, 48, 0.000, 0.062
3, 49, 0.000, 0.032
3, 50, 0.000, 0.047
3, 51, 0.000, 0.068
3, 52, 0.000, 0.068
3, 53, 0.000, 0.067
3, 54, 0.000, 0.068
3, 55, 0.000, 0.061
3, 56, 0.000, 0.068
3, 57, 0.000, 0.061
3, 58, 0.000, 0.068
3, 59, 0.000, 0.067
3, 60, 0.000, 0.068
3, 61, 0.000, 0.068
3, 62, 0.000, 0.068
3, 63, 0.000, 0.071
3, 64, 0.000, 0.069
3, 65, 0.000, 0.068
3, 66, 0.000, 0.068
3, 67, 0.000, 0.068
3, 68, 0.000, 0.069
3, 69, 0.000, 0.068
3, 70, 0.000, 0.068
3, 71, 0.000, 0.068
3, 72, 0.000, 0.068
3, 73, 0.000, 0.067
3, 74, 0.000, 0.068
3, 75, 0.000, 0.067
3, 76, 0.000, 0.068
3, 77, 0.000, 0.067
3, 78, 0.000, 0.068
3, 79, 0.000, 0.067
3, 80, 0.000, 0.068
3, 81, 0.000, 0.067
3, 82, 0.000, 0.069
3, 83, 0.000, 0.068
3, 84, 0.000, 0.068
3, 85, 0.000, 0.068
3, 86, 0.000, 0.068
3, 87, 0.000, 0.067
3, 88, 0.000, 0.068
3, 89, 0.000, 0.067
3, 90, 0.000, 0.068
3, 91, 0.000, 0.067
3, 92, 0.000, 0.068
3, 93, 0.000, 0.068
3, 94, 0.000, 0.069
3, 95, 0.000, 0.067
3, 96, 0.000, 0.068
3, 97, 0.000, 0.068
3, 98, 0.000, 0.068
3, 99, 0.000, 0.067
3, 100, 0.000, 0.068
4, 0, 154.718, 0.001
4, 1, 48.018, 0.041
4, 2, 42.459, 21.986
4, 3, 42.459, 0.024
4, 4, 32.287, 39.314
4, 5, 32.287, 0.030
4, 6, 32.287, 0.029
4, 7, 32.287, 0.025
4, 8, 0.000, 74.102
4, 9, 0.000, 0.024
4, 10, 0.000, 0.027
4, 11, 0.000, 0.025
4, 12, 0.000, 0.028
4, 13, 0.000, 0.027
4, 14, 0.000, 0.027
4, 15, 0.000, 0.034
4, 16, 0.000, 0.029
4, 17, 0.000, 0.027
4, 18, 0.000, 0.027
4, 19, 0.000, 0.031
4, 20, 0.000, 0.026
4, 21, 0.000, 0.034
4, 22, 0.000, 0.057
4, 23, 0.000, 0.046
4, 24, 0.000, 0.040
4, 25, 0.000, 0.052
4, 26, 0.000, 0.062
4, 27, 0.000, 0.055
4, 28, 0.000, 0.061
4, 29, 0.000, 0.061
4, 30, 0.000, 0.051
4, 31, 0.000, 0.067
4, 32, 0.000, 0.028
4, 33, 0.000, 0.061
4, 34, 0.000, 0.068
4, 35, 0.000, 0.067
4, 36, 0.000, 0.068
4, 37, 0.000, 0.067
4, 38, 0.000, 0.068
4, 39, 0.000, 0.067
4, 40, 0.000, 0.068
4, 41, 0.000, 0.067
4, 42, 0.000, 0.042
4, 43, 0.000, 0.067
4, 44, 0.000, 0.068
4, 45, 0.000, 0.067
4, 46, 0.000, 0.068
4, 47, 0.000, 0.067
4, 48, 0.000, 0.068
4, 49, 0.000, 0.067
4, 50, 0.000, 0.068
4, 51, 0.000, 0.067
4, 52, 0.000, 0.068
4, 53, 0.000, 0.067
4, 54, 0.000, 0.068
4, 55, 0.000, 0.067
4, 56, 0.000, 0.070
4, 57, 0.000, 0.067
4, 58, 0.000, 0.068
4, 59, 0.000, 0.067
4, 60, 0.000, 0.072
4, 61, 0.000, 0.067
4, 62, 0.000, 0.068
4, 63, 0.000, 0.067
4, 64, 0.000, 0.068
4, 65, 0.000, 0.067
4, 66, 0.000, 0.068
4, 67, 0.000, 0.068
4, 68, 0.000, 0.068
4, 69, 0.000, 0.067
4, 70, 0.000, 0.068
4, 71, 0.000, 0.067
4, 72, 0.000, 0.068
4, 73, 0.000, 0.067
4, 74, 0.000, 0.070
4, 75, 0.000, 0.068
4, 76, 0.000, 0.069
4, 77, 0.000, 0.067
4, 78, 0.000, 0.069
4, 79, 0.000, 0.067
4, 80, 0.000, 0.068
4, 81, 0.000, 0.068
4, 82, 0.000, 0.068
4, 83, 0.000, 0.067
4, 84, 0.000, 0.068
4, 85, 0.000, 0.068
4, 86, 0.000, 0.069
4, 87, 0.000, 0.067
4, 88, 0.000, 0.069
4, 89, 0.000, 0.067
4, 90, 0.000, 0.068
4, 91, 0.000, 0.067
4, 92, 0.000, 0.069
4, 93, 0.000, 0.067
4, 94, 0.000, 0.069
4, 95, 0.000, 0.067
4, 96, 0.000, 0.069
4, 97, 0.000, 0.068
4, 98, 0.000, 0.069
4, 99, 0.000, 0.067
4, 100, 0.000, 0.068
5, 0, 65.981, 0.001
5, 1, 0.000, 0.041
5, 2, 0.000, 0.026
5, 3, 0.000, 0.032
5, 4, 0.000, 13.923
5, 5, 0.000, 0.026
5, 6, 0.000, 0.026
5, 7, 0.000, 0.025
5, 8, 0.000, 0.026
5, 9, 0.000, 0.025
5, 10, 0.000, 0.026
5, 11, 0.000, 0.025
5, 12, 0.000, 16.022
5, 13, 0.000, 0.026
5, 14, 0.000, 0.026
5, 15, 0.000, 0.025
5, 16, 0.000, 0.027
5, 17, 0.000, 0.025
5, 18, 0.000, 0.027
5, 19, 0.000, 0.027
5, 20, 0.000, 0.028
5, 21, 0.000, 0.025
5, 22, 0.000, 0.027
5, 23, 0.000, 0.025
5, 24, 0.000, 0.032
5, 25, 0.000, 0.031
5, 26, 0.000, 0.026
5, 27, 0.000, 0.034
5, 28, 0.000, 0.062
5, 29, 0.000, 0.029
5, 30, 0.000, 0.035
5, 31, 0.000, 0.053
5, 32, 0.000, 0.062
5, 33, 0.000, 0.051
5, 34, 0.000, 0.062
5, 35, 0.000, 0.061
5, 36, 0.000, 0.042
5, 37, 0.000, 0.061
5, 38, 0.000, 0.028
5, 39, 0.000, 0.039
5, 40, 0.000, 0.057
5, 41, 0.000, 0.061
5, 42, 0.000, 0.042
5, 43, 0.000, 0.067
5, 44, 0.000, 0.062
5, 45, 0.000, 0.067
5, 46, 0.000, 0.062
5, 47, 0.000, 0.035
5, 48, 0.000, 0.062
5, 49, 0.000, 0.067
5, 50, 0.000, 0.062
5, 51, 0.000, 0.068
5, 52, 0.000, 0.062
5, 53, 0.000, 0.060
5, 54, 0.000, 0.068
5, 55, 0.000, 0.061
5, 56, 0.000, 0.068
5, 57, 0.000, 0.067
5, 58, 0.000, 0.062
5, 59, 0.000, 0.061
5, 60, 0.000, 0.068
5, 61, 0.000, 0.067
5, 62, 0.000, 0.062
5, 63, 0.000, 0.068
5, 64, 0.000, 0.062
5, 65, 0.000, 0.068
5, 66, 0.000, 0.062
5, 67, 0.000, 0.068
5, 68, 0.000, 0.068
5, 69, 0.000, 0.067
5, 70, 0.000, 0.068
5, 71, 0.000, 0.067
5, 72, 0.000, 0.068
5, 73, 0.000, 0.067
5, 74, 0.000, 0.068
5, 75, 0.000, 0.068
5, 76, 0.000, 0.069
5, 77, 0.000, 0.067
5, 78, 0.000, 0.069
5, 79, 0.000, 0.067
5, 80, 0.000, 0.068
5, 81, 0.000, 0.067
5, 82, 0.000, 0.068
5, 83, 0.000, 0.067
5, 84, 0.000, 0.068
5, 85, 0.000, 0.068
5, 86, 0.000, 0.068
5, 87, 0.000, 0.067
5, 88, 0.000, 0.068
5, 89, 0.000, 0.067
5, 90, 0.000, 0.068
5, 91, 0.000, 0.068
5, 92, 0.000, 0.068
5, 93, 0.000, 0.067
5, 94, 0.000, 0.068
5, 95, 0.000, 0.067
5, 96, 0.000, 0.069
5, 97, 0.000, 0.068
5, 98, 0.000, 0.062
5, 99, 0.000, 0.067
5, 100, 0.000, 0.068
6, 0, 109.806, 0.001
6, 1, 76.573, 0.034
6, 2, 76.573, 0.033
6, 3, 76.573, 13.866
6, 4, 76.573, 0.026
6, 5, 27.571, 44.024
6, 6, 27.571, 0.026
6, 7, 0.000, 0.025
6, 8, 0.000, 10.443
6, 9, 0.000, 0.027
6, 10, 0.000, 0.032
6, 11, 0.000, 0.030
6, 12, 0.000, 0.030
6, 13, 0.000, 0.034
6, 14, 0.000, 0.027
6, 15, 0.000, 0.026
6, 16, 0.000, 0.035
6, 17, 0.000, 0.026
6, 18, 0.000, 0.038
6, 19, 0.000, 0.041
6, 20, 0.000, 0.030
6, 21, 0.000, 0.025
6, 22, 0.000, 0.041
6, 23, 0.000, 0.028
6, 24, 0.000, 0.061
6, 25, 0.000, 0.045
6, 26, 0.000, 0.050
6, 27, 0.000, 0.039
6, 28, 0.000, 0.033
6, 29, 0.000, 0.061
6, 30, 0.000, 0.069
6, 31, 0.000, 0.062
6, 32, 0.000, 0.061
6, 33, 0.000, 0.067
6, 34, 0.000, 0.069
6, 35, 0.000, 0.068
6, 36, 0.000, 0.070
6, 37, 0.000, 0.068
6, 38, 0.000, 0.068
6, 39, 0.000, 0.068
6, 40, 0.000, 0.068
6, 41, 0.000, 0.067
6, 42, 0.000, 0.068
6, 43, 0.000, 0.067
6, 44, 0.000, 0.068
6, 45, 0.000, 0.068
6, 46, 0.000, 0.068
6, 47, 0.000, 0.068
6, 48, 0.000, 0.068
6, 49, 0.000, 0.068
6, 50, 0.000, 0.068
6, 51, 0.000, 0.067
6, 52, 0.000, 0.069
6, 53, 0.000, 0.068
6, 54, 0.000, 0.080
6, 55, 0.000, 0.067
6, 56, 0.000, 0.068
6, 57, 0.000, 0.068
6, 58, 0.000, 0.068
6, 59, 0.000, 0.068
6, 60, 0.000, 0.068
6, 61, 0.000, 0.068
6, 62, 0.000, 0.068
6, 63, 0.000, 0.068
6, 64, 0.000, 0.068
6, 65, 0.000, 0.068
6, 66, 0.000, 0.068
6, 67, 0.000, 0.068
6, 68, 0.000, 0.068
6, 69, 0.000, 0.067
6, 70, 0.000, 0.069
6, 71, 0.000, 0.069
6, 72, 0.000, 0.069
6, 73, 0.000, 0.068
6, 74, 0.000, 0.069
6, 75, 0.000, 0.069
6, 76, 0.000, 0.069
6, 77, 0.000, 0.068
6, 78, 0.000, 0.068
6, 79, 0.000, 0.068
6, 80, 0.000, 0.068
6, 81, 0.000, 0.068
6, 82, 0.000, 0.068
6, 83, 0.000, 0.068
6, 84, 0.000, 0.069
6, 85, 0.000, 0.068
6, 86, 0.000, 0.068
6, 87, 0.000, 0.067
6, 88, 0.000, 0.068
6, 89, 0.000, 0.068
6, 90, 0.000, 0.070
6, 91, 0.000, 0.068
6, 92, 0.000, 0.068
6, 93, 0.000, 0.068
6, 94, 0.000, 0.068
6, 95, 0.000, 0.068
6, 96, 0.000, 0.068
6, 97, 0.000, 0.068
6, 98, 0.000, 0.068
6, 99, 0.000, 0.068
6, 100, 0.000, 0.068
7, 0, 17.446, 0.001
7, 1, 65.929, 0.033
7, 2, 65.929, 0.026
7, 3, 65.929, 11.076
7, 4, 51.223, 39.638
7, 5, 51.223, 0.024
7, 6, 51.223, 0.027
7, 7, 0.000, 52.002
7, 8, 0.000, 0.027
7, 9, 0.000, 0.025
7, 10, 0.000, 0.026
7, 11, 0.000, 0.028
7, 12, 0.000, 0.030
7, 13, 0.000, 0.026
7, 14, 0.000, 0.028
7, 15, 0.000, 0.030
7, 16, 0.000, 0.027
7, 17, 0.000, 0.033
7, 18, 0.000, 0.063
7, 19, 0.000, 0.037
7, 20, 0.000, 0.030
7, 21, 0.000, 0.027
7, 22, 0.000, 0.029
7, 23, 0.000, 0.038
7, 24, 0.000, 0.032
7, 25, 0.000, 0.061
7, 26, 0.000, 0.061
7, 27, 0.000, 0.061
7, 28, 0.000, 0.062
7, 29, 0.000, 0.067
7, 30, 0.000, 0.062
7, 31, 0.000, 0.067
7, 32, 0.000, 0.061
7, 33, 0.000, 0.037
7, 34, 0.000, 0.068
7, 35, 0.000, 0.068
7, 36, 0.000, 0.028
7, 37, 0.000, 0.067
7, 38, 0.000, 0.068
7, 39, 0.000, 0.068
7, 40, 0.000, 0.069
7, 41, 0.000, 0.070
7, 42, 0.000, 0.070
7, 43, 0.000, 0.068
7, 44, 0.000, 0.068
7, 45, 0.000, 0.067
7, 46, 0.000, 0.068
7, 47, 0.000, 0.068
7, 48, 0.000, 0.068
7, 49, 0.000, 0.068
7, 50, 0.000, 0.073
7, 51, 0.000, 0.068
7, 52, 0.000, 0.069
7, 53, 0.000, 0.067
7, 54, 0.000, 0.070
7, 55, 0.000, 0.068
7, 56, 0.000, 0.070
7, 57, 0.000, 0.068
7, 58, 0.000, 0.069
7, 59, 0.000, 0.067
7, 60, 0.000, 0.068
7, 61, 0.000, 0.067
7, 62, 0.000, 0.069
7, 63, 0.000, 0.067
7, 64, 0.000, 0.068
7, 65, 0.000, 0.068
7, 66, 0.000, 0.068
7, 67, 0.000, 0.067
7, 68, 0.000, 0.068
7, 69, 0.000, 0.067
7, 70, 0.000, 0.069
7, 71, 0.000, 0.067
7, 72, 0.000, 0.068
7, 73, 0.000, 0.068
7, 74, 0.000, 0.068
7, 75, 0.000, 0.067
7, 76, 0.000, 0.068
7, 77, 0.000, 0.067
7, 78, 0.000, 0.068
7, 79, 0.000, 0.067
7, 80, 0.000, 0.068
7, 81, 0.000, 0.068
7, 82, 0.000, 0.071
7, 83, 0.000, 0.068
7, 84, 0.000, 0.068
7, 85, 0.000, 0.068
7, 86, 0.000, 0.068
7, 87, 0.000, 0.068
7, 88, 0.000, 0.069
7, 89, 0.000, 0.068
7, 90, 0.000, 0.069
7, 91, 0.000, 0.068
7, 92, 0.000, 0.069
7, 93, 0.000, 0.068
7, 94, 0.000, 0.069
7, 95, 0.000, 0.068
7, 96, 0.000, 0.069
7, 97, 0.000, 0.068
7, 98, 0.000, 0.068
7, 99, 0.000, 0.068
7, 100, 0.000, 0.068
8, 0, 54.599, 0.001
8, 1, 61.640, 0.033
8, 2, 61.640, 0.026
8, 3, 61.640, 16.709
8, 4, 49.588, 0.025
8, 5, 0.000, 47.659
8, 6, 0.000, 0.025
8, 7, 0.000, 0.025
8, 8, 0.000, 0.027
8, 9, 0.000, 0.025
8, 10, 0.000, 0.026
8, 11, 0.000, 0.027
8, 12, 0.000, 0.028
8, 13, 0.000, 0.025
8, 14, 0.000, 0.027
8, 15, 0.000, 0.029
8, 16, 0.000, 0.027
8, 17, 0.000, 0.035
8, 18, 0.000, 0.027
8, 19, 0.000, 0.027
8, 20, 0.000, 0.026
8, 21, 0.000, 0.030
8, 22, 0.000, 0.028
8, 23, 0.000, 0.032
8, 24, 0.000, 0.046
8, 25, 0.000, 0.060
8, 26, 0.000, 0.061
8, 27, 0.000, 0.045
8, 28, 0.000, 0.062
8, 29, 0.000, 0.061
8, 30, 0.000, 0.062
8, 31, 0.000, 0.068
8, 32, 0.000, 0.068
8, 33, 0.000, 0.067
8, 34, 0.000, 0.068
8, 35, 0.000, 0.067
8, 36, 0.000, 0.040
8, 37, 0.000, 0.067
8, 38, 0.000, 0.062
8, 39, 0.000, 0.052
8, 40, 0.000, 0.062
8, 41, 0.000, 0.068
8, 42, 0.000, 0.068
8, 43, 0.000, 0.067
8, 44, 0.000, 0.068
8, 45, 0.000, 0.068
8, 46, 0.000, 0.059
8, 47, 0.000, 0.068
8, 48, 0.000, 0.069
8, 49, 0.000, 0.067
8, 50, 0.000, 0.062
8, 51, 0.000, 0.067
8, 52, 0.000, 0.070
8, 53, 0.000, 0.067
8, 54, 0.000, 0.068
8, 55, 0.000, 0.068
8, 56, 0.000, 0.068
8, 57, 0.000, 0.067
8, 58, 0.000, 0.068
8, 59, 0.000, 0.067
8, 60, 0.000, 0.068
8, 61, 0.000, 0.067
8, 62, 0.000, 0.071
8, 63, 0.000, 0.068
8, 64, 0.000, 0.069
8, 65, 0.000, 0.068
8, 66, 0.000, 0.068
8, 67, 0.000, 0.067
8, 68, 0.000, 0.069
8, 69, 0.000, 0.067
8, 70, 0.000, 0.070
8, 71, 0.000, 0.067
8, 72, 0.000, 0.068
8, 73, 0.000, 0.067
8, 74, 0.000, 0.068
8, 75, 0.000, 0.067
8, 76, 0.000, 0.069
8, 77, 0.000, 0.068
8, 78, 0.000, 0.069
8, 79, 0.000, 0.067
8, 80, 0.000, 0.068
8, 81, 0.000, 0.068
8, 82, 0.000, 0.069
8, 83, 0.000, 0.068
8, 84, 0.000, 0.068
8, 85, 0.000, 0.068
8, 86, 0.000, 0.070
8, 87, 0.000, 0.070
8, 88, 0.000, 0.070
8, 89, 0.000, 0.067
8, 90, 0.000, 0.069
8, 91, 0.000, 0.068
8, 92, 0.000, 0.071
8, 93, 0.000, 0.068
8, 94, 0.000, 0.069
8, 95, 0.000, 0.068
8, 96, 0.000, 0.068
8, 97, 0.000, 0.067
8, 98, 0.000, 0.068
8, 99, 0.000, 0.067
8, 100, 0.000, 0.068
9, 0, 27.450, 0.001
9, 1, 30.129, 0.035
9, 2, 30.129, 0.027
9, 3, 19.465, 23.141
9, 4, 19.465, 0.026
9, 5, 0.000, 47.225
9, 6, 0.000, 0.032
9, 7, 0.000, 0.025
9, 8, 0.000, 0.026
9, 9, 0.000, 0.026
9, 10, 0.000, 0.027
9, 11, 0.000, 0.028
9, 12, 0.000, 0.026
9, 13, 0.000, 0.030
9, 14, 0.000, 0.032
9, 15, 0.000, 0.030
9, 16, 0.000, 0.026
9, 17, 0.000, 0.029
9, 18, 0.000, 0.030
9, 19, 0.000, 0.038
9, 20, 0.000, 0.032
9, 21, 0.000, 0.025
9, 22, 0.000, 0.027
9, 23, 0.000, 0.027
9, 24, 0.000, 0.032
9, 25, 0.000, 0.027
9, 26, 0.000, 0.062
9, 27, 0.000, 0.038
9, 28, 0.000, 0.062
9, 29, 0.000, 0.061
9, 30, 0.000, 0.042
9, 31, 0.000, 0.061
9, 32, 0.000, 0.061
9, 33, 0.000, 0.042
9, 34, 0.000, 0.068
9, 35, 0.000, 0.025
9, 36, 0.000, 0.068
9, 37, 0.000, 0.067
9, 38, 0.000, 0.068
9, 39, 0.000, 0.067
9, 40, 0.000, 0.068
9, 41, 0.000, 0.067
9, 42, 0.000, 0.068
9, 43, 0.000, 0.067
9, 44, 0.000, 0.068
9, 45, 0.000, 0.067
9, 46, 0.000, 0.069
9, 47, 0.000, 0.067
9, 48, 0.000, 0.068
9, 49, 0.000, 0.067
9, 50, 0.000, 0.068
9, 51, 0.000, 0.067
9, 52, 0.000, 0.068
9, 53, 0.000, 0.067
9, 54, 0.000, 0.068
9, 55, 0.000, 0.067
9, 56, 0.000, 0.071
9, 57, 0.000, 0.069
9, 58, 0.000, 0.068
9, 59, 0.000, 0.068
9, 60, 0.000, 0.068
9, 61, 0.000, 0.067
9, 62, 0.000, 0.069
9, 63, 0.000, 0.067
9, 64, 0.000, 0.068
9, 65, 0.000, 0.068
9, 66, 0.000, 0.068
9, 67, 0.000, 0.068
9, 68, 0.000, 0.068
9, 69, 0.000, 0.067
9, 70, 0.000, 0.068
9, 71, 0.000, 0.068
9, 72, 0.000, 0.068
9, 73, 0.000, 0.067
9, 74, 0.000, 0.068
9, 75, 0.000, 0.068
9, 76, 0.000, 0.069
9, 77, 0.000, 0.068
9, 78, 0.000, 0.069
9, 79, 0.000, 0.068
9, 80, 0.000, 0.069
9, 81, 0.000, 0.068
9, 82, 0.000, 0.069
9, 83, 0.000, 0.068
9, 84, 0.000, 0.069
9, 85, 0.000, 0.068
9, 86, 0.000, 0.069
9, 87, 0.000, 0.067
9, 88, 0.000, 0.069
9, 89, 0.000, 0.067
9, 90, 0.000, 0.069
9, 91, 0.000, 0.067
9, 92, 0.000, 0.068
9, 93, 0.000, 0.068
9, 94, 0.000, 0.068
9, 95, 0.000, 0.067
9, 96, 0.000, 0.071
9, 97, 0.000, 0.069
9, 98, 0.000, 0.068
9, 99, 0.000, 0.068
9, 100, 0.000, 0.069
10, 0, 108.620, 0.001
10, 1, 89.003, 0.033
10, 2, 0.000, 21.867
10, 3, 0.000, 0.025
10, 4, 0.000, 0.026
10, 5, 0.000, 0.025
10, 6, 0.000, 25.174
10, 7, 0.000, 0.025
10, 8, 0.000, 0.025
10, 9, 0.000, 0.025
10, 10, 0.000, 0.026
10, 11, 0.000, 0.028
10, 12, 0.000, 0.027
10, 13, 0.000, 0.028
10, 14, 0.000, 0.032
10, 15, 0.000, 0.026
10, 16, 0.000, 0.027
10, 17, 0.000, 0.027
10, 18, 0.000, 0.028
10, 19, 0.000, 0.026
10, 20, 0.000, 0.032
10, 21, 0.000, 0.030
10, 22, 0.000, 0.040
10, 23, 0.000, 0.028
10, 24, 0.000, 0.046
10, 25, 0.000, 0.048
10, 26, 0.000, 0.028
10, 27, 0.000, 0.028
10, 28, 0.000, 0.038
10, 29, 0.000, 0.031
10, 30, 0.000, 0.051
10, 31, 0.000, 0.061
10, 32, 0.000, 0.049
10, 33, 0.000, 0.061
10, 34, 0.000, 0.062
10, 35, 0.000, 0.034
10, 36, 0.000, 0.068
10, 37, 0.000, 0.027
10, 38, 0.000, 0.034
10, 39, 0.000, 0.062
10, 40, 0.000, 0.028
10, 41, 0.000, 0.067
10, 42, 0.000, 0.068
10, 43, 0.000, 0.067
10, 44, 0.000, 0.068
10, 45, 0.000, 0.061
10, 46, 0.000, 0.062
10, 47, 0.000, 0.067
10, 48, 0.000, 0.068
10, 49, 0.000, 0.067
10, 50, 0.000, 0.068
10, 51, 0.000, 0.067
10, 52, 0.000, 0.068
10, 53, 0.000, 0.067
10, 54, 0.000, 0.068
10, 55, 0.000, 0.067
10, 56, 0.000, 0.068
10, 57, 0.000, 0.068
10, 58, 0.000, 0.068
10, 59, 0.000, 0.067
10, 60, 0.000, 0.068
10, 61, 0.000, 0.067
10, 62, 0.000, 0.069
10, 63, 0.000, 0.067
10, 64, 0.000, 0.068
10, 65, 0.000, 0.067
10, 66, 0.000, 0.071
10, 67, 0.000, 0.068
10, 68, 0.000, 0.068
10, 69, 0.000, 0.061
10, 70, 0.000, 0.062
10, 71, 0.000, 0.067
10, 72, 0.000, 0.068
10, 73, 0.000, 0.067
10, 74, 0.000, 0.068
10, 75, 0.000, 0.067
10, 76, 0.000, 0.068
10, 77, 0.000, 0.067
10, 78, 0.000, 0.068
10, 79, 0.000, 0.067
10, 80, 0.000, 0.068
10, 81, 0.000, 0.067
10, 82, 0.000, 0.069
10, 83, 0.000, 0.068
10, 84, 0.000, 0.069
10, 85, 0.000, 0.068
10, 86, 0.000, 0.069
10, 87, 0.000, 0.068
10, 88, 0.000, 0.069
10, 89, 0.000, 0.067
10, 90, 0.000, 0.068
10, 91, 0.000, 0.067
10, 92, 0.000, 0.068
10, 93, 0.000, 0.061
10, 94, 0.000, 0.062
10, 95, 0.000, 0.067
10, 96, 0.000, 0.068
10, 97, 0.000, 0.061
10, 98, 0.000, 0.062
10, 99, 0.000, 0.068
10, 100, 0.000, 0.062
11, 0, 12.121, 0.001
11, 1, 53.595, 0.026
11, 2, 53.595, 0.026
11, 3, 53.595, 18.268
11, 4, 0.000, 0.025
11, 5, 0.000, 0.026
11, 6, 0.000, 8.504
11, 7, 0.000, 0.025
11, 8, 0.000, 0.027
11, 9, 0.000, 0.026
11, 10, 0.000, 0.027
11, 11, 0.000, 0.026
11, 12, 0.000, 0.027
11, 13, 0.000, 0.025
11, 14, 0.000, 0.029
11, 15, 0.000, 0.025
11, 16, 0.000, 0.028
11, 17, 0.000, 0.026
11, 18, 0.000, 0.028
11, 19, 0.000, 0.027
11, 20, 0.000, 0.030
11, 21, 0.000, 0.030
11, 22, 0.000, 0.041
11, 23, 0.000, 0.034
11, 24, 0.000, 0.026
11, 25, 0.000, 0.045
11, 26, 0.000, 0.030
11, 27, 0.000, 0.039
11, 28, 0.000, 0.051
11, 29, 0.000, 0.061
11, 30, 0.000, 0.034
11, 31, 0.000, 0.027
11, 32, 0.000, 0.068
11, 33, 0.000, 0.061
11, 34, 0.000, 0.062
11, 35, 0.000, 0.067
11, 36, 0.000, 0.068
11, 37, 0.000, 0.067
11, 38, 0.000, 0.068
11, 39, 0.000, 0.067
11, 40, 0.000, 0.069
11, 41, 0.000, 0.067
11, 42, 0.000, 0.068
11, 43, 0.000, 0.068
11, 44, 0.000, 0.068
11, 45, 0.000, 0.068
11, 46, 0.000, 0.068
11, 47, 0.000, 0.067
11, 48, 0.000, 0.069
11, 49, 0.000, 0.068
11, 50, 0.000, 0.068
11, 51, 0.000, 0.067
11, 52, 0.000, 0.068
11, 53, 0.000, 0.067
11, 54, 0.000, 0.068
11, 55, 0.000, 0.067
11, 56, 0.000, 0.069
11, 57, 0.000, 0.069
11, 58, 0.000, 0.068
11, 59, 0.000, 0.067
11, 60, 0.000, 0.068
11, 61, 0.000, 0.076
11, 62, 0.000, 0.070
11, 63, 0.000, 0.068
11, 64, 0.000, 0.068
11, 65, 0.000, 0.067
11, 66, 0.000, 0.068
11, 67, 0.000, 0.067
11, 68, 0.000, 0.069
11, 69, 0.000, 0.068
11, 70, 0.000, 0.072
11, 71, 0.000, 0.068
11, 72, 0.000, 0.069
11, 73, 0.000, 0.067
11, 74, 0.000, 0.068
11, 75, 0.000, 0.068
11, 76, 0.000, 0.069
11, 77, 0.000, 0.068
11, 78, 0.000, 0.070
11, 79, 0.000, 0.067
11, 80, 0.000, 0.069
11, 81, 0.000, 0.068
11, 82, 0.000, 0.068
11, 83, 0.000, 0.067
11, 84, 0.000, 0.068
11, 85, 0.000, 0.068
11, 86, 0.000, 0.070
11, 87, 0.000, 0.068
11, 88, 0.000, 0.068
11, 89, 0.000, 0.069
11, 90, 0.000, 0.068
11, 91, 0.000, 0.067
11, 92, 0.000, 0.069
11, 93, 0.000, 0.068
11, 94, 0.000, 0.070
11, 95, 0.000, 0.067
11, 96, 0.000, 0.068
11, 97, 0.000, 0.068
11, 98, 0.000, 0.068
11, 99, 0.000, 0.071
11, 100, 0.000, 0.068
12, 0, 73.663, 0.001
12, 1, 0.000, 0.042
12, 2, 0.000, 0.026
12, 3, 0.000, 0.025
12, 4, 0.000, 18.118
12, 5, 0.000, 0.026
12, 6, 0.000, 0.026
12, 7, 0.000, 0.025
12, 8, 0.000, 0.026
12, 9, 0.000, 0.026
12, 10, 0.000, 0.033
12, 11, 0.000, 0.025
12, 12, 0.000, 0.026
12, 13, 0.000, 2.475
12, 14, 0.000, 0.027
12, 15, 0.000, 0.027
12, 16, 0.000, 0.028
12, 17, 0.000, 0.030
12, 18, 0.000, 0.026
12, 19, 0.000, 0.029
12, 20, 0.000, 0.027
12, 21, 0.000, 0.030
12, 22, 0.000, 0.037
12, 23, 0.000, 0.034
12, 24, 0.000, 0.032
12, 25, 0.000, 0.034
12, 26, 0.000, 0.026
12, 27, 0.000, 0.032
12, 28, 0.000, 0.026
12, 29, 0.000, 0.036
12, 30, 0.000, 0.029
12, 31, 0.000, 0.032
12, 32, 0.000, 0.048
12, 33, 0.000, 0.043
12, 34, 0.000, 0.061
12, 35, 0.000, 0.033
12, 36, 0.000, 0.038
12, 37, 0.000, 0.061
12, 38, 0.000, 0.062
12, 39, 0.000, 0.061
12, 40, 0.000, 0.062
12, 41, 0.000, 0.026
12, 42, 0.000, 0.049
12, 43, 0.000, 0.061
12, 44, 0.000, 0.062
12, 45, 0.000, 0.067
12, 46, 0.000, 0.062
12, 47, 0.000, 0.068
12, 48, 0.000, 0.068
12, 49, 0.000, 0.068
12, 50, 0.000, 0.068
12, 51, 0.000, 0.068
12, 52, 0.000, 0.068
12, 53, 0.000, 0.068
12, 54, 0.000, 0.068
12, 55, 0.000, 0.067
12, 56, 0.000, 0.068
12, 57, 0.000, 0.067
12, 58, 0.000, 0.068
12, 59, 0.000, 0.067
12, 60, 0.000, 0.069
12, 61, 0.000, 0.068
12, 62, 0.000, 0.068
12, 63, 0.000, 0.067
12, 64, 0.000, 0.069
12, 65, 0.000, 0.068
12, 66, 0.000, 0.069
12, 67, 0.000, 0.068
12, 68, 0.000, 0.069
12, 69, 0.000, 0.068
12, 70, 0.000, 0.068
12, 71, 0.000, 0.068
12, 72, 0.000, 0.068
12, 73, 0.000, 0.067
12, 74, 0.000, 0.069
12, 75, 0.000, 0.068
12, 76, 0.000, 0.068
12, 77, 0.000, 0.067
12, 78, 0.000, 0.068
12, 79, 0.000, 0.068
12, 80, 0.000, 0.068
12, 81, 0.000, 0.068
12, 82, 0.000, 0.069
12, 83, 0.000, 0.068
12, 84, 0.000, 0.069
12, 85, 0.000, 0.068
12, 86, 0.000, 0.068
12, 87, 0.000, 0.067
12, 88, 0.000, 0.068
12, 89, 0.000, 0.068
12, 90, 0.000, 0.069
12, 91, 0.000, 0.068
12, 92, 0.000, 0.068
12, 93, 0.000, 0.067
12, 94, 0.000, 0.069
12, 95, 0.000, 0.067
12, 96, 0.000, 0.068
12, 97, 0.000, 0.068
12, 98, 0.000, 0.069
12, 99, 0.000, 0.067
12, 100, 0.000, 0.069
13, 0, 110.422, 0.001
13, 1, 62.480, 0.033
13, 2, 62.480, 0.026
13, 3, 62.480, 17.042
13, 4, 62.480, 0.026
13, 5, 62.480, 0.025
13, 6, 0.000, 45.978
13, 7, 0.000, 0.024
13, 8, 0.000, 0.026
13, 9, 0.000, 0.025
13, 10, 0.000, 0.026
13, 11, 0.000, 0.027
13, 12, 0.000, 0.026
13, 13, 0.000, 0.029
13, 14, 0.000, 0.028
13, 15, 0.000, 0.025
13, 16, 0.000, 0.031
13, 17, 0.000, 0.029
13, 18, 0.000, 0.028
13, 19, 0.000, 0.027
13, 20, 0.000, 0.026
13, 21, 0.000, 0.034
13, 22, 0.000, 0.034
13, 23, 0.000, 0.045
13, 24, 0.000, 0.047
13, 25, 0.000, 0.036
13, 26, 0.000, 0.030
13, 27, 0.000, 0.043
13, 28, 0.000, 0.051
13, 29, 0.000, 0.061
13, 30, 0.000, 0.062
13, 31, 0.000, 0.060
13, 32, 0.000, 0.047
13, 33, 0.000, 0.061
13, 34, 0.000, 0.062
13, 35, 0.000, 0.068
13, 36, 0.000, 0.068
13, 37, 0.000, 0.061
13, 38, 0.000, 0.061
13, 39, 0.000, 0.060
13, 40, 0.000, 0.062
13, 41, 0.000, 0.067
13, 42, 0.000, 0.068
13, 43, 0.000, 0.068
13, 44, 0.000, 0.062
13, 45, 0.000, 0.068
13, 46, 0.000, 0.068
13, 47, 0.000, 0.070
13, 48, 0.000, 0.061
13, 49, 0.000, 0.061
13, 50, 0.000, 0.068
13, 51, 0.000, 0.067
13, 52, 0.000, 0.073
13, 53, 0.000, 0.068
13, 54, 0.000, 0.069
13, 55, 0.000, 0.067
13, 56, 0.000, 0.069
13, 57, 0.000, 0.067
13, 58, 0.000, 0.068
13, 59, 0.000, 0.067
13, 60, 0.000, 0.062
13, 61, 0.000, 0.068
13, 62, 0.000, 0.068
13, 63, 0.000, 0.067
13, 64, 0.000, 0.068
13, 65, 0.000, 0.069
13, 66, 0.000, 0.068
13, 67, 0.000, 0.068
13, 68, 0.000, 0.068
13, 69, 0.000, 0.067
13, 70, 0.000, 0.068
13, 71, 0.000, 0.067
13, 72, 0.000, 0.068
13, 73, 0.000, 0.068
13, 74, 0.000, 0.068
13, 75, 0.000, 0.068
13, 76, 0.000, 0.068
13, 77, 0.000, 0.067
13, 78, 0.000, 0.068
13, 79, 0.000, 0.068
13, 80, 0.000, 0.069
13, 81, 0.000, 0.067
13, 82, 0.000, 0.069
13, 83, 0.000, 0.068
13, 84, 0.000, 0.068
13, 85, 0.000, 0.068
13, 86, 0.000, 0.069
13, 87, 0.000, 0.068
13, 88, 0.000, 0.070
13, 89, 0.000, 0.069
13, 90, 0.000, 0.062
13, 91, 0.000, 0.068
13, 92, 0.000, 0.068
13, 93, 0.000, 0.068
13, 94, 0.000, 0.068
13, 95, 0.000, 0.067
13, 96, 0.000, 0.069
13, 97, 0.000, 0.068
13, 98, 0.000, 0.068
13, 99, 0.000, 0.067
13, 100, 0.000, 0.068
14, 0, 1.327, 0.001
14, 1, 0.000, 0.040
14, 2, 0.000, 0.027
14, 3, 0.000, 0.026
14, 4, 0.000, 8.155
14, 5, 0.000, 0.025
14, 6, 0.000, 0.026
14, 7, 0.000, 0.025
14, 8, 0.000, 0.028
14, 9, 0.000, 16.409
14, 10, 0.000, 0.027
14, 11, 0.000, 0.026
14, 12, 0.000, 0.026
14, 13, 0.000, 0.027
14, 14, 0.000, 0.027
14, 15, 0.000, 0.025
14, 16, 0.000, 0.027
14, 17, 0.000, 0.026
14, 18, 0.000, 0.028
14, 19, 0.000, 0.025
14, 20, 0.000, 0.031
14, 21, 0.000, 246.016
14, 22, 0.000, 0.027
14, 23, 0.000, 0.026
14, 24, 0.000, 0.026
14, 25, 0.000, 0.027
14, 26, 0.000, 0.026
14, 27, 0.000, 0.029
14, 28, 0.000, 0.028
14, 29, 0.000, 0.026
14, 30, 0.000, 0.028
14, 31, 0.000, 0.029
14, 32, 0.000, 0.027
14, 33, 0.000, 0.026
14, 34, 0.000, 0.028
14, 35, 0.000, 0.026
14, 36, 0.000, 0.029
14, 37, 0.000, 0.026
14, 38, 0.000, 0.035
14, 39, 0.000, 94.173
14, 40, 0.000, 0.027
14, 41, 0.000, 0.025
14, 42, 0.000, 0.026
14, 43, 0.000, 0.028
14, 44, 0.000, 0.029
14, 45, 0.000, 0.026
14, 46, 0.000, 0.047
14, 47, 0.000, 0.027
14, 48, 0.000, 0.034
14, 49, 0.000, 0.034
14, 50, 0.000, 0.037
14, 51, 0.000, 0.061
14, 52, 0.000, 0.061
14, 53, 0.000, 0.035
14, 54, 0.000, 0.062
14, 55, 0.000, 0.046
14, 56, 0.000, 0.059
14, 57, 0.000, 0.061
14, 58, 0.000, 0.062
14, 59, 0.000, 0.061
14, 60, 0.000, 0.062
14, 61, 0.000, 0.061
14, 62, 0.000, 0.062
14, 63, 0.000, 0.061
14, 64, 0.000, 0.050
14, 65, 0.000, 0.033
14, 66, 0.000, 0.035
14, 67, 0.000, 0.061
14, 68, 0.000, 0.062
14, 69, 0.000, 0.061
14, 70, 0.000, 0.062
14, 71, 0.000, 0.068
14, 72, 0.000, 0.071
14, 73, 0.000, 0.068
14, 74, 0.000, 0.068
14, 75, 0.000, 0.038
14, 76, 0.000, 0.068
14, 77, 0.000, 0.067
14, 78, 0.000, 0.069
14, 79, 0.000, 0.068
14, 80, 0.000, 0.068
14, 81, 0.000, 0.068
14, 82, 0.000, 0.068
14, 83, 0.000, 0.067
14, 84, 0.000, 0.069
14, 85, 0.000, 0.068
14, 86, 0.000, 0.069
14, 87, 0.000, 0.067
14, 88, 0.000, 0.070
14, 89, 0.000, 0.067
14, 90, 0.000, 0.068
14, 91, 0.000, 0.067
14, 92, 0.000, 0.068
14, 93, 0.000, 0.067
14, 94, 0.000, 0.068
14, 95, 0.000, 0.067
14, 96, 0.000, 0.068
14, 97, 0.000, 0.067
14, 98, 0.000, 0.068
14, 99, 0.000, 0.067
14, 100, 0.000, 0.069
15, 0, 45.360, 0.001
15, 1, 0.000, 0.033
15, 2, 0.000, 0.026
15, 3, 0.000, 0.025
15, 4, 0.000, 15.458
15, 5, 0.000, 0.025
15, 6, 0.000, 0.026
15, 7, 0.000, 0.026
15, 8, 0.000, 0.026
15, 9, 2.297, 62.146
15, 10, 2.297, 0.028
15, 11, 2.297, 0.026
15, 12, 0.000, 138.202
15, 13, 0.000, 0.033
15, 14, 0.000, 0.028
15, 15, 0.000, 0.025
15, 16, 0.000, 0.033
15, 17, 0.000, 0.026
15, 18, 0.000, 0.029
15, 19, 0.000, 0.027
15, 20, 0.000, 0.027
15, 21, 0.000, 0.027
15, 22, 0.000, 0.026
15, 23, 0.000, 0.025
15, 24, 0.000, 0.027
15, 25, 0.000, 0.026
15, 26, 0.000, 0.029
15, 27, 0.000, 0.029
15, 28, 0.000, 0.026
15, 29, 0.000, 0.025
15, 30, 0.000, 0.026
15, 31, 0.000, 0.033
15, 32, 0.000, 0.031
15, 33, 0.000, 0.046
15, 34, 0.000, 0.057
15, 35, 0.000, 0.030
15, 36, 0.000, 0.052
15, 37, 0.000, 0.041
15, 38, 0.000, 0.062
15, 39, 0.000, 0.061
15, 40, 0.000, 0.061
15, 41, 0.000, 0.061
15, 42, 0.000, 0.031
15, 43, 0.000, 0.030
15, 44, 0.000, 0.053
15, 45, 0.000, 0.067
15, 46, 0.000, 0.068
15, 47, 0.000, 0.034
15, 48, 0.000, 0.068
15, 49, 0.000, 0.068
15, 50, 0.000, 0.068
15, 51, 0.000, 0.067
15, 52, 0.000, 0.068
15, 53, 0.000, 0.067
15, 54, 0.000, 0.068
15, 55, 0.000, 0.067
15, 56, 0.000, 0.069
15, 57, 0.000, 0.058
15, 58, 0.000, 0.068
15, 59, 0.000, 0.067
15, 60, 0.000, 0.068
15, 61, 0.000, 0.067
15, 62, 0.000, 0.069
15, 63, 0.000, 0.068
15, 64, 0.000, 0.068
15, 65, 0.000, 0.068
15, 66, 0.000, 0.071
15, 67, 0.000, 0.067
15, 68, 0.000, 0.068
15, 69, 0.000, 0.067
15, 70, 0.000, 0.068
15, 71, 0.000, 0.068
15, 72, 0.000, 0.069
15, 73, 0.000, 0.067
15, 74, 0.000, 0.070
15, 75, 0.000, 0.067
15, 76, 0.000, 0.068
15, 77, 0.000, 0.068
15, 78, 0.000, 0.068
15, 79, 0.000, 0.067
15, 80, 0.000, 0.068
15, 81, 0.000, 0.067
15, 82, 0.000, 0.068
15, 83, 0.000, 0.068
15, 84, 0.000, 0.069
15, 85, 0.000, 0.067
15, 86, 0.000, 0.068
15, 87, 0.000, 0.068
15, 88, 0.000, 0.069
15, 89, 0.000, 0.068
15, 90, 0.000, 0.068
15, 91, 0.000, 0.067
15, 92, 0.000, 0.068
15, 93, 0.000, 0.068
15, 94, 0.000, 0.069
15, 95, 0.000, 0.067
15, 96, 0.000, 0.068
15, 97, 0.000, 0.068
15, 98, 0.000, 0.068
15, 99, 0.000, 0.069
15, 100, 0.000, 0.068
16, 0, 55.652, 0.001
16, 1, 43.695, 0.033
16, 2, 39.261, 24.911
16, 3, 39.261, 0.024
16, 4, 39.261, 0.026
16, 5, 0.000, 36.379
16, 6, 0.000, 0.026
16, 7, 0.000, 0.026
16, 8, 0.000, 0.026
16, 9, 0.000, 0.025
16, 10, 0.000, 0.027
16, 11, 0.000, 0.030
16, 12, 0.000, 0.026
16, 13, 0.000, 0.027
16, 14, 0.000, 0.029
16, 15, 0.000, 0.028
16, 16, 0.000, 0.027
16, 17, 0.000, 0.030
16, 18, 0.000, 0.033
16, 19, 0.000, 0.027
16, 20, 0.000, 0.041
16, 21, 0.000, 0.026
16, 22, 0.000, 0.031
16, 23, 0.000, 0.031
16, 24, 0.000, 0.033
16, 25, 0.000, 0.027
16, 26, 0.000, 0.031
16, 27, 0.000, 0.031
16, 28, 0.000, 0.028
16, 29, 0.000, 0.052
16, 30, 0.000, 0.027
16, 31, 0.000, 0.028
16, 32, 0.000, 0.061
16, 33, 0.000, 0.060
16, 34, 0.000, 0.050
16, 35, 0.000, 0.028
16, 36, 0.000, 0.068
16, 37, 0.000, 0.032
16, 38, 0.000, 0.037
16, 39, 0.000, 0.026
16, 40, 0.000, 0.062
16, 41, 0.000, 0.031
16, 42, 0.000, 0.063
16, 43, 0.000, 0.061
16, 44, 0.000, 0.068
16, 45, 0.000, 0.068
16, 46, 0.000, 0.068
16, 47, 0.000, 0.061
16, 48, 0.000, 0.068
16, 49, 0.000, 0.067
16, 50, 0.000, 0.068
16, 51, 0.000, 0.067
16, 52, 0.000, 0.068
16, 53, 0.000, 0.067
16, 54, 0.000, 0.068
16, 55, 0.000, 0.072
16, 56, 0.000, 0.070
16, 57, 0.000, 0.067
16, 58, 0.000, 0.068
16, 59, 0.000, 0.067
16, 60, 0.000, 0.068
16, 61, 0.000, 0.067
16, 62, 0.000, 0.069
16, 63, 0.000, 0.067
16, 64, 0.000, 0.068
16, 65, 0.000, 0.067
16, 66, 0.000, 0.068
16, 67, 0.000, 0.068
16, 68, 0.000, 0.068
16, 69, 0.000, 0.068
16, 70, 0.000, 0.068
16, 71, 0.000, 0.067
16, 72, 0.000, 0.068
16, 73, 0.000, 0.067
16, 74, 0.000, 0.068
16, 75, 0.000, 0.067
16, 76, 0.000, 0.079
16, 77, 0.000, 0.069
16, 78, 0.000, 0.069
16, 79, 0.000, 0.067
16, 80, 0.000, 0.068
16, 81, 0.000, 0.067
16, 82, 0.000, 0.068
16, 83, 0.000, 0.067
16, 84, 0.000, 0.068
16, 85, 0.000, 0.069
16, 86, 0.000, 0.069
16, 87, 0.000, 0.067
16, 88, 0.000, 0.068
16, 89, 0.000, 0.068
16, 90, 0.000, 0.081
16, 91, 0.000, 0.068
16, 92, 0.000, 0.070
16, 93, 0.000, 0.067
16, 94, 0.000, 0.068
16, 95, 0.000, 0.068
16, 96, 0.000, 0.068
16, 97, 0.000, 0.068
16, 98, 0.000, 0.068
16, 99, 0.000, 0.067
16, 100, 0.000, 0.068
17, 0, 54.924, 0.001
17, 1, 0.000, 0.033
17, 2, 0.000, 0.026
17, 3, 0.000, 14.249
17, 4, 0.000, 0.026
17, 5, 0.000, 0.025
17, 6, 0.000, 0.027
17, 7, 0.000, 17.431
17, 8, 0.000, 0.028
17, 9, 0.000, 0.028
17, 10, 0.000, 0.026
17, 11, 0.000, 0.032
17, 12, 0.000, 0.026
17, 13, 0.000, 0.025
17, 14, 0.000, 0.027
17, 15, 0.000, 0.027
17, 16, 0.000, 0.027
17, 17, 0.000, 0.027
17, 18, 0.000, 0.030
17, 19, 0.000, 0.029
17, 20, 0.000, 0.033
17, 21, 0.000, 0.025
17, 22, 0.000, 0.035
17, 23, 0.000, 0.034
17, 24, 0.000, 0.027
17, 25, 0.000, 0.043
17, 26, 0.000, 0.041
17, 27, 0.000, 0.035
17, 28, 0.000, 0.029
17, 29, 0.000, 0.031
17, 30, 0.000, 0.049
17, 31, 0.000, 0.034
17, 32, 0.000, 0.062
17, 33, 0.000, 0.029
17, 34, 0.000, 0.040
17, 35, 0.000, 0.061
17, 36, 0.000, 0.061
17, 37, 0.000, 0.058
17, 38, 0.000, 0.062
17, 39, 0.000, 0.061
17, 40, 0.000, 0.069
17, 41, 0.000, 0.061
17, 42, 0.000, 0.069
17, 43, 0.000, 0.069
17, 44, 0.000, 0.068
17, 45, 0.000, 0.068
17, 46, 0.000, 0.069
17, 47, 0.000, 0.061
17, 48, 0.000, 0.069
17, 49, 0.000, 0.068
17, 50, 0.000, 0.069
17, 51, 0.000, 0.067
17, 52, 0.000, 0.068
17, 53, 0.000, 0.068
17, 54, 0.000, 0.068
17, 55, 0.000, 0.068
17, 56, 0.000, 0.068
17, 57, 0.000, 0.067
17, 58, 0.000, 0.068
17, 59, 0.000, 0.068
17, 60, 0.000, 0.068
17, 61, 0.000, 0.068
17, 62, 0.000, 0.068
17, 63, 0.000, 0.067
17, 64, 0.000, 0.068
17, 65, 0.000, 0.068
17, 66, 0.000, 0.069
17, 67, 0.000, 0.068
17, 68, 0.000, 0.069
17, 69, 0.000, 0.068
17, 70, 0.000, 0.068
17, 71, 0.000, 0.068
17, 72, 0.000, 0.069
17, 73, 0.000, 0.067
17, 74, 0.000, 0.069
17, 75, 0.000, 0.068
17, 76, 0.000, 0.068
17, 77, 0.000, 0.067
17, 78, 0.000, 0.069
17, 79, 0.000, 0.068
17, 80, 0.000, 0.069
17, 81, 0.000, 0.068
17, 82, 0.000, 0.069
17, 83, 0.000, 0.067
17, 84, 0.000, 0.068
17, 85, 0.000, 0.068
17, 86, 0.000, 0.069
17, 87, 0.000, 0.068
17, 88, 0.000, 0.069
17, 89, 0.000, 0.068
17, 90, 0.000, 0.069
17, 91, 0.000, 0.068
17, 92, 0.000, 0.070
17, 93, 0.000, 0.068
17, 94, 0.000, 0.068
17, 95, 0.000, 0.068
17, 96, 0.000, 0.068
17, 97, 0.000, 0.068
17, 98, 0.000, 0.069
17, 99, 0.000, 0.068
17, 100, 0.000, 0.069
18, 0, 33.184, 0.001
18, 1, 40.118, 0.041
18, 2, 16.579, 20.535
18, 3, 1.856, 0.025
18, 4, 1.856, 0.026
18, 5, 1.856, 0.025
18, 6, 1.856, 23.001
18, 7, 0.000, 65.501
18, 8, 0.000, 0.027
18, 9, 0.000, 0.025
18, 10, 1.856, 117.769
18, 11, 1.856, 0.025
18, 12, 1.856, 0.026
18, 13, 1.856, 0.025
18, 14, 0.000, 0.027
18, 15, 0.000, 0.026
18, 16, 0.000, 0.026
18, 17, 0.000, 0.025
18, 18, 0.000, 19.910
18, 19, 0.000, 0.025
18, 20, 0.000, 0.026
18, 21, 0.000, 0.025
18, 22, 0.000, 0.027
18, 23, 0.000, 0.025
18, 24, 0.000, 0.026
18, 25, 0.000, 0.026
18, 26, 0.000, 0.027
18, 27, 0.000, 0.029
18, 28, 0.000, 0.029
18, 29, 0.000, 0.026
18, 30, 0.000, 0.026
18, 31, 0.000, 0.025
18, 32, 0.000, 0.029
18, 33, 0.000, 0.037
18, 34, 0.000, 0.026
18, 35, 0.000, 0.026
18, 36, 0.000, 0.028
18, 37, 0.000, 0.042
18, 38, 0.000, 0.062
18, 39, 0.000, 0.029
18, 40, 0.000, 0.038
18, 41, 0.000, 0.026
18, 42, 0.000, 0.048
18, 43, 0.000, 0.061
18, 44, 0.000, 0.062
18, 45, 0.000, 0.040
18, 46, 0.000, 0.035
18, 47, 0.000, 0.062
18, 48, 0.000, 0.062
18, 49, 0.000, 0.061
18, 50, 0.000, 0.062
18, 51, 0.000, 0.061
18, 52, 0.000, 0.062
18, 53, 0.000, 0.061
18, 54, 0.000, 0.061
18, 55, 0.000, 0.061
18, 56, 0.000, 0.046
18, 57, 0.000, 0.029
18, 58, 0.000, 0.062
18, 59, 0.000, 0.062
18, 60, 0.000, 0.061
18, 61, 0.000, 0.060
18, 62, 0.000, 0.062
18, 63, 0.000, 0.061
18, 64, 0.000, 0.062
18, 65, 0.000, 0.061
18, 66, 0.000, 0.068
18, 67, 0.000, 0.061
18, 68, 0.000, 0.071
18, 69, 0.000, 0.068
18, 70, 0.000, 0.068
18, 71, 0.000, 0.068
18, 72, 0.000, 0.068
18, 73, 0.000, 0.067
18, 74, 0.000, 0.068
18, 75, 0.000, 0.068
18, 76, 0.000, 0.068
18, 77, 0.000, 0.068
18, 78, 0.000, 0.068
18, 79, 0.000, 0.067
18, 80, 0.000, 0.068
18, 81, 0.000, 0.067
18, 82, 0.000, 0.068
18, 83, 0.000, 0.067
18, 84, 0.000, 0.068
18, 85, 0.000, 0.067
18, 86, 0.000, 0.068
18, 87, 0.000, 0.067
18, 88, 0.000, 0.068
18, 89, 0.000, 0.067
18, 90, 0.000, 0.069
18, 91, 0.000, 0.068
18, 92, 0.000, 0.068
18, 93, 0.000, 0.067
18, 94, 0.000, 0.069
18, 95, 0.000, 0.068
18, 96, 0.000, 0.069
18, 97, 0.000, 0.068
18, 98, 0.000, 0.069
18, 99, 0.000, 0.070
18, 100, 0.000, 0.069
19, 0, 62.450, 0.001
19, 1, 0.000, 0.036
19, 2, 0.000, 0.028
19, 3, 0.000, 17.467
19, 4, 0.000, 0.027
19, 5, 0.000, 0.026
19, 6, 0.000, 0.027
19, 7, 0.000, 0.026
19, 8, 0.000, 0.027
19, 9, 0.000, 0.025
19, 10, 0.000, 15.430
19, 11, 0.000, 0.031
19, 12, 0.000, 0.026
19, 13, 0.000, 0.025
19, 14, 0.000, 0.026
19, 15, 0.000, 0.030
19, 16, 0.000, 0.028
19, 17, 0.000, 0.027
19, 18, 0.000, 0.027
19, 19, 0.000, 0.026
19, 20, 0.000, 0.028
19, 21, 0.000, 0.032
19, 22, 0.000, 0.026
19, 23, 0.000, 0.029
19, 24, 0.000, 0.032
19, 25, 0.000, 0.026
19, 26, 0.000, 0.028
19, 27, 0.000, 0.030
19, 28, 0.000, 0.028
19, 29, 0.000, 0.057
19, 30, 0.000, 0.034
19, 31, 0.000, 0.061
19, 32, 0.000, 0.028
19, 33, 0.000, 0.061
19, 34, 0.000, 0.053
19, 35, 0.000, 0.049
19, 36, 0.000, 0.031
19, 37, 0.000, 0.031
19, 38, 0.000, 0.069
19, 39, 0.000, 0.058
19, 40, 0.000, 0.068
19, 41, 0.000, 0.067
19, 42, 0.000, 0.069
19, 43, 0.000, 0.067
19, 44, 0.000, 0.068
19, 45, 0.000, 0.061
19, 46, 0.000, 0.068
19, 47, 0.000, 0.067
19, 48, 0.000, 0.068
19, 49, 0.000, 0.067
19, 50, 0.000, 0.069
19, 51, 0.000, 0.068
19, 52, 0.000, 0.068
19, 53, 0.000, 0.067
19, 54, 0.000, 0.068
19, 55, 0.000, 0.067
19, 56, 0.000, 0.068
19, 57, 0.000, 0.068
19, 58, 0.000, 0.071
19, 59, 0.000, 0.069
19, 60, 0.000, 0.068
19, 61, 0.000, 0.067
19, 62, 0.000, 0.068
19, 63, 0.000, 0.068
19, 64, 0.000, 0.069
19, 65, 0.000, 0.068
19, 66, 0.000, 0.069
19, 67, 0.000, 0.067
19, 68, 0.000, 0.068
19, 69, 0.000, 0.067
19, 70, 0.000, 0.068
19, 71, 0.000, 0.068
19, 72, 0.000, 0.069
19, 73, 0.000, 0.068
19, 74, 0.000, 0.069
19, 75, 0.000, 0.068
19, 76, 0.000, 0.069
19, 77, 0.000, 0.067
19, 78, 0.000, 0.069
19, 79, 0.000, 0.067
19, 80, 0.000, 0.069
19, 81, 0.000, 0.068
19, 82, 0.000, 0.069
19, 83, 0.000, 0.068
19, 84, 0.000, 0.068
19, 85, 0.000, 0.067
19, 86, 0.000, 0.068
19, 87, 0.000, 0.068
19, 88, 0.000, 0.069
19, 89, 0.000, 0.067
19, 90, 0.000, 0.068
19, 91, 0.000, 0.068
19, 92, 0.000, 0.068
19, 93, 0.000, 0.067
19, 94, 0.000, 0.068
19, 95, 0.000, 0.067
19, 96, 0.000, 0.069
19, 97, 0.000, 0.068
19, 98, 0.000, 0.072
19, 99, 0.000, 0.068
19, 100, 0.000, 0.069
20, 0, 107.764, 0.001
20, 1, 73.939, 0.033
20, 2, 73.939, 0.026
20, 3, 73.939, 12.823
20, 4, 73.939, 0.028
20, 5, 73.939, 0.026
20, 6, 73.939, 0.026
20, 7, 73.939, 0.025
20, 8, 39.974, 55.550
20, 9, 0.000, 0.031
20, 10, 0.000, 0.026
20, 11, 0.000, 0.025
20, 12, 0.000, 0.026
20, 13, 0.000, 0.028
20, 14, 0.000, 0.027
20, 15, 0.000, 0.029
20, 16, 0.000, 0.027
20, 17, 0.000, 0.032
20, 18, 0.000, 0.026
20, 19, 0.000, 0.030
20, 20, 0.000, 0.030
20, 21, 0.000, 0.039
20, 22, 0.000, 0.031
20, 23, 0.000, 0.061
20, 24, 0.000, 0.064
20, 25, 0.000, 0.027
20, 26, 0.000, 0.032
20, 27, 0.000, 0.061
20, 28, 0.000, 0.062
20, 29, 0.000, 0.061
20, 30, 0.000, 0.034
20, 31, 0.000, 0.061
20, 32, 0.000, 0.068
20, 33, 0.000, 0.061
20, 34, 0.000, 0.069
20, 35, 0.000, 0.068
20, 36, 0.000, 0.068
20, 37, 0.000, 0.067
20, 38, 0.000, 0.069
20, 39, 0.000, 0.067
20, 40, 0.000, 0.068
20, 41, 0.000, 0.068
20, 42, 0.000, 0.068
20, 43, 0.000, 0.067
20, 44, 0.000, 0.068
20, 45, 0.000, 0.061
20, 46, 0.000, 0.068
20, 47, 0.000, 0.068
20, 48, 0.000, 0.069
20, 49, 0.000, 0.067
20, 50, 0.000, 0.068
20, 51, 0.000, 0.061
20, 52, 0.000, 0.068
20, 53, 0.000, 0.067
20, 54, 0.000, 0.068
20, 55, 0.000, 0.067
20, 56, 0.000, 0.068
20, 57, 0.000, 0.061
20, 58, 0.000, 0.068
20, 59, 0.000, 0.071
20, 60, 0.000, 0.069
20, 61, 0.000, 0.067
20, 62, 0.000, 0.068
20, 63, 0.000, 0.068
20, 64, 0.000, 0.068
20, 65, 0.000, 0.067
20, 66, 0.000, 0.062
20, 67, 0.000, 0.067
20, 68, 0.000, 0.068
20, 69, 0.000, 0.061
20, 70, 0.000, 0.062
20, 71, 0.000, 0.067
20, 72, 0.000, 0.068
20, 73, 0.000, 0.067
20, 74, 0.000, 0.068
20, 75, 0.000, 0.068
20, 76, 0.000, 0.069
20, 77, 0.000, 0.068
20, 78, 0.000, 0.068
20, 79, 0.000, 0.067
20, 80, 0.000, 0.068
20, 81, 0.000, 0.068
20, 82, 0.000, 0.068
20, 83, 0.000, 0.070
20, 84, 0.000, 0.068
20, 85, 0.000, 0.068
20, 86, 0.000, 0.069
20, 87, 0.000, 0.071
20, 88, 0.000, 0.069
20, 89, 0.000, 0.067
20, 90, 0.000, 0.062
20, 91, 0.000, 0.067
20, 92, 0.000, 0.068
20, 93, 0.000, 0.067
20, 94, 0.000, 0.069
20, 95, 0.000, 0.067
20, 96, 0.000, 0.069
20, 97, 0.000, 0.068
20, 98, 0.000, 0.061
20, 99, 0.000, 0.067
20, 100, 0.000, 0.068
