Run, Query, Loss, Time
1, 0, 41.956, 0.001
1, 1, 31.230, 0.056
1, 2, 0.000, 32.211
1, 3, 0.000, 0.056
1, 4, 8.072, 0.056
1, 5, 0.000, 53.185
1, 6, 0.000, 0.056
1, 7, 0.000, 0.056
1, 8, 0.000, 0.057
1, 9, 0.000, 0.055
1, 10, 0.000, 0.056
1, 11, 0.000, 0.055
1, 12, 0.000, 0.056
1, 13, 0.000, 0.056
1, 14, 0.000, 0.056
1, 15, 0.000, 0.055
1, 16, 0.000, 0.056
1, 17, 0.000, 0.056
1, 18, 0.000, 0.056
1, 19, 0.000, 0.056
1, 20, 0.000, 0.056
1, 21, 0.000, 0.056
1, 22, 0.000, 0.056
1, 23, 0.000, 0.056
1, 24, 0.000, 0.057
1, 25, 0.000, 0.056
1, 26, 0.000, 0.056
1, 27, 0.000, 0.056
1, 28, 0.000, 0.056
1, 29, 0.000, 0.057
1, 30, 0.000, 0.056
1, 31, 0.000, 0.056
1, 32, 0.000, 0.056
1, 33, 0.000, 0.056
1, 34, 0.000, 0.056
1, 35, 0.000, 0.056
1, 36, 0.000, 0.057
1, 37, 0.000, 0.056
1, 38, 0.000, 0.055
1, 39, 0.000, 0.056
1, 40, 0.000, 0.055
1, 41, 0.000, 0.056
1, 42, 0.000, 0.056
1, 43, 0.000, 0.057
1, 44, 0.000, 0.056
1, 45, 0.000, 0.055
1, 46, 0.000, 0.056
1, 47, 0.000, 0.056
1, 48, 0.000, 0.057
1, 49, 0.000, 0.056
1, 50, 0.000, 0.056
1, 51, 0.000, 0.056
1, 52, 0.000, 0.056
1, 53, 0.000, 0.055
1, 54, 0.000, 0.056
1, 55, 0.000, 0.056
1, 56, 0.000, 0.056
1, 57, 0.000, 0.056
1, 58, 0.000, 0.055
1, 59, 0.000, 0.057
1, 60, 0.000, 0.057
1, 61, 0.000, 0.056
1, 62, 0.000, 0.056
1, 63, 0.000, 0.055
1, 64, 0.000, 0.056
1, 65, 0.000, 0.057
1, 66, 0.000, 0.057
1, 67, 0.000, 0.056
1, 68, 0.000, 0.056
1, 69, 0.000, 0.056
1, 70, 0.000, 0.057
1, 71, 0.000, 0.055
1, 72, 0.000, 0.056
1, 73, 0.000, 0.056
1, 74, 0.000, 0.056
1, 75, 0.000, 0.056
1, 76, 0.000, 0.055
1, 77, 0.000, 0.056
1, 78, 0.000, 0.057
1, 79, 0.000, 0.056
1, 80, 0.000, 0.057
1, 81, 0.000, 0.057
1, 82, 0.000, 0.057
1, 83, 0.000, 0.056
1, 84, 0.000, 0.056
1, 85, 0.000, 0.056
1, 86, 0.000, 0.055
1, 87, 0.000, 0.056
1, 88, 0.000, 0.056
1, 89, 0.000, 0.056
1, 90, 0.000, 0.056
1, 91, 0.000, 0.055
1, 92, 0.000, 0.057
1, 93, 0.000, 0.055
1, 94, 0.000, 0.056
1, 95, 0.000, 0.055
1, 96, 0.000, 0.056
1, 97, 0.000, 0.057
1, 98, 0.000, 0.056
1, 99, 0.000, 0.056
1, 100, 0.000, 0.056
2, 0, 23.761, 0.001
2, 1, 25.594, 0.055
2, 2, 23.761, 32.444
2, 3, 23.761, 0.054
2, 4, 3.079, 0.055
2, 5, 3.079, 25.046
2, 6, 3.079, 0.056
2, 7, 0.000, 133.685
2, 8, 0.000, 0.055
2, 9, 0.000, 0.055
2, 10, 0.000, 0.056
2, 11, 0.000, 0.055
2, 12, 0.000, 0.056
2, 13, 0.000, 0.055
2, 14, 0.000, 0.055
2, 15, 0.000, 0.055
2, 16, 0.000, 0.056
2, 17, 0.000, 0.055
2, 18, 0.000, 0.056
2, 19, 0.000, 0.055
2, 20, 0.000, 0.056
2, 21, 0.000, 0.056
2, 22, 0.000, 0.057
2, 23, 0.000, 0.055
2, 24, 0.000, 0.056
2, 25, 0.000, 0.055
2, 26, 0.000, 0.055
2, 27, 0.000, 0.056
2, 28, 0.000, 0.055
2, 29, 0.000, 0.055
2, 30, 0.000, 0.056
2, 31, 0.000, 0.056
2, 32, 0.000, 0.057
2, 33, 0.000, 0.055
2, 34, 0.000, 0.056
2, 35, 0.000, 0.056
2, 36, 0.000, 0.056
2, 37, 0.000, 0.056
2, 38, 0.000, 0.055
2, 39, 0.000, 0.056
2, 40, 0.000, 0.056
2, 41, 0.000, 861.261
2, 42, 0.000, 0.057
2, 43, 0.000, 0.055
2, 44, 0.000, 0.056
2, 45, 0.000, 0.055
2, 46, 0.000, 0.056
2, 47, 0.000, 0.055
2, 48, 0.000, 0.056
2, 49, 0.000, 0.055
2, 50, 0.000, 0.056
2, 51, 0.000, 0.054
2, 52, 0.000, 0.055
2, 53, 0.000, 0.054
2, 54, 0.000, 0.056
2, 55, 0.000, 0.054
2, 56, 0.000, 0.055
2, 57, 0.000, 0.055
2, 58, 0.000, 0.056
2, 59, 0.000, 0.054
2, 60, 0.000, 0.055
2, 61, 0.000, 0.056
2, 62, 0.000, 0.055
2, 63, 0.000, 0.055
2, 64, 0.000, 0.055
2, 65, 0.000, 0.055
2, 66, 0.000, 0.055
2, 67, 0.000, 0.054
2, 68, 0.000, 0.055
2, 69, 0.000, 0.054
2, 70, 0.000, 0.056
2, 71, 0.000, 0.055
2, 72, 0.000, 0.055
2, 73, 0.000, 0.055
2, 74, 0.000, 0.055
2, 75, 0.000, 0.054
2, 76, 0.000, 0.054
2, 77, 0.000, 0.055
2, 78, 0.000, 0.055
2, 79, 0.000, 0.055
2, 80, 0.000, 0.056
2, 81, 0.000, 0.054
2, 82, 0.000, 0.056
2, 83, 0.000, 0.054
2, 84, 0.000, 0.055
2, 85, 0.000, 0.054
2, 86, 0.000, 0.056
2, 87, 0.000, 0.055
2, 88, 0.000, 0.056
2, 89, 0.000, 0.054
2, 90, 0.000, 0.056
2, 91, 0.000, 0.053
2, 92, 0.000, 0.055
2, 93, 0.000, 0.054
2, 94, 0.000, 0.057
2, 95, 0.000, 0.055
2, 96, 0.000, 0.056
2, 97, 0.000, 0.054
2, 98, 0.000, 0.055
2, 99, 0.000, 0.054
2, 100, 0.000, 0.056
3, 0, 33.174, 0.001
3, 1, 15.735, 0.055
3, 2, 11.344, 32.673
3, 3, 2.737, 0.054
3, 4, 0.000, 74.182
3, 5, 0.000, 0.055
3, 6, 0.000, 0.055
3, 7, 0.000, 0.055
3, 8, 0.000, 0.056
3, 9, 0.000, 0.055
3, 10, 0.000, 0.055
3, 11, 0.000, 0.055
3, 12, 0.000, 0.056
3, 13, 0.000, 0.055
3, 14, 0.000, 0.055
3, 15, 0.000, 0.055
3, 16, 0.000, 0.054
3, 17, 0.000, 0.055
3, 18, 0.000, 0.055
3, 19, 0.000, 0.055
3, 20, 0.000, 0.055
3, 21, 0.000, 0.055
3, 22, 0.000, 0.055
3, 23, 0.000, 0.055
3, 24, 0.000, 0.056
3, 25, 0.000, 0.055
3, 26, 0.000, 0.055
3, 27, 0.000, 0.055
3, 28, 0.000, 0.056
3, 29, 0.000, 0.056
3, 30, 0.000, 0.054
3, 31, 0.000, 0.055
3, 32, 0.000, 0.055
3, 33, 0.000, 0.055
3, 34, 0.000, 0.055
3, 35, 0.000, 0.055
3, 36, 0.000, 0.055
3, 37, 0.000, 0.055
3, 38, 0.000, 0.055
3, 39, 0.000, 0.055
3, 40, 0.000, 0.056
3, 41, 0.000, 0.055
3, 42, 0.000, 0.056
3, 43, 0.000, 0.054
3, 44, 0.000, 933.574
3, 45, 0.000, 0.052
3, 46, 0.000, 0.053
3, 47, 0.000, 0.054
3, 48, 0.000, 0.056
3, 49, 0.000, 0.055
3, 50, 0.000, 0.056
3, 51, 0.000, 0.055
3, 52, 0.000, 0.056
3, 53, 0.000, 0.055
3, 54, 0.000, 0.055
3, 55, 0.000, 0.054
3, 56, 0.000, 0.054
3, 57, 0.000, 0.056
3, 58, 0.000, 0.055
3, 59, 0.000, 0.056
3, 60, 0.000, 0.054
3, 61, 0.000, 0.055
3, 62, 0.000, 0.055
3, 63, 0.000, 0.054
3, 64, 0.000, 0.054
3, 65, 0.000, 0.055
3, 66, 0.000, 0.055
3, 67, 0.000, 0.055
3, 68, 0.000, 0.056
3, 69, 0.000, 0.055
3, 70, 0.000, 0.056
3, 71, 0.000, 0.055
3, 72, 0.000, 0.054
3, 73, 0.000, 0.056
3, 74, 0.000, 0.055
3, 75, 0.000, 0.054
3, 76, 0.000, 0.055
3, 77, 0.000, 0.055
3, 78, 0.000, 0.056
3, 79, 0.000, 0.055
3, 80, 0.000, 0.056
3, 81, 0.000, 0.055
3, 82, 0.000, 0.055
3, 83, 0.000, 0.055
3, 84, 0.000, 0.056
3, 85, 0.000, 0.055
3, 86, 0.000, 0.056
3, 87, 0.000, 0.055
3, 88, 0.000, 0.055
3, 89, 0.000, 0.055
3, 90, 0.000, 0.055
3, 91, 0.000, 0.054
3, 92, 0.000, 0.055
3, 93, 0.000, 0.054
3, 94, 0.000, 0.055
3, 95, 0.000, 0.055
3, 96, 0.000, 0.055
3, 97, 0.000, 0.056
3, 98, 0.000, 0.055
3, 99, 0.000, 0.055
3, 100, 0.000, 0.054
4, 0, 25.866, 0.001
4, 1, 14.604, 0.054
4, 2, 14.604, 0.057
4, 3, 14.604, 0.054
4, 4, 14.604, 24.957
4, 5, 4.191, 0.056
4, 6, 0.000, 92.175
4, 7, 0.000, 0.054
4, 8, 0.000, 0.054
4, 9, 0.000, 0.055
4, 10, 0.000, 0.055
4, 11, 0.000, 0.055
4, 12, 0.000, 0.055
4, 13, 0.000, 0.056
4, 14, 0.000, 0.056
4, 15, 0.000, 0.056
4, 16, 0.000, 0.056
4, 17, 0.000, 0.056
4, 18, 0.000, 0.056
4, 19, 0.000, 0.056
4, 20, 0.000, 0.056
4, 21, 0.000, 0.056
4, 22, 0.000, 0.055
4, 23, 0.000, 0.056
4, 24, 0.000, 0.057
4, 25, 0.000, 0.055
4, 26, 0.000, 0.055
4, 27, 0.000, 0.056
4, 28, 0.000, 0.056
4, 29, 0.000, 0.057
4, 30, 0.000, 0.056
4, 31, 0.000, 0.056
4, 32, 0.000, 0.054
4, 33, 0.000, 0.055
4, 34, 0.000, 0.055
4, 35, 0.000, 0.056
4, 36, 0.000, 0.056
4, 37, 0.000, 0.057
4, 38, 0.000, 0.056
4, 39, 0.000, 0.056
4, 40, 0.000, 0.057
4, 41, 0.000, 0.056
4, 42, 0.000, 0.056
4, 43, 0.000, 0.055
4, 44, 0.000, 0.057
4, 45, 0.000, 0.056
4, 46, 0.000, 0.055
4, 47, 0.000, 0.055
4, 48, 0.000, 0.057
4, 49, 0.000, 0.056
4, 50, 0.000, 0.056
4, 51, 0.000, 0.056
4, 52, 0.000, 0.057
4, 53, 0.000, 0.056
4, 54, 0.000, 0.055
4, 55, 0.000, 0.055
4, 56, 0.000, 0.056
4, 57, 0.000, 0.055
4, 58, 0.000, 0.056
4, 59, 0.000, 0.055
4, 60, 0.000, 0.055
4, 61, 0.000, 0.055
4, 62, 0.000, 0.056
4, 63, 0.000, 0.056
4, 64, 0.000, 0.055
4, 65, 0.000, 0.057
4, 66, 0.000, 0.055
4, 67, 0.000, 0.055
4, 68, 0.000, 0.056
4, 69, 0.000, 0.056
4, 70, 0.000, 0.056
4, 71, 0.000, 0.056
4, 72, 0.000, 0.056
4, 73, 0.000, 0.056
4, 74, 0.000, 0.056
4, 75, 0.000, 0.055
4, 76, 0.000, 0.056
4, 77, 0.000, 0.056
4, 78, 0.000, 0.057
4, 79, 0.000, 0.057
4, 80, 0.000, 0.057
4, 81, 0.000, 0.055
4, 82, 0.000, 0.055
4, 83, 0.000, 0.056
4, 84, 0.000, 0.056
4, 85, 0.000, 0.055
4, 86, 0.000, 0.056
4, 87, 0.000, 0.056
4, 88, 0.000, 0.056
4, 89, 0.000, 0.055
4, 90, 0.000, 0.057
4, 91, 0.000, 0.056
4, 92, 0.000, 0.056
4, 93, 0.000, 0.055
4, 94, 0.000, 0.057
4, 95, 0.000, 0.057
4, 96, 0.000, 0.056
4, 97, 0.000, 0.056
4, 98, 0.000, 0.055
4, 99, 0.000, 0.055
4, 100, 0.000, 0.056
5, 0, 1.534, 0.001
5, 1, 4.045, 0.055
5, 2, 4.045, 0.055
5, 3, 4.045, 0.057
5, 4, 4.045, 24.853
5, 5, 0.000, 0.057
5, 6, 0.000, 0.056
5, 7, 0.000, 0.056
5, 8, 0.000, 32.832
5, 9, 0.000, 0.057
5, 10, 0.000, 0.056
5, 11, 0.000, 0.057
5, 12, 0.000, 0.056
5, 13, 0.000, 0.056
5, 14, 0.000, 0.056
5, 15, 0.000, 0.057
5, 16, 0.000, 0.056
5, 17, 0.000, 0.056
5, 18, 0.000, 0.056
5, 19, 0.000, 0.057
5, 20, 0.000, 0.056
5, 21, 0.000, 0.057
5, 22, 0.000, 0.056
5, 23, 0.000, 0.058
5, 24, 0.000, 0.056
5, 25, 0.000, 0.056
5, 26, 0.000, 0.055
5, 27, 0.000, 0.056
5, 28, 0.000, 0.057
5, 29, 0.000, 0.057
5, 30, 0.000, 0.056
5, 31, 0.000, 0.057
5, 32, 0.000, 694.071
5, 33, 0.000, 0.051
5, 34, 0.000, 0.056
5, 35, 0.000, 0.055
5, 36, 0.000, 0.055
5, 37, 0.000, 0.056
5, 38, 0.000, 0.056
5, 39, 0.000, 0.055
5, 40, 0.000, 0.056
5, 41, 0.000, 0.056
5, 42, 0.000, 0.056
5, 43, 0.000, 0.055
5, 44, 0.000, 0.057
5, 45, 0.000, 0.056
5, 46, 0.000, 0.056
5, 47, 0.000, 0.055
5, 48, 0.000, 0.055
5, 49, 0.000, 0.054
5, 50, 0.000, 0.055
5, 51, 0.000, 0.055
5, 52, 0.000, 0.055
5, 53, 0.000, 0.055
5, 54, 0.000, 0.055
5, 55, 0.000, 0.055
5, 56, 0.000, 0.055
5, 57, 0.000, 0.055
5, 58, 0.000, 0.055
5, 59, 0.000, 0.055
5, 60, 0.000, 0.055
5, 61, 0.000, 0.056
5, 62, 0.000, 0.055
5, 63, 0.000, 0.055
5, 64, 0.000, 0.056
5, 65, 0.000, 0.055
5, 66, 0.000, 0.056
5, 67, 0.000, 0.056
5, 68, 0.000, 0.055
5, 69, 0.000, 0.054
5, 70, 0.000, 0.055
5, 71, 0.000, 0.055
5, 72, 0.000, 0.054
5, 73, 0.000, 509.673
5, 74, 0.000, 0.055
5, 75, 0.000, 0.053
5, 76, 0.000, 0.056
5, 77, 0.000, 0.055
5, 78, 0.000, 0.056
5, 79, 0.000, 0.054
5, 80, 0.000, 0.056
5, 81, 0.000, 0.053
5, 82, 0.000, 0.056
5, 83, 0.000, 0.054
5, 84, 0.000, 0.055
5, 85, 0.000, 0.054
5, 86, 0.000, 0.056
5, 87, 0.000, 0.054
5, 88, 0.000, 0.055
5, 89, 0.000, 0.054
5, 90, 0.000, 0.056
5, 91, 0.000, 0.055
5, 92, 0.000, 0.055
5, 93, 0.000, 0.055
5, 94, 0.000, 0.056
5, 95, 0.000, 0.054
5, 96, 0.000, 0.056
5, 97, 0.000, 0.054
5, 98, 0.000, 0.055
5, 99, 0.000, 0.053
5, 100, 0.000, 0.056
6, 0, 9.660, 0.001
6, 1, 11.354, 0.055
6, 2, 11.354, 0.055
6, 3, 11.354, 0.055
6, 4, 11.354, 24.893
6, 5, 3.214, 0.056
6, 6, 3.214, 0.056
6, 7, 3.214, 0.056
6, 8, 3.214, 34.272
6, 9, 3.214, 0.057
6, 10, 3.214, 0.057
6, 11, 3.214, 0.057
6, 12, 3.214, 0.057
6, 13, 3.214, 285.501
6, 14, 0.000, 0.056
6, 15, 0.000, 0.058
6, 16, 0.000, 0.056
6, 17, 0.000, 0.056
6, 18, 0.000, 0.056
6, 19, 0.000, 0.057
6, 20, 0.000, 0.056
6, 21, 0.000, 0.056
6, 22, 0.000, 0.056
6, 23, 0.000, 0.057
6, 24, 0.000, 0.057
6, 25, 0.000, 0.056
6, 26, 0.000, 0.055
6, 27, 0.000, 0.057
6, 28, 0.000, 0.057
6, 29, 0.000, 0.057
6, 30, 0.000, 0.056
6, 31, 0.000, 0.056
6, 32, 0.000, 0.057
6, 33, 0.000, 0.056
6, 34, 0.000, 0.055
6, 35, 0.000, 0.056
6, 36, 0.000, 0.056
6, 37, 0.000, 0.056
6, 38, 0.000, 0.056
6, 39, 0.000, 0.056
6, 40, 0.000, 0.056
6, 41, 0.000, 0.057
6, 42, 0.000, 0.055
6, 43, 0.000, 0.056
6, 44, 0.000, 0.056
6, 45, 0.000, 0.055
6, 46, 0.000, 0.057
6, 47, 0.000, 0.055
6, 48, 0.000, 0.056
6, 49, 0.000, 0.056
6, 50, 0.000, 0.056
6, 51, 0.000, 0.055
6, 52, 0.000, 0.055
6, 53, 0.000, 0.056
6, 54, 0.000, 0.057
6, 55, 0.000, 0.056
6, 56, 0.000, 0.056
6, 57, 0.000, 0.057
6, 58, 0.000, 0.057
6, 59, 0.000, 0.057
6, 60, 0.000, 0.056
6, 61, 0.000, 0.057
6, 62, 0.000, 0.056
6, 63, 0.000, 0.056
6, 64, 0.000, 0.056
6, 65, 0.000, 0.057
6, 66, 0.000, 0.056
6, 67, 0.000, 0.056
6, 68, 0.000, 0.056
6, 69, 0.000, 0.057
6, 70, 0.000, 0.055
6, 71, 0.000, 0.055
6, 72, 0.000, 0.055
6, 73, 0.000, 0.057
6, 74, 0.000, 0.056
6, 75, 0.000, 0.056
6, 76, 0.000, 0.056
6, 77, 0.000, 0.057
6, 78, 0.000, 0.056
6, 79, 0.000, 0.057
6, 80, 0.000, 0.057
6, 81, 0.000, 0.057
6, 82, 0.000, 0.056
6, 83, 0.000, 0.057
6, 84, 0.000, 0.056
6, 85, 0.000, 0.056
6, 86, 0.000, 0.055
6, 87, 0.000, 0.055
6, 88, 0.000, 0.055
6, 89, 0.000, 0.056
6, 90, 0.000, 0.056
6, 91, 0.000, 0.056
6, 92, 0.000, 0.056
6, 93, 0.000, 0.057
6, 94, 0.000, 0.057
6, 95, 0.000, 0.056
6, 96, 0.000, 0.056
6, 97, 0.000, 0.057
6, 98, 0.000, 0.056
6, 99, 0.000, 0.056
6, 100, 0.000, 0.056
7, 0, 36.076, 0.001
7, 1, 20.418, 0.054
7, 2, 20.418, 0.056
7, 3, 20.418, 0.057
7, 4, 0.000, 54.163
7, 5, 0.000, 0.052
7, 6, 0.000, 0.053
7, 7, 0.000, 0.055
7, 8, 0.000, 0.056
7, 9, 0.000, 0.055
7, 10, 0.000, 0.055
7, 11, 0.000, 0.055
7, 12, 0.000, 0.056
7, 13, 0.000, 0.055
7, 14, 0.000, 0.055
7, 15, 0.000, 0.055
7, 16, 0.000, 0.055
7, 17, 0.000, 0.055
7, 18, 0.000, 0.055
7, 19, 0.000, 0.056
7, 20, 0.000, 0.054
7, 21, 0.000, 0.055
7, 22, 0.000, 0.056
7, 23, 0.000, 0.055
7, 24, 0.000, 0.054
7, 25, 0.000, 0.056
7, 26, 0.000, 0.055
7, 27, 0.000, 0.054
7, 28, 0.000, 0.054
7, 29, 0.000, 0.055
7, 30, 0.000, 0.055
7, 31, 0.000, 0.054
7, 32, 0.000, 0.055
7, 33, 0.000, 0.056
7, 34, 0.000, 0.056
7, 35, 0.000, 0.056
7, 36, 0.000, 0.055
7, 37, 0.000, 0.055
7, 38, 0.000, 0.055
7, 39, 0.000, 0.054
7, 40, 0.000, 0.055
7, 41, 0.000, 0.056
7, 42, 0.000, 0.055
7, 43, 0.000, 0.055
7, 44, 0.000, 0.055
7, 45, 0.000, 0.054
7, 46, 0.000, 0.054
7, 47, 0.000, 0.055
7, 48, 0.000, 0.056
7, 49, 0.000, 0.055
7, 50, 0.000, 0.056
7, 51, 0.000, 0.055
7, 52, 0.000, 0.056
7, 53, 0.000, 0.055
7, 54, 0.000, 0.055
7, 55, 0.000, 0.054
7, 56, 0.000, 0.055
7, 57, 0.000, 0.056
7, 58, 0.000, 0.055
7, 59, 0.000, 0.056
7, 60, 0.000, 0.055
7, 61, 0.000, 0.055
7, 62, 0.000, 0.055
7, 63, 0.000, 0.056
7, 64, 0.000, 0.056
7, 65, 0.000, 0.054
7, 66, 0.000, 0.056
7, 67, 0.000, 0.055
7, 68, 0.000, 0.055
7, 69, 0.000, 0.054
7, 70, 0.000, 0.055
7, 71, 0.000, 0.056
7, 72, 0.000, 0.056
7, 73, 0.000, 0.054
7, 74, 0.000, 0.056
7, 75, 0.000, 0.055
7, 76, 0.000, 0.055
7, 77, 0.000, 0.056
7, 78, 0.000, 0.055
7, 79, 0.000, 0.056
7, 80, 0.000, 0.055
7, 81, 0.000, 0.055
7, 82, 0.000, 0.055
7, 83, 0.000, 0.055
7, 84, 0.000, 0.054
7, 85, 0.000, 0.056
7, 86, 0.000, 0.054
7, 87, 0.000, 0.054
7, 88, 0.000, 0.055
7, 89, 0.000, 0.056
7, 90, 0.000, 0.055
7, 91, 0.000, 0.055
7, 92, 0.000, 0.055
7, 93, 0.000, 0.055
7, 94, 0.000, 0.054
7, 95, 0.000, 0.055
7, 96, 0.000, 0.055
7, 97, 0.000, 0.056
7, 98, 0.000, 0.056
7, 99, 0.000, 0.056
7, 100, 0.000, 0.056
8, 0, 22.221, 0.001
8, 1, 0.447, 0.054
8, 2, 0.447, 0.055
8, 3, 0.447, 0.055
8, 4, 0.447, 24.777
8, 5, 0.447, 0.057
8, 6, 0.000, 89.580
8, 7, 0.000, 0.056
8, 8, 0.000, 0.056
8, 9, 0.000, 0.055
8, 10, 0.000, 0.055
8, 11, 0.000, 0.056
8, 12, 0.000, 0.055
8, 13, 0.000, 0.056
8, 14, 0.000, 274.520
8, 15, 0.447, 0.057
8, 16, 0.447, 0.057
8, 17, 0.447, 0.056
8, 18, 0.000, 0.056
8, 19, 0.000, 0.056
8, 20, 0.000, 0.056
8, 21, 0.000, 0.056
8, 22, 0.000, 0.057
8, 23, 0.000, 0.058
8, 24, 0.000, 0.057
8, 25, 0.000, 34.558
8, 26, 0.000, 0.055
8, 27, 0.000, 0.054
8, 28, 0.000, 0.057
8, 29, 0.000, 0.055
8, 30, 0.000, 0.055
8, 31, 0.000, 0.055
8, 32, 0.000, 0.057
8, 33, 0.000, 0.054
8, 34, 0.000, 0.055
8, 35, 0.000, 0.055
8, 36, 0.000, 0.056
8, 37, 0.000, 0.055
8, 38, 0.000, 0.056
8, 39, 0.000, 0.055
8, 40, 0.000, 0.055
8, 41, 0.000, 0.054
8, 42, 0.000, 0.055
8, 43, 0.000, 0.054
8, 44, 0.000, 0.055
8, 45, 0.000, 0.055
8, 46, 0.000, 0.056
8, 47, 0.000, 0.054
8, 48, 0.000, 0.055
8, 49, 0.000, 0.055
8, 50, 0.000, 0.056
8, 51, 0.000, 0.054
8, 52, 0.000, 0.056
8, 53, 0.000, 0.055
8, 54, 0.000, 0.055
8, 55, 0.000, 0.053
8, 56, 0.000, 0.056
8, 57, 0.000, 0.055
8, 58, 0.000, 0.054
8, 59, 0.000, 0.053
8, 60, 0.000, 0.056
8, 61, 0.000, 0.054
8, 62, 0.000, 0.056
8, 63, 0.000, 0.054
8, 64, 0.000, 0.056
8, 65, 0.000, 0.054
8, 66, 0.000, 0.055
8, 67, 0.000, 0.054
8, 68, 0.000, 0.055
8, 69, 0.000, 0.055
8, 70, 0.000, 59.009
8, 71, 0.000, 0.054
8, 72, 0.000, 0.057
8, 73, 0.000, 0.055
8, 74, 0.000, 0.056
8, 75, 0.000, 0.055
8, 76, 0.000, 0.055
8, 77, 0.000, 0.054
8, 78, 0.000, 0.055
8, 79, 0.000, 0.054
8, 80, 0.000, 0.055
8, 81, 0.000, 0.054
8, 82, 0.000, 0.056
8, 83, 0.000, 0.055
8, 84, 0.000, 0.056
8, 85, 0.000, 0.055
8, 86, 0.000, 0.056
8, 87, 0.000, 0.055
8, 88, 0.000, 0.055
8, 89, 0.000, 0.055
8, 90, 0.000, 0.055
8, 91, 0.000, 0.054
8, 92, 0.000, 0.056
8, 93, 0.000, 0.054
8, 94, 0.000, 0.056
8, 95, 0.000, 0.054
8, 96, 0.000, 0.055
8, 97, 0.000, 0.054
8, 98, 0.000, 0.055
8, 99, 0.000, 0.055
8, 100, 0.000, 0.056
9, 0, 0.000, 0.001
9, 1, 24.861, 0.054
9, 2, 24.861, 0.055
9, 3, 19.395, 46.156
9, 4, 18.414, 0.056
9, 5, 13.397, 95.314
9, 6, 13.397, 0.056
9, 7, 0.000, 173.232
9, 8, 0.000, 0.054
9, 9, 0.000, 0.053
9, 10, 0.000, 0.055
9, 11, 0.000, 0.056
9, 12, 0.000, 0.055
9, 13, 0.000, 0.056
9, 14, 0.000, 0.056
9, 15, 0.000, 0.057
9, 16, 0.000, 0.056
9, 17, 0.000, 0.056
9, 18, 0.000, 406.140
9, 19, 0.000, 0.054
9, 20, 0.000, 0.056
9, 21, 0.000, 0.055
9, 22, 0.000, 0.056
9, 23, 0.000, 0.055
9, 24, 0.000, 0.055
9, 25, 0.000, 0.054
9, 26, 0.000, 0.055
9, 27, 0.000, 0.056
9, 28, 0.000, 0.056
9, 29, 0.000, 0.055
9, 30, 0.000, 0.056
9, 31, 0.000, 0.053
9, 32, 0.000, 0.055
9, 33, 0.000, 0.055
9, 34, 0.000, 0.055
9, 35, 0.000, 0.056
9, 36, 0.000, 0.055
9, 37, 0.000, 0.054
9, 38, 0.000, 0.055
9, 39, 0.000, 0.054
9, 40, 0.000, 0.054
9, 41, 0.000, 0.055
9, 42, 0.000, 0.056
9, 43, 0.000, 0.055
9, 44, 0.000, 0.056
9, 45, 0.000, 0.055
9, 46, 0.000, 0.056
9, 47, 0.000, 0.054
9, 48, 0.000, 0.055
9, 49, 0.000, 0.056
9, 50, 0.000, 0.055
9, 51, 0.000, 0.055
9, 52, 0.000, 0.055
9, 53, 0.000, 0.055
9, 54, 0.000, 0.055
9, 55, 0.000, 0.054
9, 56, 0.000, 0.055
9, 57, 0.000, 0.055
9, 58, 0.000, 0.055
9, 59, 0.000, 423.246
9, 60, 0.000, 0.056
9, 61, 0.000, 0.054
9, 62, 0.000, 0.055
9, 63, 0.000, 0.055
9, 64, 0.000, 0.056
9, 65, 0.000, 0.055
9, 66, 0.000, 0.056
9, 67, 0.000, 0.055
9, 68, 0.000, 0.055
9, 69, 0.000, 0.053
9, 70, 0.000, 0.056
9, 71, 0.000, 0.054
9, 72, 0.000, 0.056
9, 73, 0.000, 0.055
9, 74, 0.000, 0.056
9, 75, 0.000, 0.054
9, 76, 0.000, 0.056
9, 77, 0.000, 0.054
9, 78, 0.000, 0.055
9, 79, 0.000, 0.055
9, 80, 0.000, 0.056
9, 81, 0.000, 0.055
9, 82, 0.000, 0.054
9, 83, 0.000, 0.056
9, 84, 0.000, 0.056
9, 85, 0.000, 0.054
9, 86, 0.000, 0.056
9, 87, 0.000, 0.055
9, 88, 0.000, 0.055
9, 89, 0.000, 0.055
9, 90, 0.000, 0.055
9, 91, 0.000, 0.054
9, 92, 0.000, 0.056
9, 93, 0.000, 0.054
9, 94, 0.000, 0.056
9, 95, 0.000, 0.054
9, 96, 0.000, 0.056
9, 97, 0.000, 0.056
9, 98, 0.000, 0.055
9, 99, 0.000, 0.055
9, 100, 0.000, 0.055
10, 0, 41.924, 0.001
10, 1, 17.231, 0.055
10, 2, 17.231, 0.056
10, 3, 17.231, 0.055
10, 4, 7.544, 53.205
10, 5, 7.544, 0.056
10, 6, 7.544, 0.055
10, 7, 0.000, 112.721
10, 8, 0.000, 0.056
10, 9, 0.000, 0.055
10, 10, 0.000, 0.056
10, 11, 0.000, 0.055
10, 12, 0.000, 0.056
10, 13, 0.000, 0.056
10, 14, 0.000, 0.056
10, 15, 0.000, 0.054
10, 16, 0.000, 0.056
10, 17, 0.000, 0.055
10, 18, 0.000, 0.055
10, 19, 0.000, 0.055
10, 20, 0.000, 0.056
10, 21, 0.000, 0.055
10, 22, 0.000, 0.056
10, 23, 0.000, 0.054
10, 24, 0.000, 0.055
10, 25, 0.000, 0.054
10, 26, 0.000, 0.055
10, 27, 0.000, 0.055
10, 28, 0.000, 0.056
10, 29, 0.000, 0.054
10, 30, 0.000, 0.056
10, 31, 0.000, 0.054
10, 32, 0.000, 0.055
10, 33, 0.000, 0.055
10, 34, 0.000, 0.056
10, 35, 0.000, 0.055
10, 36, 0.000, 0.056
10, 37, 0.000, 0.054
10, 38, 0.000, 0.056
10, 39, 0.000, 0.054
10, 40, 0.000, 0.056
10, 41, 0.000, 0.054
10, 42, 0.000, 0.055
10, 43, 0.000, 0.054
10, 44, 0.000, 0.056
10, 45, 0.000, 0.055
10, 46, 0.000, 0.056
10, 47, 0.000, 0.054
10, 48, 0.000, 0.055
10, 49, 0.000, 0.055
10, 50, 0.000, 0.055
10, 51, 0.000, 0.056
10, 52, 0.000, 0.057
10, 53, 0.000, 0.055
10, 54, 0.000, 0.057
10, 55, 0.000, 0.056
10, 56, 0.000, 0.056
10, 57, 0.000, 0.055
10, 58, 0.000, 0.056
10, 59, 0.000, 0.055
10, 60, 0.000, 0.056
10, 61, 0.000, 0.056
10, 62, 0.000, 0.056
10, 63, 0.000, 0.056
10, 64, 0.000, 0.056
10, 65, 0.000, 0.056
10, 66, 0.000, 0.056
10, 67, 0.000, 0.057
10, 68, 0.000, 0.056
10, 69, 0.000, 0.056
10, 70, 0.000, 0.056
10, 71, 0.000, 0.056
10, 72, 0.000, 0.057
10, 73, 0.000, 0.056
10, 74, 0.000, 0.056
10, 75, 0.000, 0.056
10, 76, 0.000, 0.057
10, 77, 0.000, 0.056
10, 78, 0.000, 0.057
10, 79, 0.000, 0.056
10, 80, 0.000, 0.056
10, 81, 0.000, 0.057
10, 82, 0.000, 0.056
10, 83, 0.000, 0.056
10, 84, 0.000, 0.056
10, 85, 0.000, 0.056
10, 86, 0.000, 0.056
10, 87, 0.000, 0.056
10, 88, 0.000, 0.055
10, 89, 0.000, 0.056
10, 90, 0.000, 0.056
10, 91, 0.000, 0.057
10, 92, 0.000, 0.057
10, 93, 0.000, 0.056
10, 94, 0.000, 0.056
10, 95, 0.000, 0.055
10, 96, 0.000, 0.056
10, 97, 0.000, 0.055
10, 98, 0.000, 0.056
10, 99, 0.000, 0.057
10, 100, 0.000, 0.056
11, 0, 0.000, 0.001
11, 1, 21.028, 0.055
11, 2, 21.028, 0.056
11, 3, 21.028, 0.057
11, 4, 8.820, 54.134
11, 5, 8.820, 0.056
11, 6, 0.000, 91.047
11, 7, 0.000, 0.056
11, 8, 0.000, 0.057
11, 9, 0.000, 0.057
11, 10, 0.000, 0.056
11, 11, 0.000, 0.057
11, 12, 0.000, 0.056
11, 13, 0.000, 0.056
11, 14, 0.000, 0.057
11, 15, 0.000, 0.054
11, 16, 0.000, 0.054
11, 17, 0.000, 0.053
11, 18, 0.000, 0.053
11, 19, 0.000, 0.054
11, 20, 0.000, 0.054
11, 21, 0.000, 0.055
11, 22, 0.000, 0.053
11, 23, 0.000, 0.054
11, 24, 0.000, 0.054
11, 25, 0.000, 0.058
11, 26, 0.000, 0.055
11, 27, 0.000, 0.055
11, 28, 0.000, 0.056
11, 29, 0.000, 0.056
11, 30, 0.000, 0.057
11, 31, 0.000, 0.056
11, 32, 0.000, 0.056
11, 33, 0.000, 0.056
11, 34, 0.000, 0.056
11, 35, 0.000, 0.057
11, 36, 0.000, 0.056
11, 37, 0.000, 0.056
11, 38, 0.000, 0.056
11, 39, 0.000, 0.057
11, 40, 0.000, 0.056
11, 41, 0.000, 0.056
11, 42, 0.000, 0.056
11, 43, 0.000, 0.057
11, 44, 0.000, 0.056
11, 45, 0.000, 0.057
11, 46, 0.000, 0.055
11, 47, 0.000, 0.057
11, 48, 0.000, 0.057
11, 49, 0.000, 0.056
11, 50, 0.000, 0.056
11, 51, 0.000, 0.056
11, 52, 0.000, 0.056
11, 53, 0.000, 0.056
11, 54, 0.000, 0.056
11, 55, 0.000, 0.056
11, 56, 0.000, 0.056
11, 57, 0.000, 0.055
11, 58, 0.000, 0.057
11, 59, 0.000, 0.056
11, 60, 0.000, 0.056
11, 61, 0.000, 0.056
11, 62, 0.000, 0.056
11, 63, 0.000, 0.056
11, 64, 0.000, 0.055
11, 65, 0.000, 0.057
11, 66, 0.000, 0.056
11, 67, 0.000, 0.056
11, 68, 0.000, 0.056
11, 69, 0.000, 0.056
11, 70, 0.000, 0.056
11, 71, 0.000, 0.057
11, 72, 0.000, 0.055
11, 73, 0.000, 0.056
11, 74, 0.000, 0.056
11, 75, 0.000, 0.057
11, 76, 0.000, 0.055
11, 77, 0.000, 0.056
11, 78, 0.000, 0.056
11, 79, 0.000, 0.056
11, 80, 0.000, 0.055
11, 81, 0.000, 0.056
11, 82, 0.000, 0.056
11, 83, 0.000, 0.056
11, 84, 0.000, 0.056
11, 85, 0.000, 0.056
11, 86, 0.000, 0.056
11, 87, 0.000, 0.055
11, 88, 0.000, 0.056
11, 89, 0.000, 0.057
11, 90, 0.000, 0.056
11, 91, 0.000, 0.056
11, 92, 0.000, 0.056
11, 93, 0.000, 0.057
11, 94, 0.000, 0.056
11, 95, 0.000, 0.055
11, 96, 0.000, 0.057
11, 97, 0.000, 0.056
11, 98, 0.000, 0.057
11, 99, 0.000, 0.057
11, 100, 0.000, 0.056
12, 0, 16.661, 0.001
12, 1, 0.264, 0.053
12, 2, 0.264, 0.054
12, 3, 0.264, 0.056
12, 4, 0.264, 24.701
12, 5, 0.000, 0.056
12, 6, 0.000, 0.056
12, 7, 0.000, 0.056
12, 8, 0.000, 33.049
12, 9, 0.000, 179.798
12, 10, 0.000, 0.057
12, 11, 0.000, 0.058
12, 12, 0.000, 0.057
12, 13, 0.000, 0.056
12, 14, 0.000, 0.056
12, 15, 0.000, 0.056
12, 16, 0.000, 0.056
12, 17, 0.000, 0.057
12, 18, 0.000, 0.056
12, 19, 0.000, 0.056
12, 20, 0.000, 0.056
12, 21, 0.000, 0.057
12, 22, 0.000, 0.054
12, 23, 0.000, 0.057
12, 24, 0.000, 169.767
12, 25, 0.000, 0.053
12, 26, 0.000, 0.053
12, 27, 0.000, 0.053
12, 28, 0.000, 0.053
12, 29, 0.264, 0.054
12, 30, 0.000, 0.054
12, 31, 0.000, 0.056
12, 32, 0.000, 0.056
12, 33, 0.000, 0.056
12, 34, 0.000, 0.056
12, 35, 0.000, 0.057
12, 36, 0.000, 0.057
12, 37, 0.000, 0.057
12, 38, 0.000, 0.057
12, 39, 0.000, 0.056
12, 40, 0.000, 0.056
12, 41, 0.000, 0.057
12, 42, 0.000, 0.056
12, 43, 0.000, 0.057
12, 44, 0.000, 0.057
12, 45, 0.000, 0.056
12, 46, 0.000, 53.662
12, 47, 0.000, 0.056
12, 48, 0.000, 0.056
12, 49, 0.000, 0.057
12, 50, 0.000, 0.057
12, 51, 0.000, 0.056
12, 52, 0.000, 0.057
12, 53, 0.000, 0.057
12, 54, 0.000, 0.056
12, 55, 0.000, 0.056
12, 56, 0.000, 0.056
12, 57, 0.000, 0.056
12, 58, 0.000, 0.056
12, 59, 0.000, 0.057
12, 60, 0.000, 0.057
12, 61, 0.000, 0.057
12, 62, 0.000, 0.056
12, 63, 0.000, 0.056
12, 64, 0.000, 0.055
12, 65, 0.000, 0.057
12, 66, 0.000, 0.056
12, 67, 0.264, 0.056
12, 68, 0.000, 0.057
12, 69, 0.000, 0.057
12, 70, 0.000, 0.057
12, 71, 0.264, 0.056
12, 72, 0.000, 0.057
12, 73, 0.000, 0.056
12, 74, 0.000, 0.057
12, 75, 0.000, 0.057
12, 76, 0.000, 0.056
12, 77, 0.000, 0.056
12, 78, 0.000, 0.055
12, 79, 0.000, 0.057
12, 80, 0.000, 0.056
12, 81, 0.000, 0.056
12, 82, 0.000, 0.056
12, 83, 0.000, 0.056
12, 84, 0.000, 0.056
12, 85, 0.000, 0.057
12, 86, 0.000, 0.056
12, 87, 0.000, 0.055
12, 88, 0.000, 0.056
12, 89, 0.000, 0.056
12, 90, 0.000, 0.056
12, 91, 0.000, 0.056
12, 92, 0.000, 0.055
12, 93, 0.000, 0.056
12, 94, 0.000, 0.055
12, 95, 0.000, 0.056
12, 96, 0.000, 0.057
12, 97, 0.000, 0.056
12, 98, 0.000, 0.056
12, 99, 0.000, 0.055
12, 100, 0.000, 0.056
13, 0, 27.721, 0.001
13, 1, 5.014, 0.054
13, 2, 5.014, 0.055
13, 3, 2.464, 46.487
13, 4, 2.464, 0.056
13, 5, 2.464, 0.056
13, 6, 2.464, 0.057
13, 7, 2.464, 0.056
13, 8, 2.464, 0.057
13, 9, 2.464, 0.056
13, 10, 2.464, 212.936
13, 11, 2.464, 0.053
13, 12, 2.464, 0.055
13, 13, 0.000, 0.057
13, 14, 0.000, 0.057
13, 15, 0.000, 0.057
13, 16, 0.000, 0.057
13, 17, 0.000, 0.056
13, 18, 0.000, 0.056
13, 19, 0.000, 0.056
13, 20, 0.000, 0.056
13, 21, 0.000, 0.056
13, 22, 0.000, 0.056
13, 23, 0.000, 0.056
13, 24, 0.000, 0.056
13, 25, 0.000, 0.056
13, 26, 0.000, 0.056
13, 27, 0.000, 0.057
13, 28, 0.000, 0.055
13, 29, 0.000, 0.056
13, 30, 0.000, 230.952
13, 31, 0.000, 0.055
13, 32, 0.000, 0.057
13, 33, 0.000, 0.055
13, 34, 0.000, 0.057
13, 35, 0.000, 0.057
13, 36, 0.000, 0.056
13, 37, 0.000, 0.056
13, 38, 0.000, 0.057
13, 39, 0.000, 0.056
13, 40, 0.000, 0.058
13, 41, 0.000, 0.057
13, 42, 0.000, 0.056
13, 43, 0.000, 0.056
13, 44, 0.000, 0.056
13, 45, 0.000, 0.057
13, 46, 0.000, 0.056
13, 47, 0.000, 0.058
13, 48, 0.000, 0.057
13, 49, 0.000, 0.057
13, 50, 0.000, 0.057
13, 51, 0.000, 0.057
13, 52, 0.000, 0.056
13, 53, 0.000, 0.057
13, 54, 0.000, 0.056
13, 55, 0.000, 0.056
13, 56, 0.000, 0.057
13, 57, 0.000, 0.056
13, 58, 0.000, 0.056
13, 59, 0.000, 0.057
13, 60, 0.000, 0.056
13, 61, 0.000, 0.057
13, 62, 0.000, 0.055
13, 63, 0.000, 0.056
13, 64, 0.000, 0.056
13, 65, 0.000, 0.056
13, 66, 0.000, 0.056
13, 67, 0.000, 0.056
13, 68, 0.000, 0.056
13, 69, 0.000, 0.056
13, 70, 0.000, 0.056
13, 71, 0.000, 0.055
13, 72, 0.000, 0.056
13, 73, 0.000, 0.057
13, 74, 0.000, 0.056
13, 75, 0.000, 0.058
13, 76, 0.000, 0.055
13, 77, 0.000, 0.057
13, 78, 0.000, 0.056
13, 79, 0.000, 0.056
13, 80, 0.000, 0.056
13, 81, 0.000, 0.057
13, 82, 0.000, 0.056
13, 83, 0.000, 0.056
13, 84, 0.000, 0.057
13, 85, 0.000, 0.056
13, 86, 0.000, 0.057
13, 87, 0.000, 0.056
13, 88, 0.000, 0.057
13, 89, 0.000, 0.057
13, 90, 0.000, 0.056
13, 91, 0.000, 0.056
13, 92, 0.000, 0.055
13, 93, 0.000, 0.057
13, 94, 0.000, 0.057
13, 95, 0.000, 0.056
13, 96, 0.000, 0.057
13, 97, 0.000, 0.057
13, 98, 0.000, 0.056
13, 99, 0.000, 0.057
13, 100, 0.000, 0.057
14, 0, 13.757, 0.001
14, 1, 6.517, 0.052
14, 2, 6.517, 0.057
14, 3, 6.517, 0.056
14, 4, 6.517, 24.372
14, 5, 6.517, 0.054
14, 6, 0.000, 89.183
14, 7, 0.000, 0.054
14, 8, 0.000, 0.054
14, 9, 0.000, 0.054
14, 10, 0.000, 0.054
14, 11, 0.000, 0.054
14, 12, 0.000, 0.055
14, 13, 0.000, 0.056
14, 14, 0.000, 0.055
14, 15, 0.000, 0.056
14, 16, 0.000, 0.056
14, 17, 0.000, 0.055
14, 18, 0.000, 0.056
14, 19, 0.000, 0.054
14, 20, 0.000, 0.056
14, 21, 0.000, 0.056
14, 22, 0.000, 0.056
14, 23, 0.000, 0.056
14, 24, 0.000, 0.057
14, 25, 0.000, 0.057
14, 26, 0.000, 0.056
14, 27, 0.000, 0.056
14, 28, 0.000, 0.055
14, 29, 0.000, 0.056
14, 30, 0.000, 0.055
14, 31, 0.000, 0.057
14, 32, 0.000, 0.056
14, 33, 0.000, 0.057
14, 34, 0.000, 0.056
14, 35, 0.000, 0.057
14, 36, 0.000, 0.056
14, 37, 0.000, 0.055
14, 38, 0.000, 0.057
14, 39, 0.000, 0.056
14, 40, 0.000, 0.055
14, 41, 0.000, 0.056
14, 42, 0.000, 0.057
14, 43, 0.000, 0.056
14, 44, 0.000, 0.056
14, 45, 0.000, 0.057
14, 46, 0.000, 0.056
14, 47, 0.000, 0.056
14, 48, 0.000, 0.056
14, 49, 0.000, 0.057
14, 50, 0.000, 0.057
14, 51, 0.000, 0.056
14, 52, 0.000, 0.056
14, 53, 0.000, 0.056
14, 54, 0.000, 0.056
14, 55, 0.000, 0.057
14, 56, 0.000, 0.056
14, 57, 0.000, 0.056
14, 58, 0.000, 0.055
14, 59, 0.000, 0.057
14, 60, 0.000, 0.056
14, 61, 0.000, 0.056
14, 62, 0.000, 0.056
14, 63, 0.000, 0.055
14, 64, 0.000, 0.057
14, 65, 0.000, 0.056
14, 66, 0.000, 0.057
14, 67, 0.000, 0.055
14, 68, 0.000, 0.056
14, 69, 0.000, 0.056
14, 70, 0.000, 0.055
14, 71, 0.000, 0.056
14, 72, 0.000, 0.057
14, 73, 0.000, 0.056
14, 74, 0.000, 0.056
14, 75, 0.000, 0.056
14, 76, 0.000, 0.057
14, 77, 0.000, 0.056
14, 78, 0.000, 0.057
14, 79, 0.000, 0.054
14, 80, 0.000, 0.057
14, 81, 0.000, 0.056
14, 82, 0.000, 0.056
14, 83, 0.000, 0.056
14, 84, 0.000, 0.056
14, 85, 0.000, 0.056
14, 86, 0.000, 0.056
14, 87, 0.000, 0.055
14, 88, 0.000, 0.057
14, 89, 0.000, 0.056
14, 90, 0.000, 0.057
14, 91, 0.000, 0.056
14, 92, 0.000, 0.055
14, 93, 0.000, 0.057
14, 94, 0.000, 0.056
14, 95, 0.000, 0.055
14, 96, 0.000, 0.057
14, 97, 0.000, 0.055
14, 98, 0.000, 0.056
14, 99, 0.000, 0.056
14, 100, 0.000, 0.057
15, 0, 19.181, 0.001
15, 1, 8.935, 0.055
15, 2, 8.935, 0.057
15, 3, 7.946, 46.630
15, 4, 7.946, 0.057
15, 5, 7.946, 0.057
15, 6, 7.946, 0.057
15, 7, 7.946, 0.056
15, 8, 0.000, 144.023
15, 9, 0.000, 0.056
15, 10, 0.000, 0.056
15, 11, 0.000, 0.056
15, 12, 0.000, 0.057
15, 13, 0.000, 0.057
15, 14, 0.000, 0.058
15, 15, 0.000, 0.057
15, 16, 0.000, 0.057
15, 17, 0.000, 0.057
15, 18, 0.000, 0.057
15, 19, 0.000, 0.057
15, 20, 0.000, 0.056
15, 21, 0.000, 0.056
15, 22, 0.000, 0.056
15, 23, 0.000, 0.056
15, 24, 0.000, 0.056
15, 25, 0.000, 0.058
15, 26, 0.000, 0.056
15, 27, 0.000, 0.056
15, 28, 0.000, 0.056
15, 29, 0.000, 0.057
15, 30, 0.000, 0.055
15, 31, 0.000, 0.056
15, 32, 0.000, 0.055
15, 33, 0.000, 691.233
15, 34, 0.000, 0.057
15, 35, 0.000, 0.056
15, 36, 0.000, 0.057
15, 37, 0.000, 0.056
15, 38, 0.000, 0.056
15, 39, 0.000, 0.055
15, 40, 0.000, 0.056
15, 41, 0.000, 0.055
15, 42, 0.000, 0.057
15, 43, 0.000, 0.057
15, 44, 0.000, 0.056
15, 45, 0.000, 0.057
15, 46, 0.000, 0.055
15, 47, 0.000, 0.056
15, 48, 0.000, 0.056
15, 49, 0.000, 1355.158
15, 50, 0.000, 0.055
15, 51, 0.000, 0.052
15, 52, 0.000, 0.054
15, 53, 0.000, 0.055
15, 54, 0.000, 0.057
15, 55, 0.000, 0.055
15, 56, 0.000, 0.057
15, 57, 0.000, 0.055
15, 58, 0.000, 0.057
15, 59, 0.000, 0.054
15, 60, 0.000, 0.057
15, 61, 0.000, 366.437
15, 62, 0.000, 0.058
15, 63, 0.000, 0.056
15, 64, 0.000, 0.057
15, 65, 0.000, 0.056
15, 66, 0.000, 0.057
15, 67, 0.000, 0.058
15, 68, 0.000, 0.058
15, 69, 0.000, 0.057
15, 70, 0.000, 0.058
15, 71, 0.000, 0.056
15, 72, 0.000, 0.057
15, 73, 0.000, 0.057
15, 74, 0.000, 0.057
15, 75, 0.000, 0.055
15, 76, 0.000, 0.056
15, 77, 0.000, 0.057
15, 78, 0.000, 0.057
15, 79, 0.000, 0.055
15, 80, 0.000, 0.056
15, 81, 0.000, 0.056
15, 82, 0.000, 0.057
15, 83, 0.000, 0.056
15, 84, 0.000, 0.057
15, 85, 0.000, 0.056
15, 86, 0.000, 0.057
15, 87, 0.000, 0.057
15, 88, 0.000, 0.057
15, 89, 0.000, 0.056
15, 90, 0.000, 0.057
15, 91, 0.000, 0.056
15, 92, 0.000, 0.056
15, 93, 0.000, 0.056
15, 94, 0.000, 0.057
15, 95, 0.000, 0.057
15, 96, 0.000, 0.056
15, 97, 0.000, 0.055
15, 98, 0.000, 0.057
15, 99, 0.000, 624.866
15, 100, 0.000, 0.053
16, 0, 40.717, 0.001
16, 1, 19.114, 0.053
16, 2, 19.114, 0.056
16, 3, 19.114, 0.056
16, 4, 13.297, 54.361
16, 5, 13.297, 0.055
16, 6, 13.297, 0.056
16, 7, 7.321, 108.974
16, 8, 0.000, 166.320
16, 9, 0.000, 0.055
16, 10, 0.000, 0.057
16, 11, 0.000, 0.057
16, 12, 0.000, 0.057
16, 13, 0.000, 0.057
16, 14, 0.000, 0.056
16, 15, 0.000, 0.057
16, 16, 0.000, 0.056
16, 17, 0.000, 0.057
16, 18, 0.000, 0.056
16, 19, 0.000, 0.056
16, 20, 0.000, 0.056
16, 21, 0.000, 0.057
16, 22, 0.000, 0.056
16, 23, 0.000, 0.057
16, 24, 0.000, 0.056
16, 25, 0.000, 0.056
16, 26, 0.000, 0.057
16, 27, 0.000, 0.057
16, 28, 0.000, 0.056
16, 29, 0.000, 0.057
16, 30, 0.000, 0.055
16, 31, 0.000, 0.055
16, 32, 0.000, 0.056
16, 33, 0.000, 0.057
16, 34, 0.000, 0.056
16, 35, 0.000, 0.056
16, 36, 0.000, 0.056
16, 37, 0.000, 0.056
16, 38, 0.000, 0.055
16, 39, 0.000, 0.057
16, 40, 0.000, 0.056
16, 41, 0.000, 0.056
16, 42, 0.000, 0.056
16, 43, 0.000, 0.056
16, 44, 0.000, 0.056
16, 45, 0.000, 0.056
16, 46, 0.000, 0.056
16, 47, 0.000, 0.056
16, 48, 0.000, 0.057
16, 49, 0.000, 0.057
16, 50, 0.000, 0.057
16, 51, 0.000, 0.057
16, 52, 0.000, 0.056
16, 53, 0.000, 0.057
16, 54, 0.000, 0.055
16, 55, 0.000, 0.056
16, 56, 0.000, 0.055
16, 57, 0.000, 0.056
16, 58, 0.000, 0.056
16, 59, 0.000, 0.056
16, 60, 0.000, 0.057
16, 61, 0.000, 0.056
16, 62, 0.000, 0.056
16, 63, 0.000, 0.056
16, 64, 0.000, 0.056
16, 65, 0.000, 0.056
16, 66, 0.000, 0.057
16, 67, 0.000, 0.056
16, 68, 0.000, 0.056
16, 69, 0.000, 0.055
16, 70, 0.000, 0.056
16, 71, 0.000, 0.056
16, 72, 0.000, 0.056
16, 73, 0.000, 0.056
16, 74, 0.000, 0.056
16, 75, 0.000, 0.056
16, 76, 0.000, 0.056
16, 77, 0.000, 0.056
16, 78, 0.000, 0.055
16, 79, 0.000, 0.057
16, 80, 0.000, 0.057
16, 81, 0.000, 0.056
16, 82, 0.000, 0.057
16, 83, 0.000, 0.057
16, 84, 0.000, 0.056
16, 85, 0.000, 0.056
16, 86, 0.000, 0.056
16, 87, 0.000, 0.056
16, 88, 0.000, 0.055
16, 89, 0.000, 0.057
16, 90, 0.000, 0.056
16, 91, 0.000, 0.056
16, 92, 0.000, 0.056
16, 93, 0.000, 0.057
16, 94, 0.000, 0.056
16, 95, 0.000, 0.056
16, 96, 0.000, 0.056
16, 97, 0.000, 0.056
16, 98, 0.000, 0.057
16, 99, 0.000, 0.056
16, 100, 0.000, 0.056
17, 0, 7.062, 0.001
17, 1, 17.327, 0.055
17, 2, 4.859, 32.478
17, 3, 4.859, 0.056
17, 4, 0.000, 0.056
17, 5, 0.000, 0.057
17, 6, 0.000, 18.598
17, 7, 0.000, 0.057
17, 8, 0.000, 0.057
17, 9, 0.000, 0.056
17, 10, 0.000, 0.057
17, 11, 0.000, 0.057
17, 12, 0.000, 0.056
17, 13, 0.000, 0.056
17, 14, 0.000, 0.056
17, 15, 0.000, 0.057
17, 16, 0.000, 0.055
17, 17, 0.000, 0.056
17, 18, 0.000, 0.056
17, 19, 0.000, 0.057
17, 20, 0.000, 0.056
17, 21, 0.000, 0.057
17, 22, 0.000, 0.055
17, 23, 0.000, 0.057
17, 24, 0.000, 0.057
17, 25, 0.000, 0.056
17, 26, 0.000, 0.055
17, 27, 0.000, 0.057
17, 28, 0.000, 0.056
17, 29, 0.000, 0.056
17, 30, 0.000, 0.056
17, 31, 0.000, 0.057
17, 32, 0.000, 0.056
17, 33, 0.000, 0.057
17, 34, 0.000, 0.055
17, 35, 0.000, 0.057
17, 36, 0.000, 0.056
17, 37, 0.000, 0.056
17, 38, 0.000, 0.055
17, 39, 0.000, 0.056
17, 40, 0.000, 0.056
17, 41, 0.000, 0.056
17, 42, 0.000, 0.056
17, 43, 0.000, 0.056
17, 44, 0.000, 0.057
17, 45, 0.000, 0.056
17, 46, 0.000, 0.055
17, 47, 0.000, 0.056
17, 48, 0.000, 0.055
17, 49, 0.000, 0.056
17, 50, 0.000, 0.056
17, 51, 0.000, 0.057
17, 52, 0.000, 0.056
17, 53, 0.000, 0.057
17, 54, 0.000, 0.055
17, 55, 0.000, 0.056
17, 56, 0.000, 0.055
17, 57, 0.000, 0.057
17, 58, 0.000, 0.056
17, 59, 0.000, 0.057
17, 60, 0.000, 0.056
17, 61, 0.000, 0.056
17, 62, 0.000, 0.055
17, 63, 0.000, 0.056
17, 64, 0.000, 0.055
17, 65, 0.000, 0.056
17, 66, 0.000, 0.056
17, 67, 0.000, 0.057
17, 68, 0.000, 0.056
17, 69, 0.000, 0.056
17, 70, 0.000, 0.056
17, 71, 0.000, 0.057
17, 72, 0.000, 0.057
17, 73, 0.000, 0.055
17, 74, 0.000, 0.055
17, 75, 0.000, 0.057
17, 76, 0.000, 0.056
17, 77, 0.000, 0.056
17, 78, 0.000, 0.057
17, 79, 0.000, 0.057
17, 80, 0.000, 0.056
17, 81, 0.000, 0.056
17, 82, 0.000, 0.056
17, 83, 0.000, 0.056
17, 84, 0.000, 0.055
17, 85, 0.000, 0.056
17, 86, 0.000, 0.056
17, 87, 0.000, 0.056
17, 88, 0.000, 0.056
17, 89, 0.000, 0.055
17, 90, 0.000, 0.057
17, 91, 0.000, 0.056
17, 92, 0.000, 0.056
17, 93, 0.000, 0.056
17, 94, 0.000, 0.055
17, 95, 0.000, 0.057
17, 96, 0.000, 0.057
17, 97, 0.000, 0.056
17, 98, 0.000, 0.056
17, 99, 0.000, 0.057
17, 100, 0.000, 0.056
18, 0, 22.551, 0.001
18, 1, 13.180, 0.054
18, 2, 13.180, 0.056
18, 3, 13.180, 0.056
18, 4, 11.479, 53.551
18, 5, 0.000, 0.055
18, 6, 0.000, 24.207
18, 7, 0.000, 0.057
18, 8, 0.000, 0.055
18, 9, 0.000, 0.056
18, 10, 0.000, 0.056
18, 11, 0.000, 0.057
18, 12, 0.000, 0.056
18, 13, 0.000, 302.303
18, 14, 0.029, 0.056
18, 15, 0.029, 0.055
18, 16, 0.029, 0.057
18, 17, 0.029, 0.056
18, 18, 0.029, 0.056
18, 19, 0.029, 0.056
18, 20, 0.029, 0.057
18, 21, 0.029, 96.832
18, 22, 0.029, 0.058
18, 23, 0.029, 0.056
18, 24, 0.029, 0.056
18, 25, 0.029, 0.056
18, 26, 0.029, 0.057
18, 27, 0.029, 0.056
18, 28, 0.029, 0.057
18, 29, 0.029, 0.056
18, 30, 0.029, 0.057
18, 31, 0.029, 0.055
18, 32, 0.029, 0.056
18, 33, 0.029, 0.055
18, 34, 0.029, 0.056
18, 35, 0.029, 0.055
18, 36, 0.029, 0.056
18, 37, 0.029, 0.056
18, 38, 0.029, 0.057
18, 39, 0.029, 0.056
18, 40, 0.029, 0.056
18, 41, 0.029, 0.057
18, 42, 0.029, 0.056
18, 43, 0.029, 0.055
18, 44, 0.029, 0.056
18, 45, 0.029, 0.057
18, 46, 0.029, 0.057
18, 47, 0.029, 0.056
18, 48, 0.029, 0.056
18, 49, 0.029, 0.056
18, 50, 0.029, 0.056
18, 51, 0.029, 0.056
18, 52, 0.029, 0.057
18, 53, 0.000, 72.702
18, 54, 0.000, 0.057
18, 55, 0.000, 0.055
18, 56, 0.000, 0.056
18, 57, 0.000, 0.056
18, 58, 0.000, 0.056
18, 59, 0.000, 0.056
18, 60, 0.000, 0.056
18, 61, 0.000, 0.056
18, 62, 0.029, 0.056
18, 63, 0.000, 0.057
18, 64, 0.029, 0.056
18, 65, 0.000, 0.057
18, 66, 0.029, 0.057
18, 67, 0.029, 0.056
18, 68, 0.029, 0.057
18, 69, 0.029, 0.055
18, 70, 0.029, 0.056
18, 71, 0.000, 0.055
18, 72, 0.029, 0.057
18, 73, 0.000, 0.057
18, 74, 0.000, 0.057
18, 75, 0.000, 0.055
18, 76, 0.000, 0.056
18, 77, 0.000, 0.057
18, 78, 0.029, 0.057
18, 79, 0.029, 0.056
18, 80, 0.029, 0.057
18, 81, 0.000, 0.055
18, 82, 0.000, 0.056
18, 83, 0.000, 0.056
18, 84, 0.000, 0.056
18, 85, 0.000, 0.055
18, 86, 0.000, 0.057
18, 87, 0.000, 0.056
18, 88, 0.000, 0.056
18, 89, 0.000, 0.056
18, 90, 0.000, 0.057
18, 91, 0.000, 0.055
18, 92, 0.029, 0.055
18, 93, 0.029, 0.056
18, 94, 0.029, 0.056
18, 95, 0.029, 0.056
18, 96, 0.029, 0.057
18, 97, 0.000, 0.056
18, 98, 0.000, 0.056
18, 99, 0.000, 0.055
18, 100, 0.000, 0.056
19, 0, 38.712, 0.001
19, 1, 23.234, 0.055
19, 2, 4.654, 32.257
19, 3, 4.654, 0.056
19, 4, 0.000, 0.057
19, 5, 0.000, 24.899
19, 6, 0.000, 0.057
19, 7, 0.000, 0.056
19, 8, 0.000, 0.055
19, 9, 0.000, 0.056
19, 10, 0.000, 0.056
19, 11, 0.000, 0.056
19, 12, 0.000, 0.056
19, 13, 0.000, 0.056
19, 14, 0.000, 0.055
19, 15, 0.000, 0.056
19, 16, 0.000, 0.056
19, 17, 0.000, 0.057
19, 18, 0.000, 0.057
19, 19, 0.000, 0.056
19, 20, 0.000, 0.056
19, 21, 0.000, 0.056
19, 22, 0.000, 0.056
19, 23, 0.000, 0.056
19, 24, 0.000, 0.056
19, 25, 0.000, 0.056
19, 26, 0.000, 0.056
19, 27, 0.000, 0.056
19, 28, 0.000, 0.056
19, 29, 0.000, 0.056
19, 30, 0.000, 0.056
19, 31, 0.000, 0.056
19, 32, 0.000, 0.056
19, 33, 0.000, 0.056
19, 34, 0.000, 0.056
19, 35, 0.000, 0.057
19, 36, 0.000, 0.056
19, 37, 0.000, 0.057
19, 38, 0.000, 0.056
19, 39, 0.000, 0.057
19, 40, 0.000, 0.054
19, 41, 0.000, 0.057
19, 42, 0.000, 0.056
19, 43, 0.000, 0.057
19, 44, 0.000, 0.056
19, 45, 0.000, 0.055
19, 46, 0.000, 0.057
19, 47, 0.000, 0.056
19, 48, 0.000, 0.057
19, 49, 0.000, 0.057
19, 50, 0.000, 0.056
19, 51, 0.000, 0.058
19, 52, 0.000, 0.055
19, 53, 0.000, 0.057
19, 54, 0.000, 0.056
19, 55, 0.000, 0.056
19, 56, 0.000, 0.056
19, 57, 0.000, 0.056
19, 58, 0.000, 0.055
19, 59, 0.000, 0.056
19, 60, 0.000, 0.056
19, 61, 0.000, 0.055
19, 62, 0.000, 0.056
19, 63, 0.000, 0.057
19, 64, 0.000, 0.057
19, 65, 0.000, 0.056
19, 66, 0.000, 0.056
19, 67, 0.000, 0.056
19, 68, 0.000, 0.055
19, 69, 0.000, 0.057
19, 70, 0.000, 0.056
19, 71, 0.000, 0.056
19, 72, 0.000, 0.056
19, 73, 0.000, 0.056
19, 74, 0.000, 0.056
19, 75, 0.000, 0.057
19, 76, 0.000, 0.056
19, 77, 0.000, 0.057
19, 78, 0.000, 0.056
19, 79, 0.000, 0.056
19, 80, 0.000, 0.056
19, 81, 0.000, 0.057
19, 82, 0.000, 0.056
19, 83, 0.000, 0.056
19, 84, 0.000, 0.056
19, 85, 0.000, 0.056
19, 86, 0.000, 0.057
19, 87, 0.000, 0.055
19, 88, 0.000, 0.055
19, 89, 0.000, 0.057
19, 90, 0.000, 0.056
19, 91, 0.000, 0.057
19, 92, 0.000, 0.056
19, 93, 0.000, 0.057
19, 94, 0.000, 0.056
19, 95, 0.000, 0.056
19, 96, 0.000, 0.056
19, 97, 0.000, 0.056
19, 98, 0.000, 0.057
19, 99, 0.000, 0.056
19, 100, 0.000, 0.055
20, 0, 22.456, 0.001
20, 1, 10.579, 0.054
20, 2, 10.579, 0.057
20, 3, 10.579, 0.057
20, 4, 8.065, 53.203
20, 5, 0.000, 0.055
20, 6, 0.000, 21.230
20, 7, 2.738, 135.680
20, 8, 0.000, 0.054
20, 9, 0.000, 51.383
20, 10, 0.000, 0.055
20, 11, 2.513, 0.057
20, 12, 0.000, 95.678
20, 13, 0.000, 0.054
20, 14, 0.000, 0.056
20, 15, 0.000, 0.056
20, 16, 0.000, 0.056
20, 17, 0.000, 0.056
20, 18, 0.000, 0.056
20, 19, 0.000, 0.056
20, 20, 0.000, 0.056
20, 21, 0.000, 0.055
20, 22, 0.000, 0.056
20, 23, 0.000, 0.056
20, 24, 0.000, 0.056
20, 25, 0.000, 0.056
20, 26, 0.000, 0.056
20, 27, 0.000, 0.056
20, 28, 0.000, 0.056
20, 29, 0.000, 0.058
20, 30, 0.000, 0.057
20, 31, 0.000, 0.056
20, 32, 0.000, 0.056
20, 33, 0.000, 0.057
20, 34, 0.000, 0.057
20, 35, 0.000, 0.057
20, 36, 0.000, 0.056
20, 37, 0.000, 0.056
20, 38, 0.000, 0.057
20, 39, 0.000, 0.056
20, 40, 0.000, 0.056
20, 41, 0.000, 0.057
20, 42, 0.000, 0.058
20, 43, 0.000, 0.057
20, 44, 0.000, 0.057
20, 45, 0.000, 0.056
20, 46, 0.000, 0.056
20, 47, 0.000, 0.057
20, 48, 0.000, 0.056
20, 49, 0.000, 0.057
20, 50, 0.000, 0.056
20, 51, 0.000, 0.056
20, 52, 0.000, 735.387
20, 53, 0.000, 0.055
20, 54, 0.000, 0.057
20, 55, 0.000, 0.055
20, 56, 0.000, 0.056
20, 57, 0.000, 0.058
20, 58, 0.000, 0.056
20, 59, 0.000, 0.058
20, 60, 0.000, 0.056
20, 61, 0.000, 0.057
20, 62, 0.000, 0.056
20, 63, 0.000, 0.057
20, 64, 0.000, 0.055
20, 65, 0.000, 0.057
20, 66, 0.000, 0.058
20, 67, 0.000, 0.056
20, 68, 0.000, 0.057
20, 69, 0.000, 0.057
20, 70, 0.000, 0.056
20, 71, 0.000, 0.057
20, 72, 0.000, 0.056
20, 73, 0.000, 0.057
20, 74, 0.000, 0.057
20, 75, 0.000, 0.057
20, 76, 0.000, 0.055
20, 77, 0.000, 0.056
20, 78, 0.000, 0.055
20, 79, 0.000, 0.056
20, 80, 0.000, 0.057
20, 81, 0.000, 0.057
20, 82, 0.000, 0.057
20, 83, 0.000, 0.055
20, 84, 0.000, 0.056
20, 85, 0.000, 0.057
20, 86, 0.000, 0.056
20, 87, 0.000, 0.057
20, 88, 0.000, 0.056
20, 89, 0.000, 0.057
20, 90, 0.000, 0.057
20, 91, 0.000, 0.055
20, 92, 0.000, 0.056
20, 93, 0.000, 0.056
20, 94, 0.000, 0.056
20, 95, 0.000, 0.057
20, 96, 0.000, 0.055
20, 97, 0.000, 0.057
20, 98, 0.000, 0.056
20, 99, 0.000, 0.057
20, 100, 0.000, 0.057
