Run, Query, Loss, Time
1, 0, 0.000, 0.002
1, 1, 0.000, 0.034
1, 2, 0.000, 0.026
1, 3, 0.000, 0.026
1, 4, 0.000, 11.507
1, 5, 0.000, 0.032
1, 6, 0.000, 0.026
1, 7, 0.000, 0.025
1, 8, 0.000, 0.025
1, 9, 0.000, 0.026
1, 10, 0.000, 0.026
1, 11, 0.000, 0.026
1, 12, 0.000, 0.026
1, 13, 0.000, 0.026
1, 14, 0.000, 0.025
1, 15, 0.000, 4.741
1, 16, 0.000, 0.026
1, 17, 0.000, 0.025
1, 18, 0.000, 0.026
1, 19, 0.000, 0.025
1, 20, 0.000, 0.025
1, 21, 0.000, 0.030
1, 22, 0.000, 0.026
1, 23, 0.000, 0.025
1, 24, 0.000, 0.028
1, 25, 0.000, 0.031
1, 26, 0.000, 0.027
1, 27, 0.000, 0.026
1, 28, 0.000, 0.027
1, 29, 0.000, 0.026
1, 30, 0.000, 0.035
1, 31, 0.000, 0.026
1, 32, 0.000, 0.029
1, 33, 0.000, 0.039
1, 34, 0.000, 0.026
1, 35, 0.000, 0.033
1, 36, 0.000, 0.061
1, 37, 0.000, 0.026
1, 38, 0.000, 0.068
1, 39, 0.000, 0.029
1, 40, 0.000, 0.034
1, 41, 0.000, 0.026
1, 42, 0.000, 0.031
1, 43, 0.000, 0.038
1, 44, 0.000, 0.039
1, 45, 0.000, 0.031
1, 46, 0.000, 0.061
1, 47, 0.000, 0.051
1, 48, 0.000, 0.062
1, 49, 0.000, 0.061
1, 50, 0.000, 0.061
1, 51, 0.000, 0.067
1, 52, 0.000, 0.030
1, 53, 0.000, 0.067
1, 54, 0.000, 0.044
1, 55, 0.000, 0.039
1, 56, 0.000, 0.067
1, 57, 0.000, 0.067
1, 58, 0.000, 0.068
1, 59, 0.000, 0.067
1, 60, 0.000, 0.068
1, 61, 0.000, 0.067
1, 62, 0.000, 0.068
1, 63, 0.000, 0.067
1, 64, 0.000, 0.067
1, 65, 0.000, 0.068
1, 66, 0.000, 0.069
1, 67, 0.000, 0.067
1, 68, 0.000, 0.068
1, 69, 0.000, 0.067
1, 70, 0.000, 0.068
1, 71, 0.000, 0.067
1, 72, 0.000, 0.068
1, 73, 0.000, 0.067
1, 74, 0.000, 0.068
1, 75, 0.000, 0.067
1, 76, 0.000, 0.068
1, 77, 0.000, 0.067
1, 78, 0.000, 0.069
1, 79, 0.000, 0.067
1, 80, 0.000, 0.068
1, 81, 0.000, 0.067
1, 82, 0.000, 0.068
1, 83, 0.000, 0.067
1, 84, 0.000, 0.067
1, 85, 0.000, 0.067
1, 86, 0.000, 0.067
1, 87, 0.000, 0.067
1, 88, 0.000, 0.068
1, 89, 0.000, 0.067
1, 90, 0.000, 0.068
1, 91, 0.000, 0.067
1, 92, 0.000, 0.067
1, 93, 0.000, 0.067
1, 94, 0.000, 0.067
1, 95, 0.000, 0.067
1, 96, 0.000, 0.067
1, 97, 0.000, 0.067
1, 98, 0.000, 0.067
1, 99, 0.000, 0.067
1, 100, 0.000, 0.068
2, 0, 23.761, 0.001
2, 1, 23.761, 0.034
2, 2, 16.707, 17.850
2, 3, 13.807, 0.037
2, 4, 13.807, 0.041
2, 5, 0.000, 53.003
2, 6, 0.000, 0.027
2, 7, 0.000, 0.027
2, 8, 2.901, 95.160
2, 9, 2.901, 0.025
2, 10, 0.000, 0.026
2, 11, 0.000, 0.026
2, 12, 0.000, 0.027
2, 13, 0.000, 0.026
2, 14, 0.000, 0.026
2, 15, 0.000, 0.028
2, 16, 0.000, 0.026
2, 17, 0.000, 0.025
2, 18, 0.000, 0.025
2, 19, 0.000, 0.025
2, 20, 0.000, 0.025
2, 21, 0.000, 0.025
2, 22, 0.000, 0.026
2, 23, 0.000, 0.028
2, 24, 0.000, 0.026
2, 25, 0.000, 0.026
2, 26, 0.000, 0.028
2, 27, 0.000, 0.026
2, 28, 0.000, 0.029
2, 29, 0.000, 0.028
2, 30, 0.000, 0.027
2, 31, 0.000, 0.031
2, 32, 0.000, 0.025
2, 33, 0.000, 0.039
2, 34, 0.000, 0.039
2, 35, 0.000, 0.028
2, 36, 0.000, 0.037
2, 37, 0.000, 0.061
2, 38, 0.000, 0.027
2, 39, 0.000, 0.030
2, 40, 0.000, 0.041
2, 41, 0.000, 0.045
2, 42, 0.000, 0.029
2, 43, 0.000, 0.061
2, 44, 0.000, 0.055
2, 45, 0.000, 0.027
2, 46, 0.000, 0.062
2, 47, 0.000, 0.047
2, 48, 0.000, 0.046
2, 49, 0.000, 0.061
2, 50, 0.000, 0.030
2, 51, 0.000, 0.030
2, 52, 0.000, 0.048
2, 53, 0.000, 0.035
2, 54, 0.000, 0.068
2, 55, 0.000, 0.067
2, 56, 0.000, 0.054
2, 57, 0.000, 0.068
2, 58, 0.000, 0.068
2, 59, 0.000, 0.068
2, 60, 0.000, 0.068
2, 61, 0.000, 0.068
2, 62, 0.000, 0.068
2, 63, 0.000, 0.031
2, 64, 0.000, 0.068
2, 65, 0.000, 0.067
2, 66, 0.000, 0.068
2, 67, 0.000, 0.067
2, 68, 0.000, 0.069
2, 69, 0.000, 0.067
2, 70, 0.000, 0.068
2, 71, 0.000, 0.068
2, 72, 0.000, 0.068
2, 73, 0.000, 0.068
2, 74, 0.000, 0.068
2, 75, 0.000, 0.067
2, 76, 0.000, 0.068
2, 77, 0.000, 0.067
2, 78, 0.000, 0.068
2, 79, 0.000, 0.067
2, 80, 0.000, 0.068
2, 81, 0.000, 0.068
2, 82, 0.000, 0.067
2, 83, 0.000, 0.067
2, 84, 0.000, 0.068
2, 85, 0.000, 0.067
2, 86, 0.000, 0.068
2, 87, 0.000, 0.067
2, 88, 0.000, 0.067
2, 89, 0.000, 0.067
2, 90, 0.000, 0.067
2, 91, 0.000, 0.067
2, 92, 0.000, 0.068
2, 93, 0.000, 0.067
2, 94, 0.000, 0.068
2, 95, 0.000, 0.067
2, 96, 0.000, 0.068
2, 97, 0.000, 0.067
2, 98, 0.000, 0.068
2, 99, 0.000, 0.067
2, 100, 0.000, 0.068
3, 0, 33.174, 0.001
3, 1, 17.848, 0.041
3, 2, 17.848, 0.026
3, 3, 18.472, 18.046
3, 4, 18.472, 0.025
3, 5, 15.735, 36.615
3, 6, 15.735, 0.032
3, 7, 0.000, 57.717
3, 8, 0.000, 0.025
3, 9, 0.000, 0.026
3, 10, 0.000, 0.025
3, 11, 0.000, 0.025
3, 12, 0.000, 0.026
3, 13, 0.000, 0.025
3, 14, 0.000, 0.027
3, 15, 0.000, 0.026
3, 16, 0.000, 0.025
3, 17, 0.000, 0.026
3, 18, 0.000, 0.030
3, 19, 0.000, 0.025
3, 20, 0.000, 0.026
3, 21, 0.000, 0.028
3, 22, 0.000, 0.025
3, 23, 0.000, 0.026
3, 24, 0.000, 0.026
3, 25, 0.000, 0.026
3, 26, 0.000, 0.029
3, 27, 0.000, 0.031
3, 28, 0.000, 0.028
3, 29, 0.000, 0.039
3, 30, 0.000, 0.036
3, 31, 0.000, 0.061
3, 32, 0.000, 0.031
3, 33, 0.000, 0.028
3, 34, 0.000, 0.035
3, 35, 0.000, 390.457
3, 36, 0.000, 0.027
3, 37, 0.000, 0.027
3, 38, 0.000, 0.029
3, 39, 0.000, 0.026
3, 40, 0.000, 0.026
3, 41, 0.000, 0.028
3, 42, 0.000, 0.048
3, 43, 0.000, 0.041
3, 44, 0.000, 0.038
3, 45, 0.000, 0.036
3, 46, 0.000, 0.062
3, 47, 0.000, 0.039
3, 48, 0.000, 0.055
3, 49, 0.000, 0.029
3, 50, 0.000, 0.027
3, 51, 0.000, 0.051
3, 52, 0.000, 0.027
3, 53, 0.000, 0.041
3, 54, 0.000, 0.028
3, 55, 0.000, 0.061
3, 56, 0.000, 0.061
3, 57, 0.000, 0.061
3, 58, 0.000, 0.032
3, 59, 0.000, 0.064
3, 60, 0.000, 0.052
3, 61, 0.000, 0.046
3, 62, 0.000, 0.063
3, 63, 0.000, 0.067
3, 64, 0.000, 0.068
3, 65, 0.000, 0.067
3, 66, 0.000, 0.068
3, 67, 0.000, 0.067
3, 68, 0.000, 0.068
3, 69, 0.000, 0.067
3, 70, 0.000, 0.068
3, 71, 0.000, 0.069
3, 72, 0.000, 0.068
3, 73, 0.000, 0.068
3, 74, 0.000, 0.068
3, 75, 0.000, 0.068
3, 76, 0.000, 0.068
3, 77, 0.000, 0.068
3, 78, 0.000, 0.068
3, 79, 0.000, 0.070
3, 80, 0.000, 0.068
3, 81, 0.000, 0.068
3, 82, 0.000, 0.068
3, 83, 0.000, 0.068
3, 84, 0.000, 0.068
3, 85, 0.000, 0.067
3, 86, 0.000, 0.067
3, 87, 0.000, 0.068
3, 88, 0.000, 0.068
3, 89, 0.000, 0.068
3, 90, 0.000, 0.067
3, 91, 0.000, 0.067
3, 92, 0.000, 0.067
3, 93, 0.000, 0.067
3, 94, 0.000, 0.067
3, 95, 0.000, 0.067
3, 96, 0.000, 0.067
3, 97, 0.000, 0.067
3, 98, 0.000, 0.067
3, 99, 0.000, 0.067
3, 100, 0.000, 0.068
4, 0, 25.866, 0.001
4, 1, 15.452, 0.034
4, 2, 11.220, 17.799
4, 3, 11.220, 0.025
4, 4, 7.029, 43.027
4, 5, 7.029, 0.032
4, 6, 7.029, 0.033
4, 7, 7.029, 0.026
4, 8, 7.029, 0.025
4, 9, 0.000, 71.815
4, 10, 0.000, 0.027
4, 11, 0.000, 0.025
4, 12, 0.000, 0.027
4, 13, 0.000, 0.026
4, 14, 0.000, 0.025
4, 15, 0.000, 0.025
4, 16, 0.000, 0.026
4, 17, 0.000, 0.025
4, 18, 0.000, 0.025
4, 19, 0.000, 0.028
4, 20, 0.000, 0.038
4, 21, 0.000, 0.028
4, 22, 0.000, 0.026
4, 23, 0.000, 0.036
4, 24, 0.000, 0.057
4, 25, 0.000, 0.033
4, 26, 0.000, 0.026
4, 27, 0.000, 0.042
4, 28, 0.000, 0.061
4, 29, 0.000, 0.061
4, 30, 0.000, 0.043
4, 31, 0.000, 0.053
4, 32, 0.000, 0.061
4, 33, 0.000, 0.043
4, 34, 0.000, 0.061
4, 35, 0.000, 0.061
4, 36, 0.000, 0.068
4, 37, 0.000, 0.061
4, 38, 0.000, 0.068
4, 39, 0.000, 0.061
4, 40, 0.000, 0.068
4, 41, 0.000, 0.067
4, 42, 0.000, 0.067
4, 43, 0.000, 0.067
4, 44, 0.000, 0.035
4, 45, 0.000, 0.067
4, 46, 0.000, 0.068
4, 47, 0.000, 0.068
4, 48, 0.000, 0.067
4, 49, 0.000, 0.067
4, 50, 0.000, 0.068
4, 51, 0.000, 0.068
4, 52, 0.000, 0.069
4, 53, 0.000, 0.067
4, 54, 0.000, 0.068
4, 55, 0.000, 0.067
4, 56, 0.000, 0.068
4, 57, 0.000, 0.067
4, 58, 0.000, 0.067
4, 59, 0.000, 0.068
4, 60, 0.000, 0.069
4, 61, 0.000, 0.068
4, 62, 0.000, 0.067
4, 63, 0.000, 0.068
4, 64, 0.000, 0.068
4, 65, 0.000, 0.067
4, 66, 0.000, 0.067
4, 67, 0.000, 0.067
4, 68, 0.000, 0.068
4, 69, 0.000, 0.067
4, 70, 0.000, 0.067
4, 71, 0.000, 0.067
4, 72, 0.000, 0.068
4, 73, 0.000, 0.067
4, 74, 0.000, 0.068
4, 75, 0.000, 0.067
4, 76, 0.000, 0.068
4, 77, 0.000, 0.068
4, 78, 0.000, 0.068
4, 79, 0.000, 0.068
4, 80, 0.000, 0.068
4, 81, 0.000, 0.068
4, 82, 0.000, 0.068
4, 83, 0.000, 0.067
4, 84, 0.000, 0.068
4, 85, 0.000, 0.068
4, 86, 0.000, 0.069
4, 87, 0.000, 0.068
4, 88, 0.000, 0.068
4, 89, 0.000, 0.068
4, 90, 0.000, 0.068
4, 91, 0.000, 0.068
4, 92, 0.000, 0.067
4, 93, 0.000, 0.068
4, 94, 0.000, 0.068
4, 95, 0.000, 0.068
4, 96, 0.000, 0.068
4, 97, 0.000, 0.068
4, 98, 0.000, 0.068
4, 99, 0.000, 0.067
4, 100, 0.000, 0.067
5, 0, 1.534, 0.001
5, 1, 11.091, 0.034
5, 2, 9.557, 16.919
5, 3, 9.557, 0.025
5, 4, 9.557, 0.026
5, 5, 6.594, 34.677
5, 6, 0.000, 69.659
5, 7, 0.000, 0.027
5, 8, 0.000, 0.025
5, 9, 0.000, 0.026
5, 10, 0.000, 0.025
5, 11, 1.534, 104.772
5, 12, 0.000, 0.025
5, 13, 0.000, 0.025
5, 14, 0.000, 0.026
5, 15, 0.000, 0.026
5, 16, 0.000, 0.026
5, 17, 0.000, 0.025
5, 18, 0.000, 0.025
5, 19, 0.000, 0.026
5, 20, 0.000, 0.027
5, 21, 0.000, 0.026
5, 22, 0.000, 0.026
5, 23, 0.000, 0.027
5, 24, 0.000, 0.026
5, 25, 0.000, 97.604
5, 26, 0.000, 0.026
5, 27, 0.000, 0.027
5, 28, 0.000, 0.026
5, 29, 0.000, 0.025
5, 30, 0.000, 0.025
5, 31, 0.000, 0.027
5, 32, 0.000, 0.033
5, 33, 0.000, 0.026
5, 34, 0.000, 0.026
5, 35, 0.000, 0.037
5, 36, 0.000, 0.026
5, 37, 0.000, 0.028
5, 38, 0.000, 0.031
5, 39, 0.000, 0.027
5, 40, 0.000, 0.041
5, 41, 0.000, 0.041
5, 42, 0.000, 0.044
5, 43, 0.000, 0.033
5, 44, 0.000, 0.029
5, 45, 0.000, 0.061
5, 46, 0.000, 0.034
5, 47, 0.000, 0.052
5, 48, 0.000, 0.028
5, 49, 0.000, 0.033
5, 50, 0.000, 0.061
5, 51, 0.000, 0.059
5, 52, 0.000, 0.030
5, 53, 0.000, 0.027
5, 54, 0.000, 0.061
5, 55, 0.000, 0.053
5, 56, 0.000, 0.061
5, 57, 0.000, 0.061
5, 58, 0.000, 0.046
5, 59, 0.000, 0.061
5, 60, 0.000, 0.057
5, 61, 0.000, 0.067
5, 62, 0.000, 0.067
5, 63, 0.000, 0.067
5, 64, 0.000, 0.036
5, 65, 0.000, 0.067
5, 66, 0.000, 940.552
5, 67, 0.000, 0.047
5, 68, 0.000, 0.062
5, 69, 0.000, 0.061
5, 70, 0.000, 0.035
5, 71, 0.000, 0.033
5, 72, 0.000, 0.061
5, 73, 0.000, 0.060
5, 74, 0.000, 0.061
5, 75, 0.000, 0.051
5, 76, 0.000, 0.061
5, 77, 0.000, 0.060
5, 78, 0.000, 0.061
5, 79, 0.000, 0.061
5, 80, 0.000, 0.061
5, 81, 0.000, 0.061
5, 82, 0.000, 0.059
5, 83, 0.000, 0.045
5, 84, 0.000, 0.061
5, 85, 0.000, 0.061
5, 86, 0.000, 0.061
5, 87, 0.000, 0.061
5, 88, 0.000, 0.067
5, 89, 0.000, 0.025
5, 90, 0.000, 0.061
5, 91, 0.000, 0.047
5, 92, 0.000, 0.061
5, 93, 0.000, 0.042
5, 94, 0.000, 0.060
5, 95, 0.000, 0.065
5, 96, 0.000, 0.061
5, 97, 0.000, 0.067
5, 98, 0.000, 0.067
5, 99, 0.000, 0.067
5, 100, 0.000, 0.067
6, 0, 9.660, 0.001
6, 1, 16.285, 0.027
6, 2, 16.285, 0.027
6, 3, 16.285, 12.737
6, 4, 13.071, 0.026
6, 5, 4.781, 37.207
6, 6, 4.781, 0.025
6, 7, 4.781, 0.026
6, 8, 4.781, 0.025
6, 9, 0.000, 93.030
6, 10, 0.000, 0.027
6, 11, 0.000, 139.235
6, 12, 0.000, 0.031
6, 13, 0.000, 0.026
6, 14, 0.000, 0.026
6, 15, 0.000, 0.025
6, 16, 0.000, 0.025
6, 17, 0.000, 0.026
6, 18, 0.000, 0.026
6, 19, 0.000, 0.025
6, 20, 0.000, 0.026
6, 21, 0.000, 0.025
6, 22, 0.000, 0.025
6, 23, 0.000, 0.026
6, 24, 0.000, 0.027
6, 25, 0.000, 0.025
6, 26, 0.000, 0.025
6, 27, 0.000, 0.026
6, 28, 0.000, 9.907
6, 29, 0.000, 0.026
6, 30, 0.000, 0.027
6, 31, 0.000, 0.025
6, 32, 0.000, 0.026
6, 33, 0.000, 0.029
6, 34, 0.000, 0.028
6, 35, 0.000, 0.025
6, 36, 0.000, 0.028
6, 37, 0.000, 0.035
6, 38, 0.000, 0.026
6, 39, 0.000, 0.031
6, 40, 0.000, 0.042
6, 41, 0.000, 0.032
6, 42, 0.000, 0.042
6, 43, 0.000, 0.035
6, 44, 0.000, 0.028
6, 45, 0.000, 0.061
6, 46, 0.000, 0.028
6, 47, 0.000, 0.029
6, 48, 0.000, 0.027
6, 49, 0.000, 0.033
6, 50, 0.000, 0.056
6, 51, 0.000, 0.061
6, 52, 0.000, 0.045
6, 53, 0.000, 0.061
6, 54, 0.000, 0.034
6, 55, 0.000, 0.067
6, 56, 0.000, 0.046
6, 57, 0.000, 0.067
6, 58, 0.000, 0.067
6, 59, 0.000, 0.056
6, 60, 0.000, 0.067
6, 61, 0.000, 0.067
6, 62, 0.000, 0.067
6, 63, 0.000, 0.067
6, 64, 0.000, 0.068
6, 65, 0.000, 0.067
6, 66, 0.000, 0.067
6, 67, 0.000, 0.068
6, 68, 0.000, 0.068
6, 69, 0.000, 0.067
6, 70, 0.000, 0.068
6, 71, 0.000, 0.067
6, 72, 0.000, 0.068
6, 73, 0.000, 0.067
6, 74, 0.000, 0.068
6, 75, 0.000, 0.067
6, 76, 0.000, 0.067
6, 77, 0.000, 0.067
6, 78, 0.000, 0.067
6, 79, 0.000, 0.067
6, 80, 0.000, 0.067
6, 81, 0.000, 0.067
6, 82, 0.000, 0.067
6, 83, 0.000, 0.067
6, 84, 0.000, 0.067
6, 85, 0.000, 0.067
6, 86, 0.000, 0.067
6, 87, 0.000, 0.067
6, 88, 0.000, 0.067
6, 89, 0.000, 0.067
6, 90, 0.000, 0.067
6, 91, 0.000, 0.067
6, 92, 0.000, 0.067
6, 93, 0.000, 0.067
6, 94, 0.000, 0.068
6, 95, 0.000, 0.067
6, 96, 0.000, 0.067
6, 97, 0.000, 0.067
6, 98, 0.000, 0.067
6, 99, 0.000, 0.068
6, 100, 0.000, 0.068
7, 0, 36.076, 0.001
7, 1, 27.885, 0.027
7, 2, 18.328, 0.026
7, 3, 18.328, 10.692
7, 4, 0.000, 0.032
7, 5, 0.000, 18.070
7, 6, 0.000, 0.026
7, 7, 0.000, 0.026
7, 8, 0.000, 0.026
7, 9, 0.000, 0.026
7, 10, 0.000, 0.027
7, 11, 0.000, 0.026
7, 12, 0.000, 0.026
7, 13, 0.000, 0.025
7, 14, 0.000, 0.025
7, 15, 0.000, 0.026
7, 16, 0.000, 0.025
7, 17, 0.000, 0.026
7, 18, 0.000, 0.025
7, 19, 0.000, 0.028
7, 20, 0.000, 0.032
7, 21, 0.000, 0.033
7, 22, 0.000, 0.028
7, 23, 0.000, 0.026
7, 24, 0.000, 0.029
7, 25, 0.000, 0.027
7, 26, 0.000, 0.026
7, 27, 0.000, 0.035
7, 28, 0.000, 0.039
7, 29, 0.000, 0.032
7, 30, 0.000, 0.058
7, 31, 0.000, 0.029
7, 32, 0.000, 0.039
7, 33, 0.000, 0.048
7, 34, 0.000, 0.028
7, 35, 0.000, 0.061
7, 36, 0.000, 0.043
7, 37, 0.000, 0.067
7, 38, 0.000, 0.061
7, 39, 0.000, 0.068
7, 40, 0.000, 0.067
7, 41, 0.000, 0.049
7, 42, 0.000, 0.067
7, 43, 0.000, 0.045
7, 44, 0.000, 0.068
7, 45, 0.000, 0.067
7, 46, 0.000, 0.067
7, 47, 0.000, 0.067
7, 48, 0.000, 0.068
7, 49, 0.000, 0.067
7, 50, 0.000, 0.067
7, 51, 0.000, 0.067
7, 52, 0.000, 0.067
7, 53, 0.000, 0.069
7, 54, 0.000, 0.067
7, 55, 0.000, 0.067
7, 56, 0.000, 0.067
7, 57, 0.000, 0.067
7, 58, 0.000, 0.067
7, 59, 0.000, 0.067
7, 60, 0.000, 0.069
7, 61, 0.000, 0.068
7, 62, 0.000, 0.067
7, 63, 0.000, 0.067
7, 64, 0.000, 0.068
7, 65, 0.000, 0.069
7, 66, 0.000, 0.068
7, 67, 0.000, 0.067
7, 68, 0.000, 0.067
7, 69, 0.000, 0.067
7, 70, 0.000, 0.067
7, 71, 0.000, 0.068
7, 72, 0.000, 0.067
7, 73, 0.000, 0.067
7, 74, 0.000, 0.067
7, 75, 0.000, 0.068
7, 76, 0.000, 0.067
7, 77, 0.000, 0.067
7, 78, 0.000, 0.067
7, 79, 0.000, 0.068
7, 80, 0.000, 0.067
7, 81, 0.000, 0.068
7, 82, 0.000, 0.067
7, 83, 0.000, 0.070
7, 84, 0.000, 0.068
7, 85, 0.000, 0.068
7, 86, 0.000, 0.075
7, 87, 0.000, 0.068
7, 88, 0.000, 0.067
7, 89, 0.000, 0.068
7, 90, 0.000, 0.067
7, 91, 0.000, 0.068
7, 92, 0.000, 0.067
7, 93, 0.000, 0.061
7, 94, 0.000, 0.068
7, 95, 0.000, 0.067
7, 96, 0.000, 0.068
7, 97, 0.000, 0.068
7, 98, 0.000, 0.068
7, 99, 0.000, 0.068
7, 100, 0.000, 0.068
8, 0, 22.221, 0.001
8, 1, 16.862, 0.029
8, 2, 16.862, 0.033
8, 3, 3.943, 19.280
8, 4, 3.943, 0.027
8, 5, 0.447, 0.035
8, 6, 0.000, 56.300
8, 7, 0.000, 0.032
8, 8, 0.447, 0.026
8, 9, 0.000, 33.880
8, 10, 0.000, 0.025
8, 11, 0.000, 0.026
8, 12, 0.000, 0.026
8, 13, 0.000, 172.404
8, 14, 0.000, 0.026
8, 15, 0.000, 0.025
8, 16, 0.000, 0.026
8, 17, 0.000, 0.026
8, 18, 0.000, 0.025
8, 19, 0.000, 261.380
8, 20, 0.000, 0.025
8, 21, 0.000, 0.026
8, 22, 0.000, 0.026
8, 23, 0.000, 0.025
8, 24, 0.000, 0.025
8, 25, 0.000, 0.026
8, 26, 0.000, 0.025
8, 27, 0.000, 0.026
8, 28, 0.000, 0.025
8, 29, 0.000, 0.025
8, 30, 0.000, 0.025
8, 31, 0.000, 0.026
8, 32, 0.000, 0.026
8, 33, 0.000, 0.027
8, 34, 0.000, 0.026
8, 35, 0.000, 0.025
8, 36, 0.000, 0.026
8, 37, 0.000, 0.028
8, 38, 0.000, 0.025
8, 39, 0.000, 113.087
8, 40, 0.000, 0.026
8, 41, 0.000, 0.026
8, 42, 0.000, 0.026
8, 43, 0.000, 0.026
8, 44, 0.000, 0.025
8, 45, 0.000, 0.027
8, 46, 0.000, 0.025
8, 47, 0.000, 0.026
8, 48, 0.000, 0.025
8, 49, 0.000, 0.025
8, 50, 0.000, 0.025
8, 51, 0.000, 0.025
8, 52, 0.000, 0.027
8, 53, 0.000, 0.026
8, 54, 0.000, 0.026
8, 55, 0.000, 0.025
8, 56, 0.000, 0.026
8, 57, 0.000, 0.025
8, 58, 0.000, 0.025
8, 59, 0.000, 0.030
8, 60, 0.000, 0.026
8, 61, 0.000, 0.027
8, 62, 0.000, 0.029
8, 63, 0.000, 0.031
8, 64, 0.000, 0.032
8, 65, 0.000, 0.029
8, 66, 0.000, 0.029
8, 67, 0.000, 0.027
8, 68, 0.000, 0.032
8, 69, 0.000, 0.028
8, 70, 0.000, 0.038
8, 71, 0.000, 0.032
8, 72, 0.000, 0.033
8, 73, 0.000, 0.029
8, 74, 0.000, 0.029
8, 75, 0.000, 133.547
8, 76, 0.000, 0.029
8, 77, 0.000, 0.028
8, 78, 0.000, 0.033
8, 79, 0.000, 0.043
8, 80, 0.000, 0.025
8, 81, 0.000, 0.028
8, 82, 0.000, 0.033
8, 83, 0.000, 0.049
8, 84, 0.000, 0.044
8, 85, 0.000, 0.025
8, 86, 0.000, 0.029
8, 87, 0.000, 0.026
8, 88, 0.000, 0.031
8, 89, 0.000, 0.030
8, 90, 0.000, 0.041
8, 91, 0.000, 0.026
8, 92, 0.000, 0.027
8, 93, 0.000, 0.028
8, 94, 0.000, 0.050
8, 95, 0.000, 0.035
8, 96, 0.000, 0.055
8, 97, 0.000, 0.041
8, 98, 0.000, 0.025
8, 99, 0.000, 0.026
8, 100, 0.000, 0.025
9, 0, 0.000, 0.001
9, 1, 14.378, 0.034
9, 2, 0.981, 13.848
9, 3, 0.981, 0.025
9, 4, 0.981, 0.026
9, 5, 0.981, 0.026
9, 6, 0.981, 0.025
9, 7, 0.981, 0.026
9, 8, 0.981, 0.026
9, 9, 0.981, 27.028
9, 10, 0.981, 0.025
9, 11, 0.981, 0.026
9, 12, 0.981, 0.025
9, 13, 0.981, 0.025
9, 14, 0.981, 0.025
9, 15, 0.981, 156.390
9, 16, 0.981, 0.025
9, 17, 0.981, 0.026
9, 18, 0.981, 0.025
9, 19, 0.981, 0.025
9, 20, 0.000, 0.026
9, 21, 0.000, 0.026
9, 22, 0.000, 53.900
9, 23, 0.981, 0.025
9, 24, 0.981, 0.025
9, 25, 0.981, 0.026
9, 26, 0.981, 0.025
9, 27, 0.000, 0.025
9, 28, 0.000, 0.025
9, 29, 0.000, 0.025
9, 30, 0.000, 0.025
9, 31, 0.000, 0.026
9, 32, 0.000, 0.026
9, 33, 0.000, 0.025
9, 34, 0.000, 0.026
9, 35, 0.000, 0.026
9, 36, 0.000, 0.028
9, 37, 0.000, 0.025
9, 38, 0.000, 0.026
9, 39, 0.000, 0.026
9, 40, 0.000, 0.032
9, 41, 0.000, 0.025
9, 42, 0.000, 0.028
9, 43, 0.000, 0.033
9, 44, 0.000, 0.029
9, 45, 0.000, 0.029
9, 46, 0.000, 0.027
9, 47, 0.000, 0.027
9, 48, 0.000, 0.026
9, 49, 0.000, 0.027
9, 50, 0.000, 0.026
9, 51, 0.000, 0.026
9, 52, 0.000, 0.026
9, 53, 0.000, 0.028
9, 54, 0.000, 0.025
9, 55, 0.000, 0.028
9, 56, 0.000, 57.474
9, 57, 0.000, 0.025
9, 58, 0.000, 0.026
9, 59, 0.000, 0.026
9, 60, 0.000, 0.025
9, 61, 0.000, 0.026
9, 62, 0.000, 0.025
9, 63, 0.000, 0.026
9, 64, 0.000, 0.026
9, 65, 0.000, 0.026
9, 66, 0.000, 0.026
9, 67, 0.000, 0.027
9, 68, 0.000, 0.026
9, 69, 0.000, 0.025
9, 70, 0.000, 0.027
9, 71, 0.000, 0.025
9, 72, 0.000, 0.026
9, 73, 0.000, 0.027
9, 74, 0.000, 0.025
9, 75, 0.000, 0.026
9, 76, 0.000, 0.026
9, 77, 0.000, 0.025
9, 78, 0.000, 0.026
9, 79, 0.000, 0.026
9, 80, 0.000, 0.027
9, 81, 0.000, 0.025
9, 82, 0.000, 0.025
9, 83, 0.000, 0.026
9, 84, 0.000, 0.026
9, 85, 0.000, 0.026
9, 86, 0.000, 0.026
9, 87, 0.000, 0.030
9, 88, 0.000, 0.028
9, 89, 0.000, 0.026
9, 90, 0.000, 0.025
9, 91, 0.000, 0.026
9, 92, 0.000, 0.026
9, 93, 0.000, 0.027
9, 94, 0.000, 0.026
9, 95, 0.000, 0.026
9, 96, 0.000, 0.026
9, 97, 0.000, 0.025
9, 98, 0.000, 0.026
9, 99, 0.000, 0.026
9, 100, 0.000, 0.026
10, 0, 41.924, 0.001
10, 1, 23.735, 0.034
10, 2, 16.191, 14.177
10, 3, 16.191, 0.025
10, 4, 9.687, 0.033
10, 5, 9.687, 8.831
10, 6, 9.687, 0.025
10, 7, 0.000, 58.770
10, 8, 0.000, 0.025
10, 9, 0.000, 0.026
10, 10, 0.000, 0.026
10, 11, 0.000, 0.026
10, 12, 0.000, 0.025
10, 13, 0.000, 0.026
10, 14, 0.000, 0.026
10, 15, 0.000, 0.027
10, 16, 0.000, 0.026
10, 17, 0.000, 0.026
10, 18, 0.000, 0.027
10, 19, 0.000, 0.026
10, 20, 0.000, 0.025
10, 21, 0.000, 0.026
10, 22, 0.000, 0.025
10, 23, 0.000, 0.025
10, 24, 0.000, 0.026
10, 25, 0.000, 0.029
10, 26, 0.000, 0.026
10, 27, 0.000, 0.030
10, 28, 0.000, 0.032
10, 29, 0.000, 0.040
10, 30, 0.000, 0.030
10, 31, 0.000, 0.032
10, 32, 0.000, 0.058
10, 33, 0.000, 0.061
10, 34, 0.000, 0.046
10, 35, 0.000, 0.060
10, 36, 0.000, 0.061
10, 37, 0.000, 0.068
10, 38, 0.000, 0.026
10, 39, 0.000, 0.061
10, 40, 0.000, 0.067
10, 41, 0.000, 0.068
10, 42, 0.000, 0.046
10, 43, 0.000, 0.067
10, 44, 0.000, 0.029
10, 45, 0.000, 0.025
10, 46, 0.000, 0.038
10, 47, 0.000, 0.061
10, 48, 0.000, 0.068
10, 49, 0.000, 0.068
10, 50, 0.000, 0.068
10, 51, 0.000, 0.068
10, 52, 0.000, 0.067
10, 53, 0.000, 0.067
10, 54, 0.000, 0.067
10, 55, 0.000, 0.067
10, 56, 0.000, 0.052
10, 57, 0.000, 0.067
10, 58, 0.000, 0.068
10, 59, 0.000, 0.067
10, 60, 0.000, 0.061
10, 61, 0.000, 0.061
10, 62, 0.000, 0.068
10, 63, 0.000, 0.068
10, 64, 0.000, 0.067
10, 65, 0.000, 0.068
10, 66, 0.000, 0.068
10, 67, 0.000, 0.067
10, 68, 0.000, 0.067
10, 69, 0.000, 0.067
10, 70, 0.000, 0.067
10, 71, 0.000, 0.067
10, 72, 0.000, 0.067
10, 73, 0.000, 0.068
10, 74, 0.000, 0.068
10, 75, 0.000, 0.067
10, 76, 0.000, 0.068
10, 77, 0.000, 0.067
10, 78, 0.000, 0.067
10, 79, 0.000, 0.067
10, 80, 0.000, 0.067
10, 81, 0.000, 0.067
10, 82, 0.000, 0.068
10, 83, 0.000, 0.068
10, 84, 0.000, 0.068
10, 85, 0.000, 0.068
10, 86, 0.000, 0.068
10, 87, 0.000, 0.067
10, 88, 0.000, 0.068
10, 89, 0.000, 0.068
10, 90, 0.000, 0.068
10, 91, 0.000, 0.067
10, 92, 0.000, 0.067
10, 93, 0.000, 0.068
10, 94, 0.000, 0.068
10, 95, 0.000, 0.068
10, 96, 0.000, 0.068
10, 97, 0.000, 0.068
10, 98, 0.000, 0.068
10, 99, 0.000, 0.068
10, 100, 0.000, 0.068
11, 0, 0.000, 0.001
11, 1, 39.676, 0.041
11, 2, 31.672, 15.514
11, 3, 31.672, 0.025
11, 4, 25.625, 38.215
11, 5, 13.417, 0.025
11, 6, 0.000, 51.234
11, 7, 0.000, 0.032
11, 8, 0.000, 0.027
11, 9, 0.000, 0.027
11, 10, 0.000, 0.025
11, 11, 0.000, 0.026
11, 12, 0.000, 0.026
11, 13, 0.000, 0.026
11, 14, 0.000, 0.025
11, 15, 0.000, 0.027
11, 16, 0.000, 0.027
11, 17, 0.000, 0.029
11, 18, 0.000, 0.032
11, 19, 0.000, 0.031
11, 20, 0.000, 0.032
11, 21, 0.000, 0.029
11, 22, 0.000, 0.027
11, 23, 0.000, 0.027
11, 24, 0.000, 0.045
11, 25, 0.000, 0.054
11, 26, 0.000, 0.031
11, 27, 0.000, 0.044
11, 28, 0.000, 0.061
11, 29, 0.000, 0.039
11, 30, 0.000, 0.061
11, 31, 0.000, 0.061
11, 32, 0.000, 0.061
11, 33, 0.000, 0.047
11, 34, 0.000, 0.063
11, 35, 0.000, 0.067
11, 36, 0.000, 0.067
11, 37, 0.000, 0.068
11, 38, 0.000, 0.044
11, 39, 0.000, 0.061
11, 40, 0.000, 0.068
11, 41, 0.000, 0.068
11, 42, 0.000, 0.068
11, 43, 0.000, 0.069
11, 44, 0.000, 0.067
11, 45, 0.000, 0.067
11, 46, 0.000, 0.067
11, 47, 0.000, 0.067
11, 48, 0.000, 0.049
11, 49, 0.000, 0.025
11, 50, 0.000, 0.067
11, 51, 0.000, 0.067
11, 52, 0.000, 0.067
11, 53, 0.000, 0.067
11, 54, 0.000, 0.068
11, 55, 0.000, 0.068
11, 56, 0.000, 0.068
11, 57, 0.000, 0.069
11, 58, 0.000, 0.069
11, 59, 0.000, 0.068
11, 60, 0.000, 0.067
11, 61, 0.000, 0.067
11, 62, 0.000, 0.067
11, 63, 0.000, 0.067
11, 64, 0.000, 0.067
11, 65, 0.000, 0.068
11, 66, 0.000, 0.067
11, 67, 0.000, 0.067
11, 68, 0.000, 0.067
11, 69, 0.000, 0.067
11, 70, 0.000, 0.067
11, 71, 0.000, 0.067
11, 72, 0.000, 0.067
11, 73, 0.000, 0.067
11, 74, 0.000, 0.067
11, 75, 0.000, 0.067
11, 76, 0.000, 0.068
11, 77, 0.000, 0.067
11, 78, 0.000, 0.067
11, 79, 0.000, 0.068
11, 80, 0.000, 0.067
11, 81, 0.000, 0.068
11, 82, 0.000, 0.067
11, 83, 0.000, 0.068
11, 84, 0.000, 0.067
11, 85, 0.000, 0.067
11, 86, 0.000, 0.068
11, 87, 0.000, 0.067
11, 88, 0.000, 0.067
11, 89, 0.000, 0.067
11, 90, 0.000, 0.067
11, 91, 0.000, 0.067
11, 92, 0.000, 0.068
11, 93, 0.000, 0.068
11, 94, 0.000, 0.067
11, 95, 0.000, 0.067
11, 96, 0.000, 0.067
11, 97, 0.000, 0.068
11, 98, 0.000, 0.067
11, 99, 0.000, 0.068
11, 100, 0.000, 0.067
12, 0, 16.661, 0.001
12, 1, 9.902, 0.034
12, 2, 9.902, 0.027
12, 3, 9.902, 9.927
12, 4, 0.000, 0.032
12, 5, 0.000, 0.026
12, 6, 0.000, 0.025
12, 7, 0.000, 0.026
12, 8, 0.000, 0.025
12, 9, 0.000, 24.843
12, 10, 0.000, 0.026
12, 11, 0.000, 123.203
12, 12, 0.000, 0.030
12, 13, 0.000, 0.026
12, 14, 0.000, 0.025
12, 15, 0.000, 0.026
12, 16, 0.000, 0.027
12, 17, 0.000, 0.025
12, 18, 0.000, 0.026
12, 19, 0.000, 0.026
12, 20, 0.000, 0.025
12, 21, 0.000, 0.025
12, 22, 0.000, 0.025
12, 23, 0.000, 0.025
12, 24, 0.000, 43.323
12, 25, 0.000, 0.025
12, 26, 0.264, 0.025
12, 27, 0.264, 0.026
12, 28, 0.264, 0.026
12, 29, 0.264, 0.026
12, 30, 0.264, 0.025
12, 31, 0.264, 0.026
12, 32, 0.264, 0.027
12, 33, 0.264, 0.026
12, 34, 0.264, 0.026
12, 35, 0.000, 0.026
12, 36, 0.264, 0.026
12, 37, 0.000, 0.026
12, 38, 0.264, 0.026
12, 39, 0.264, 0.025
12, 40, 0.000, 0.026
12, 41, 0.264, 0.026
12, 42, 0.264, 0.026
12, 43, 0.264, 0.026
12, 44, 0.000, 0.026
12, 45, 0.000, 0.026
12, 46, 0.000, 0.026
12, 47, 0.000, 0.027
12, 48, 0.000, 0.026
12, 49, 0.000, 0.026
12, 50, 0.000, 0.026
12, 51, 0.000, 0.026
12, 52, 0.000, 0.026
12, 53, 0.000, 0.027
12, 54, 0.000, 0.026
12, 55, 0.000, 0.026
12, 56, 0.000, 0.026
12, 57, 0.000, 0.027
12, 58, 0.000, 0.026
12, 59, 0.000, 0.026
12, 60, 0.000, 33.074
12, 61, 0.000, 0.026
12, 62, 0.000, 0.025
12, 63, 0.000, 0.026
12, 64, 0.000, 0.025
12, 65, 0.000, 0.026
12, 66, 0.000, 0.026
12, 67, 0.000, 0.026
12, 68, 0.000, 0.026
12, 69, 0.000, 0.026
12, 70, 0.000, 0.026
12, 71, 0.000, 0.026
12, 72, 0.000, 0.026
12, 73, 0.000, 0.026
12, 74, 0.000, 0.027
12, 75, 0.000, 0.028
12, 76, 0.000, 0.026
12, 77, 0.000, 0.026
12, 78, 0.000, 0.025
12, 79, 0.000, 0.026
12, 80, 0.000, 0.026
12, 81, 0.000, 0.026
12, 82, 0.000, 0.026
12, 83, 0.000, 0.026
12, 84, 0.000, 0.026
12, 85, 0.000, 0.026
12, 86, 0.000, 0.026
12, 87, 0.000, 0.026
12, 88, 0.000, 0.026
12, 89, 0.000, 0.030
12, 90, 0.000, 0.026
12, 91, 0.000, 0.026
12, 92, 0.000, 0.025
12, 93, 0.000, 0.026
12, 94, 0.000, 0.026
12, 95, 0.000, 0.026
12, 96, 0.000, 0.026
12, 97, 0.000, 0.027
12, 98, 0.000, 0.026
12, 99, 0.000, 0.027
12, 100, 0.000, 0.025
13, 0, 27.721, 0.001
13, 1, 2.549, 0.034
13, 2, 2.549, 0.026
13, 3, 2.549, 12.251
13, 4, 2.549, 0.025
13, 5, 0.000, 38.379
13, 6, 0.000, 0.025
13, 7, 0.000, 0.026
13, 8, 0.000, 0.026
13, 9, 0.000, 0.026
13, 10, 0.000, 0.026
13, 11, 0.000, 0.026
13, 12, 0.000, 0.027
13, 13, 0.000, 0.026
13, 14, 0.000, 0.025
13, 15, 0.000, 0.026
13, 16, 0.000, 0.025
13, 17, 0.000, 0.026
13, 18, 0.000, 0.028
13, 19, 0.000, 0.026
13, 20, 0.000, 0.033
13, 21, 0.000, 0.031
13, 22, 0.000, 0.025
13, 23, 0.000, 0.040
13, 24, 0.000, 0.027
13, 25, 0.000, 0.037
13, 26, 0.000, 0.031
13, 27, 0.000, 285.970
13, 28, 0.000, 0.025
13, 29, 0.000, 0.027
13, 30, 0.000, 0.026
13, 31, 0.000, 0.027
13, 32, 0.000, 0.026
13, 33, 0.000, 0.028
13, 34, 0.000, 0.030
13, 35, 0.000, 0.034
13, 36, 0.000, 0.026
13, 37, 0.000, 0.030
13, 38, 0.000, 0.027
13, 39, 0.000, 0.046
13, 40, 0.000, 0.026
13, 41, 0.000, 0.031
13, 42, 0.000, 0.039
13, 43, 0.000, 0.029
13, 44, 0.000, 0.050
13, 45, 0.000, 0.051
13, 46, 0.000, 0.031
13, 47, 0.000, 0.048
13, 48, 0.000, 0.060
13, 49, 0.000, 0.057
13, 50, 0.000, 0.028
13, 51, 0.000, 0.044
13, 52, 0.000, 0.042
13, 53, 0.000, 0.061
13, 54, 0.000, 0.067
13, 55, 0.000, 0.061
13, 56, 0.000, 0.067
13, 57, 0.000, 0.067
13, 58, 0.000, 0.067
13, 59, 0.000, 0.067
13, 60, 0.000, 0.067
13, 61, 0.000, 0.067
13, 62, 0.000, 0.067
13, 63, 0.000, 0.068
13, 64, 0.000, 0.055
13, 65, 0.000, 0.067
13, 66, 0.000, 0.069
13, 67, 0.000, 0.068
13, 68, 0.000, 0.069
13, 69, 0.000, 0.067
13, 70, 0.000, 0.067
13, 71, 0.000, 0.068
13, 72, 0.000, 0.070
13, 73, 0.000, 0.069
13, 74, 0.000, 0.068
13, 75, 0.000, 0.068
13, 76, 0.000, 0.067
13, 77, 0.000, 0.067
13, 78, 0.000, 0.067
13, 79, 0.000, 0.068
13, 80, 0.000, 0.069
13, 81, 0.000, 0.067
13, 82, 0.000, 0.067
13, 83, 0.000, 0.067
13, 84, 0.000, 0.067
13, 85, 0.000, 0.068
13, 86, 0.000, 0.067
13, 87, 0.000, 0.068
13, 88, 0.000, 0.067
13, 89, 0.000, 0.067
13, 90, 0.000, 0.067
13, 91, 0.000, 0.067
13, 92, 0.000, 0.067
13, 93, 0.000, 0.067
13, 94, 0.000, 0.068
13, 95, 0.000, 0.067
13, 96, 0.000, 0.067
13, 97, 0.000, 0.067
13, 98, 0.000, 0.067
13, 99, 0.000, 0.067
13, 100, 0.000, 0.067
14, 0, 13.757, 0.001
14, 1, 4.885, 0.034
14, 2, 4.885, 0.026
14, 3, 4.885, 0.026
14, 4, 4.885, 11.605
14, 5, 4.885, 0.025
14, 6, 4.885, 0.026
14, 7, 0.000, 48.725
14, 8, 0.000, 0.025
14, 9, 0.000, 0.025
14, 10, 0.000, 0.025
14, 11, 0.000, 0.026
14, 12, 0.000, 0.026
14, 13, 0.000, 0.025
14, 14, 0.000, 0.027
14, 15, 0.000, 0.026
14, 16, 0.000, 0.025
14, 17, 0.000, 0.025
14, 18, 0.000, 0.025
14, 19, 0.000, 0.026
14, 20, 0.000, 0.026
14, 21, 0.000, 0.029
14, 22, 0.000, 0.029
14, 23, 0.000, 0.025
14, 24, 0.000, 0.026
14, 25, 0.000, 0.029
14, 26, 0.000, 0.029
14, 27, 0.000, 0.028
14, 28, 0.000, 0.029
14, 29, 0.000, 0.028
14, 30, 0.000, 0.030
14, 31, 0.000, 0.035
14, 32, 0.000, 0.048
14, 33, 0.000, 0.038
14, 34, 0.000, 0.027
14, 35, 0.000, 0.048
14, 36, 0.000, 0.039
14, 37, 0.000, 0.061
14, 38, 0.000, 0.027
14, 39, 0.000, 0.059
14, 40, 0.000, 0.061
14, 41, 0.000, 0.061
14, 42, 0.000, 0.061
14, 43, 0.000, 0.046
14, 44, 0.000, 0.048
14, 45, 0.000, 0.027
14, 46, 0.000, 0.061
14, 47, 0.000, 0.027
14, 48, 0.000, 0.061
14, 49, 0.000, 0.067
14, 50, 0.000, 0.061
14, 51, 0.000, 0.056
14, 52, 0.000, 0.061
14, 53, 0.000, 0.068
14, 54, 0.000, 0.061
14, 55, 0.000, 0.061
14, 56, 0.000, 0.061
14, 57, 0.000, 0.067
14, 58, 0.000, 0.067
14, 59, 0.000, 0.067
14, 60, 0.000, 0.061
14, 61, 0.000, 0.069
14, 62, 0.000, 0.062
14, 63, 0.000, 0.068
14, 64, 0.000, 0.068
14, 65, 0.000, 0.067
14, 66, 0.000, 0.067
14, 67, 0.000, 0.067
14, 68, 0.000, 0.068
14, 69, 0.000, 0.067
14, 70, 0.000, 0.068
14, 71, 0.000, 0.068
14, 72, 0.000, 0.068
14, 73, 0.000, 0.061
14, 74, 0.000, 0.061
14, 75, 0.000, 0.067
14, 76, 0.000, 0.067
14, 77, 0.000, 0.068
14, 78, 0.000, 0.068
14, 79, 0.000, 0.067
14, 80, 0.000, 0.068
14, 81, 0.000, 0.067
14, 82, 0.000, 0.067
14, 83, 0.000, 0.067
14, 84, 0.000, 0.067
14, 85, 0.000, 0.067
14, 86, 0.000, 0.068
14, 87, 0.000, 0.061
14, 88, 0.000, 0.068
14, 89, 0.000, 0.067
14, 90, 0.000, 0.068
14, 91, 0.000, 0.067
14, 92, 0.000, 0.067
14, 93, 0.000, 0.067
14, 94, 0.000, 0.061
14, 95, 0.000, 0.068
14, 96, 0.000, 0.068
14, 97, 0.000, 0.067
14, 98, 0.000, 0.067
14, 99, 0.000, 0.068
14, 100, 0.000, 0.067
15, 0, 19.181, 0.001
15, 1, 6.517, 0.034
15, 2, 6.517, 0.026
15, 3, 0.000, 21.060
15, 4, 0.000, 0.025
15, 5, 0.000, 0.026
15, 6, 0.000, 0.033
15, 7, 0.000, 0.026
15, 8, 0.000, 0.025
15, 9, 0.000, 0.026
15, 10, 0.000, 0.026
15, 11, 0.000, 0.026
15, 12, 0.000, 0.026
15, 13, 0.000, 0.025
15, 14, 0.000, 0.025
15, 15, 0.000, 0.026
15, 16, 0.000, 3.102
15, 17, 0.000, 0.026
15, 18, 0.000, 0.026
15, 19, 0.000, 0.026
15, 20, 0.000, 0.027
15, 21, 0.000, 0.027
15, 22, 0.000, 0.028
15, 23, 0.000, 0.025
15, 24, 0.000, 0.026
15, 25, 0.000, 0.026
15, 26, 0.000, 292.909
15, 27, 0.000, 0.026
15, 28, 0.000, 0.025
15, 29, 0.000, 0.026
15, 30, 0.000, 0.026
15, 31, 0.000, 0.026
15, 32, 0.000, 0.026
15, 33, 0.000, 0.026
15, 34, 0.000, 0.025
15, 35, 0.000, 0.026
15, 36, 0.000, 0.026
15, 37, 0.000, 0.026
15, 38, 0.000, 84.861
15, 39, 0.000, 0.026
15, 40, 0.000, 0.026
15, 41, 0.000, 0.026
15, 42, 0.000, 0.027
15, 43, 0.000, 0.026
15, 44, 0.000, 0.025
15, 45, 0.000, 0.029
15, 46, 0.000, 0.025
15, 47, 0.000, 0.026
15, 48, 0.000, 0.026
15, 49, 0.000, 0.025
15, 50, 0.000, 0.026
15, 51, 0.000, 0.026
15, 52, 0.000, 0.026
15, 53, 0.000, 0.027
15, 54, 0.000, 0.027
15, 55, 0.000, 0.026
15, 56, 0.000, 0.032
15, 57, 0.000, 0.027
15, 58, 0.000, 0.031
15, 59, 0.000, 0.027
15, 60, 0.000, 0.029
15, 61, 0.000, 0.028
15, 62, 0.000, 0.028
15, 63, 0.000, 0.030
15, 64, 0.000, 0.025
15, 65, 0.000, 0.028
15, 66, 0.000, 0.028
15, 67, 0.000, 0.027
15, 68, 0.000, 0.029
15, 69, 0.000, 0.028
15, 70, 0.000, 0.037
15, 71, 0.000, 0.042
15, 72, 0.000, 0.028
15, 73, 0.000, 0.061
15, 74, 0.000, 0.037
15, 75, 0.000, 0.035
15, 76, 0.000, 0.038
15, 77, 0.000, 0.055
15, 78, 0.000, 0.036
15, 79, 0.000, 0.029
15, 80, 0.000, 0.034
15, 81, 0.000, 0.037
15, 82, 0.000, 0.062
15, 83, 0.000, 0.044
15, 84, 0.000, 0.055
15, 85, 0.000, 0.051
15, 86, 0.000, 0.028
15, 87, 0.000, 0.061
15, 88, 0.000, 0.061
15, 89, 0.000, 0.061
15, 90, 0.000, 0.028
15, 91, 0.000, 0.037
15, 92, 0.000, 0.033
15, 93, 0.000, 0.061
15, 94, 0.000, 0.061
15, 95, 0.000, 0.037
15, 96, 0.000, 0.061
15, 97, 0.000, 0.050
15, 98, 0.000, 0.061
15, 99, 0.000, 0.061
15, 100, 0.000, 85.451
16, 0, 40.717, 0.001
16, 1, 27.050, 0.027
16, 2, 27.050, 0.026
16, 3, 19.644, 21.705
16, 4, 19.644, 0.032
16, 5, 19.644, 0.026
16, 6, 13.667, 39.576
16, 7, 13.667, 0.025
16, 8, 7.321, 71.281
16, 9, 0.000, 0.027
16, 10, 0.000, 0.025
16, 11, 0.000, 0.026
16, 12, 0.000, 0.025
16, 13, 0.000, 0.027
16, 14, 0.000, 0.025
16, 15, 0.000, 0.026
16, 16, 0.000, 0.026
16, 17, 0.000, 0.029
16, 18, 0.000, 0.027
16, 19, 0.000, 0.027
16, 20, 0.000, 0.038
16, 21, 0.000, 0.028
16, 22, 0.000, 0.027
16, 23, 0.000, 0.029
16, 24, 0.000, 0.033
16, 25, 0.000, 0.029
16, 26, 0.000, 0.030
16, 27, 0.000, 0.030
16, 28, 0.000, 0.040
16, 29, 0.000, 0.036
16, 30, 0.000, 0.031
16, 31, 0.000, 0.044
16, 32, 0.000, 0.061
16, 33, 0.000, 0.030
16, 34, 0.000, 0.061
16, 35, 0.000, 0.035
16, 36, 0.000, 0.050
16, 37, 0.000, 0.061
16, 38, 0.000, 0.047
16, 39, 0.000, 0.032
16, 40, 0.000, 0.061
16, 41, 0.000, 0.061
16, 42, 0.000, 0.061
16, 43, 0.000, 0.048
16, 44, 0.000, 0.061
16, 45, 0.000, 0.061
16, 46, 0.000, 0.068
16, 47, 0.000, 0.067
16, 48, 0.000, 0.067
16, 49, 0.000, 0.067
16, 50, 0.000, 0.061
16, 51, 0.000, 0.068
16, 52, 0.000, 0.068
16, 53, 0.000, 0.068
16, 54, 0.000, 0.061
16, 55, 0.000, 0.061
16, 56, 0.000, 0.068
16, 57, 0.000, 0.067
16, 58, 0.000, 0.069
16, 59, 0.000, 0.068
16, 60, 0.000, 0.068
16, 61, 0.000, 0.067
16, 62, 0.000, 0.068
16, 63, 0.000, 0.067
16, 64, 0.000, 0.068
16, 65, 0.000, 0.067
16, 66, 0.000, 0.068
16, 67, 0.000, 0.067
16, 68, 0.000, 0.069
16, 69, 0.000, 0.067
16, 70, 0.000, 0.067
16, 71, 0.000, 0.067
16, 72, 0.000, 0.067
16, 73, 0.000, 0.068
16, 74, 0.000, 0.067
16, 75, 0.000, 0.067
16, 76, 0.000, 0.068
16, 77, 0.000, 0.067
16, 78, 0.000, 0.068
16, 79, 0.000, 0.067
16, 80, 0.000, 0.067
16, 81, 0.000, 0.068
16, 82, 0.000, 0.067
16, 83, 0.000, 0.068
16, 84, 0.000, 0.068
16, 85, 0.000, 0.068
16, 86, 0.000, 0.069
16, 87, 0.000, 0.068
16, 88, 0.000, 0.067
16, 89, 0.000, 0.068
16, 90, 0.000, 0.068
16, 91, 0.000, 0.068
16, 92, 0.000, 0.068
16, 93, 0.000, 0.068
16, 94, 0.000, 0.068
16, 95, 0.000, 0.068
16, 96, 0.000, 0.068
16, 97, 0.000, 0.068
16, 98, 0.000, 0.068
16, 99, 0.000, 0.068
16, 100, 0.000, 0.068
17, 0, 7.062, 0.001
17, 1, 4.859, 0.034
17, 2, 4.859, 0.028
17, 3, 4.859, 0.026
17, 4, 4.859, 13.809
17, 5, 0.000, 0.026
17, 6, 0.000, 25.366
17, 7, 0.000, 0.028
17, 8, 0.000, 0.026
17, 9, 0.000, 0.025
17, 10, 0.000, 0.025
17, 11, 0.000, 0.026
17, 12, 0.000, 0.027
17, 13, 0.000, 0.026
17, 14, 0.000, 0.025
17, 15, 0.000, 0.025
17, 16, 0.000, 0.025
17, 17, 0.000, 0.028
17, 18, 0.000, 0.025
17, 19, 0.000, 0.028
17, 20, 0.000, 0.029
17, 21, 0.000, 0.025
17, 22, 0.000, 0.028
17, 23, 0.000, 0.027
17, 24, 0.000, 0.026
17, 25, 0.000, 0.027
17, 26, 0.000, 0.035
17, 27, 0.000, 0.030
17, 28, 0.000, 0.028
17, 29, 0.000, 0.057
17, 30, 0.000, 0.035
17, 31, 0.000, 0.034
17, 32, 0.000, 0.061
17, 33, 0.000, 0.048
17, 34, 0.000, 0.045
17, 35, 0.000, 0.061
17, 36, 0.000, 0.032
17, 37, 0.000, 0.029
17, 38, 0.000, 0.061
17, 39, 0.000, 0.061
17, 40, 0.000, 0.061
17, 41, 0.000, 0.050
17, 42, 0.000, 0.067
17, 43, 0.000, 0.067
17, 44, 0.000, 0.061
17, 45, 0.000, 0.068
17, 46, 0.000, 0.068
17, 47, 0.000, 0.058
17, 48, 0.000, 0.061
17, 49, 0.000, 0.067
17, 50, 0.000, 0.067
17, 51, 0.000, 0.068
17, 52, 0.000, 0.068
17, 53, 0.000, 0.068
17, 54, 0.000, 0.067
17, 55, 0.000, 0.068
17, 56, 0.000, 0.067
17, 57, 0.000, 0.067
17, 58, 0.000, 0.067
17, 59, 0.000, 0.068
17, 60, 0.000, 0.067
17, 61, 0.000, 0.068
17, 62, 0.000, 0.067
17, 63, 0.000, 0.068
17, 64, 0.000, 0.067
17, 65, 0.000, 0.068
17, 66, 0.000, 0.068
17, 67, 0.000, 0.068
17, 68, 0.000, 0.068
17, 69, 0.000, 0.068
17, 70, 0.000, 0.067
17, 71, 0.000, 0.068
17, 72, 0.000, 0.067
17, 73, 0.000, 0.067
17, 74, 0.000, 0.067
17, 75, 0.000, 0.067
17, 76, 0.000, 0.067
17, 77, 0.000, 0.067
17, 78, 0.000, 0.067
17, 79, 0.000, 0.068
17, 80, 0.000, 0.068
17, 81, 0.000, 0.068
17, 82, 0.000, 0.068
17, 83, 0.000, 0.068
17, 84, 0.000, 0.068
17, 85, 0.000, 0.068
17, 86, 0.000, 0.068
17, 87, 0.000, 0.068
17, 88, 0.000, 0.068
17, 89, 0.000, 0.068
17, 90, 0.000, 0.068
17, 91, 0.000, 0.068
17, 92, 0.000, 0.068
17, 93, 0.000, 0.068
17, 94, 0.000, 0.067
17, 95, 0.000, 0.067
17, 96, 0.000, 0.067
17, 97, 0.000, 0.068
17, 98, 0.000, 0.067
17, 99, 0.000, 0.067
17, 100, 0.000, 0.067
18, 0, 22.551, 0.001
18, 1, 25.282, 0.034
18, 2, 14.209, 16.884
18, 3, 14.209, 0.033
18, 4, 14.209, 0.025
18, 5, 14.209, 0.026
18, 6, 14.239, 46.276
18, 7, 14.239, 0.043
18, 8, 0.029, 0.027
18, 9, 0.029, 0.032
18, 10, 0.029, 0.026
18, 11, 0.029, 0.027
18, 12, 0.029, 0.025
18, 13, 0.029, 0.026
18, 14, 0.029, 0.025
18, 15, 0.029, 0.026
18, 16, 0.029, 0.027
18, 17, 0.029, 0.027
18, 18, 0.029, 0.025
18, 19, 0.029, 0.029
18, 20, 0.029, 0.026
18, 21, 0.029, 0.026
18, 22, 0.029, 0.025
18, 23, 0.029, 0.025
18, 24, 0.029, 0.026
18, 25, 0.029, 0.025
18, 26, 0.029, 0.026
18, 27, 0.029, 0.029
18, 28, 0.029, 291.510
18, 29, 0.029, 0.029
18, 30, 0.029, 0.026
18, 31, 0.029, 0.027
18, 32, 0.029, 0.027
18, 33, 0.029, 0.035
18, 34, 0.029, 0.029
18, 35, 0.029, 0.028
18, 36, 0.029, 0.033
18, 37, 0.029, 0.027
18, 38, 0.029, 0.028
18, 39, 0.029, 0.026
18, 40, 0.029, 0.042
18, 41, 0.029, 0.027
18, 42, 0.029, 77.407
18, 43, 0.029, 0.027
18, 44, 0.029, 0.027
18, 45, 0.029, 0.026
18, 46, 0.029, 0.026
18, 47, 0.029, 0.026
18, 48, 0.029, 0.026
18, 49, 0.029, 0.025
18, 50, 0.029, 0.025
18, 51, 0.029, 0.026
18, 52, 0.029, 0.026
18, 53, 0.029, 0.026
18, 54, 0.029, 0.026
18, 55, 0.029, 0.025
18, 56, 0.029, 0.025
18, 57, 0.029, 0.025
18, 58, 0.029, 0.026
18, 59, 0.029, 0.026
18, 60, 0.000, 0.025
18, 61, 0.000, 0.026
18, 62, 0.000, 0.025
18, 63, 0.000, 0.026
18, 64, 0.000, 0.026
18, 65, 0.000, 0.026
18, 66, 0.000, 0.026
18, 67, 0.000, 0.027
18, 68, 0.000, 0.026
18, 69, 0.000, 0.026
18, 70, 0.000, 0.026
18, 71, 0.000, 0.029
18, 72, 0.000, 0.027
18, 73, 0.000, 0.026
18, 74, 0.000, 0.028
18, 75, 0.000, 0.026
18, 76, 0.000, 0.027
18, 77, 0.000, 0.026
18, 78, 0.000, 0.027
18, 79, 0.000, 0.027
18, 80, 0.000, 0.026
18, 81, 0.000, 0.027
18, 82, 0.000, 0.026
18, 83, 0.000, 0.026
18, 84, 0.000, 0.026
18, 85, 0.000, 0.027
18, 86, 0.000, 0.026
18, 87, 0.000, 0.026
18, 88, 0.000, 0.026
18, 89, 0.000, 0.026
18, 90, 0.000, 0.026
18, 91, 0.000, 0.026
18, 92, 0.000, 0.026
18, 93, 0.000, 0.026
18, 94, 0.000, 0.027
18, 95, 0.000, 0.026
18, 96, 0.000, 0.026
18, 97, 0.000, 0.027
18, 98, 0.000, 0.025
18, 99, 0.000, 0.025
18, 100, 0.000, 50.387
19, 0, 38.712, 0.001
19, 1, 14.403, 0.040
19, 2, 14.403, 0.026
19, 3, 6.517, 20.533
19, 4, 3.796, 0.025
19, 5, 3.796, 13.240
19, 6, 0.000, 0.025
19, 7, 0.000, 0.026
19, 8, 0.000, 0.025
19, 9, 0.000, 12.487
19, 10, 0.000, 0.025
19, 11, 0.000, 0.025
19, 12, 0.000, 0.026
19, 13, 0.000, 0.025
19, 14, 0.000, 0.028
19, 15, 0.000, 0.026
19, 16, 0.000, 0.026
19, 17, 0.000, 0.027
19, 18, 0.000, 0.025
19, 19, 0.000, 0.025
19, 20, 0.000, 0.033
19, 21, 0.000, 0.028
19, 22, 0.000, 0.029
19, 23, 0.000, 250.441
19, 24, 0.000, 0.025
19, 25, 0.000, 0.025
19, 26, 0.000, 0.029
19, 27, 0.000, 0.030
19, 28, 0.000, 0.025
19, 29, 0.000, 0.025
19, 30, 0.000, 0.027
19, 31, 0.000, 0.031
19, 32, 0.000, 0.032
19, 33, 0.000, 0.029
19, 34, 0.000, 0.025
19, 35, 0.000, 0.031
19, 36, 0.000, 0.054
19, 37, 0.000, 0.030
19, 38, 0.000, 0.031
19, 39, 0.000, 0.039
19, 40, 0.000, 0.026
19, 41, 0.000, 0.040
19, 42, 0.000, 0.041
19, 43, 0.000, 0.049
19, 44, 0.000, 0.028
19, 45, 0.000, 0.033
19, 46, 0.000, 0.062
19, 47, 0.000, 0.061
19, 48, 0.000, 0.068
19, 49, 0.000, 0.068
19, 50, 0.000, 0.068
19, 51, 0.000, 0.068
19, 52, 0.000, 0.068
19, 53, 0.000, 0.068
19, 54, 0.000, 0.068
19, 55, 0.000, 0.068
19, 56, 0.000, 0.068
19, 57, 0.000, 0.068
19, 58, 0.000, 0.068
19, 59, 0.000, 0.069
19, 60, 0.000, 0.068
19, 61, 0.000, 0.068
19, 62, 0.000, 0.067
19, 63, 0.000, 0.068
19, 64, 0.000, 0.068
19, 65, 0.000, 0.068
19, 66, 0.000, 0.068
19, 67, 0.000, 0.069
19, 68, 0.000, 0.069
19, 69, 0.000, 0.068
19, 70, 0.000, 0.067
19, 71, 0.000, 0.068
19, 72, 0.000, 0.068
19, 73, 0.000, 0.068
19, 74, 0.000, 0.068
19, 75, 0.000, 0.068
19, 76, 0.000, 0.067
19, 77, 0.000, 0.068
19, 78, 0.000, 0.068
19, 79, 0.000, 0.068
19, 80, 0.000, 0.067
19, 81, 0.000, 0.068
19, 82, 0.000, 0.067
19, 83, 0.000, 0.068
19, 84, 0.000, 0.067
19, 85, 0.000, 0.068
19, 86, 0.000, 0.068
19, 87, 0.000, 0.068
19, 88, 0.000, 0.068
19, 89, 0.000, 0.068
19, 90, 0.000, 0.067
19, 91, 0.000, 0.068
19, 92, 0.000, 0.068
19, 93, 0.000, 0.068
19, 94, 0.000, 0.068
19, 95, 0.000, 0.068
19, 96, 0.000, 0.068
19, 97, 0.000, 0.068
19, 98, 0.000, 0.068
19, 99, 0.000, 0.068
19, 100, 0.000, 0.068
20, 0, 22.456, 0.001
20, 1, 19.717, 0.027
20, 2, 9.446, 14.007
20, 3, 9.446, 0.025
20, 4, 9.446, 0.028
20, 5, 2.738, 35.876
20, 6, 2.738, 0.027
20, 7, 2.738, 0.025
20, 8, 2.513, 60.498
20, 9, 0.000, 0.025
20, 10, 0.000, 0.026
20, 11, 0.000, 0.025
20, 12, 0.000, 0.027
20, 13, 0.000, 0.026
20, 14, 0.000, 0.025
20, 15, 0.000, 0.025
20, 16, 0.000, 0.026
20, 17, 0.000, 0.026
20, 18, 0.000, 0.027
20, 19, 0.000, 0.026
20, 20, 0.000, 0.028
20, 21, 0.000, 0.027
20, 22, 0.000, 0.025
20, 23, 0.000, 0.029
20, 24, 0.000, 0.049
20, 25, 0.000, 0.031
20, 26, 0.000, 0.027
20, 27, 0.000, 0.044
20, 28, 0.000, 0.061
20, 29, 0.000, 0.032
20, 30, 0.000, 0.033
20, 31, 0.000, 0.034
20, 32, 0.000, 335.888
20, 33, 0.000, 0.053
20, 34, 0.000, 0.033
20, 35, 0.000, 0.028
20, 36, 0.000, 0.028
20, 37, 0.000, 0.033
20, 38, 0.000, 0.031
20, 39, 0.000, 0.038
20, 40, 0.000, 0.033
20, 41, 0.000, 0.033
20, 42, 0.000, 0.028
20, 43, 0.000, 0.025
20, 44, 0.000, 0.061
20, 45, 0.000, 0.061
20, 46, 0.000, 0.067
20, 47, 0.000, 0.061
20, 48, 0.000, 0.051
20, 49, 0.000, 0.026
20, 50, 0.000, 0.059
20, 51, 0.000, 0.061
20, 52, 0.000, 0.061
20, 53, 0.000, 0.027
20, 54, 0.000, 0.061
20, 55, 0.000, 0.061
20, 56, 0.000, 0.061
20, 57, 0.000, 0.061
20, 58, 0.000, 0.068
20, 59, 0.000, 0.067
20, 60, 0.000, 0.068
20, 61, 0.000, 0.068
20, 62, 0.000, 0.068
20, 63, 0.000, 0.067
20, 64, 0.000, 0.068
20, 65, 0.000, 0.068
20, 66, 0.000, 0.068
20, 67, 0.000, 0.068
20, 68, 0.000, 0.068
20, 69, 0.000, 0.068
20, 70, 0.000, 0.059
20, 71, 0.000, 0.068
20, 72, 0.000, 0.068
20, 73, 0.000, 0.067
20, 74, 0.000, 0.067
20, 75, 0.000, 0.067
20, 76, 0.000, 0.068
20, 77, 0.000, 0.067
20, 78, 0.000, 0.068
20, 79, 0.000, 0.067
20, 80, 0.000, 0.068
20, 81, 0.000, 0.068
20, 82, 0.000, 0.068
20, 83, 0.000, 0.067
20, 84, 0.000, 0.067
20, 85, 0.000, 0.068
20, 86, 0.000, 0.068
20, 87, 0.000, 0.068
20, 88, 0.000, 0.068
20, 89, 0.000, 0.068
20, 90, 0.000, 0.068
20, 91, 0.000, 0.068
20, 92, 0.000, 0.068
20, 93, 0.000, 0.068
20, 94, 0.000, 0.068
20, 95, 0.000, 0.068
20, 96, 0.000, 0.068
20, 97, 0.000, 0.067
20, 98, 0.000, 0.068
20, 99, 0.000, 0.067
20, 100, 0.000, 0.068
