85.125,85.214,25.917,21.23,87.279,69.575,37.934,37.399,40.346,93.01,35.932,8.2855,48.185,94.741,31.481,13.243,52.098,27.529,86.616,27.045,23.899,35.398,52.946,74.565,95.265,86.256,7.6007,21.064,93.843,70.1,64.346,89.723,48.199,15.593,12.028,86.209,85.422,81.807,97.108,93.512,97.738,91.259,2.5783,99.788,88.936,3.8189,72.627,45.89,85.311
7.0303,80.623,34.092,35.494,25.682,98.114,50.621,33.679,83.324,43.419,47.325,94.359,22.199,10.574,14.428,84.117,78.483,11.677,98.399,59.546,71.814,92.415,12.754,87.471,4.6438,22.698,99.274,32.191,56.704,76.44,28.273,14.207,32.022,72.054,89.775,1.6465,6.3936,27.753,59.791,92.786,19.291,46.157,21.647,20.789,4.4997,50.072,1.5669,38.08,41.924
28.963,12.83,75.091,67.137,84.254,12.805,33.317,84.255,83.871,34.437,46.365,90.302,11.587,39.522,87.871,79.149,46.162,4.789,59.511,37.974,66.595,76.089,63.259,12.421,23.316,18.002,63.88,12.975,45.247,73.754,71.198,15.46,25.5,61.773,26.333,57.191,99.569,87.827,2.9232,90.02,84.48,65.562,41.671,77.314,75.061,39.272,35.918,39.054,64.898
37.247,74.493,53.435,55.536,24.76,55.857,77.648,55.374,79.918,75.191,1.2083,58.823,85.375,73.691,29.665,3.3904,34.968,86.622,14.68,20.69,78.768,33.365,15.625,39.771,41.364,31.355,10.273,79.009,70.947,82.249,43.49,96.464,21.255,8.13,53.759,27.01,15.543,1.7727,95.148,32.085,27.085,5.1494,1.5634,1.5644,92.738,32.759,53.569,85.36,86.976
55.987,59.319,72.707,64.294,82.332,17.04,66.577,9.7629,79.552,74.981,44.531,8.901,20.686,47.817,31.163,17.796,86.684,65.254,65.601,62.599,16.406,41.784,94.927,59.096,5.4408,53.835,38.795,64.256,74.787,84.82,16.861,74.475,93.524,35.34,3.7488,33.632,2.7505,1.0977,21.86,71.77,8.1538,13.726,2.5171,67.532,58.947,41.469,1.9412,18.354,43.518
52.893,35.469,10.498,97.652,71.614,84.58,95.197,64.305,63.741,26.432,39.492,30.147,77.041,51.966,2.3446,18.634,38.519,2.804,34.272,38.294,98.125,37.338,98.723,13.46,86.629,23.252,12.808,4.9488,88.993,60.539,64.383,1.4421,54.649,31.509,79.116,20.053,78.738,82.169,10.857,99.074,23.172,16.218,85.731,29.952,22.292,85.727,35.124,38.386,79.426
88.508,47.703,53.683,49.031,62.464,22.67,27.883,2.708,48.122,19.164,62.55,31.177,97.154,71.731,77.784,3.4509,83.424,34.915,37.845,28.089,67.31,23.084,53.967,11.44,28.628,41.897,48.93,80.321,18.807,60.006,86.71,33.715,38.025,32.167,34.342,73.803,94.258,45.004,7.6631,25.827,57.299,73.346,10.092,49.887,73.629,8.0871,78.197,31.954,7.2968
23.926,9.1412,21.205,38.738,65.162,70.849,11.746,78.286,2.4485,86.921,50.087,39.832,43.46,74.123,96.14,74.742,35.222,64.767,41.672,60.143,11.744,7.0156,80.862,19.244,82.334,38.604,6.6187,59.336,63.117,86.824,44.502,17.018,99.74,52.704,55.172,14.785,18.992,1.1903,45.231,10.293,15.543,79.969,35.783,14.639,13.451,81.773,71.977,75.669,51.456
36.045,40.789,4.5198,50.963,59.296,95.856,39.22,32.163,72.555,58.943,5.4224,85.823,33.83,95.962,79.735,21.957,26.702,25.16,21.999,23.578,87.176,29.672,31.431,57.262,26.165,68.674,47.289,49.863,75.008,98.925,7.3426,60.076,86.711,5.0052,44.922,90.028,83.644,37.265,64.468,19.86,92.621,81.052,54.716,44.622,34.989,61.399,42.958,79.841,88.96
98.489,86.875,5.1231,68.535,6.9225,62.118,60.413,39.828,81.502,65.612,55.742,30.266,79.766,71.111,17.347,84.047,71.81,19.079,19.109,36.727,41.059,59.929,22.827,28.989,93.739,11.763,48.532,54.777,17.172,71.336,45.392,72.649,50.18,47.285,72.388,87.487,46.37,49.226,27.965,31.145,58.076,37.636,87.367,55.223,27.942,7.8355,50.404,84.471,81.656
26.477,98.987,92.349,77.815,37.204,89.323,26.242,32.076,85.171,56.777,50.462,49.636,7.5326,8.4643,85.699,30.845,76.732,3.8858,33.981,93.987,5.4088,15.294,4.0514,65.372,94.859,66.721,83.736,67.614,18.602,36.381,40.195,5.0752,85.451,46.039,19.484,2.7462,90.307,31.837,40.965,22.828,50.702,18.549,21.096,37.285,61.708,12.557,19.797,5.7049,25.498
33.065,43.006,60.802,76.438,21.825,55.816,73.878,23.594,82.31,48.864,15.5,71.246,85.16,95.477,66.175,32.768,6.9459,86.838,40.901,23.135,84.538,62.446,24.191,68.213,87.07,94.727,43.491,34.552,34.705,23.424,99.464,19.259,73.111,18.979,3.5854,64.742,89.621,1.2576,41.282,2.6551,59.84,49.944,1.7859,30.467,35.174,57.557,87.143,44.401,99.756
87.762,69.513,61.589,59.594,88.262,53.256,11.61,27.59,42.708,28.07,52.61,9.4336,21.29,50.717,28.107,87.771,73.512,9.8151,16.48,42.024,89.26,46.136,96.1,70.18,38.226,2.4805,40.97,67.254,75.665,81.615,72.578,75.12,45.621,24.41,40.678,57.34,38.989,74.336,69.834,75.527,73.894,11.863,21.275,27.068,41.665,34.23,6.7104,90.819,79.636
17.493,5.8451,84.135,62.671,9.8113,81.426,35.474,66.461,30.793,14.104,51.251,13.657,75.807,5.4808,13.791,51.256,47.595,35.071,43.217,95.335,60.097,10.898,9.8747,56.448,30.343,71.648,51.893,32.533,16.684,18.357,79.186,66.602,92.516,92.781,13.977,86.329,28.34,33.325,7.6328,99.534,10.893,9.3743,85.017,37.727,95.42,42.759,29.765,38.121,71.953
69.57,93.024,12.083,53.53,70.542,79.888,49.873,40.553,22.389,25.169,8.9933,89.102,55.726,71.863,45.631,37.1,49.221,37.816,31.557,33.086,22.415,12.319,67.112,26.581,31.484,4.3926,89.216,50.431,79.6,36.632,48.896,6.7126,96.427,3.9557,21.631,68.61,61.586,97.087,91.015,83.582,48.106,21.224,96.728,57.153,47.493,36.189,24.866,69.335,81.42
67.593,5.7344,7.312,69.619,27.812,25.404,62.998,14.266,2.2884,76.916,78.619,47.111,89.094,35.552,53.995,43.473,73.151,2.7449,46.746,63.954,81.822,77.822,3.4438,49.002,88.899,39.449,76.895,57.53,74.451,30.455,19.78,67.239,36.448,5.1934,88.444,16.254,95.125,79.131,24.922,75.51,7.5292,53.449,81.36,30.189,80.591,72.86,99.476,70.926,12.668
13.204,63.76,12.184,1.3313,34.687,87.3,47.805,90.34,44.601,77.928,62.124,46.369,97.914,81.242,39.554,29.872,40.299,44.517,27.179,59.544,80.364,51.761,43.206,24.967,70.071,35.8,50.98,41.33,38.235,78.337,89.135,48.484,84.303,58.826,40.136,14.945,59.675,8.3571,41.274,98.295,19.878,83.547,34.464,52.699,46.427,4.3894,85.633,70.697,77.49
14.132,40.341,92.219,88.016,77.548,2.6705,58.256,40.344,21.21,47.792,47.433,57.565,63.718,71.003,25.496,41.004,30.444,85.104,48.602,95.919,86.484,91.953,72.869,33.452,62.587,2.7986,7.9607,77.907,22.69,93.016,88.648,84.061,78.522,2.4185,86.489,25.877,57.615,22.269,33.399,27.183,73.583,90.031,76.629,93.057,89.534,22.669,79.245,92.031,81.014
2.3249,46.139,36.186,96.306,98.217,16.449,83.652,55.374,44.006,68.337,61.376,28.277,39.94,96.885,85.116,40.052,2.5292,47.789,3.1918,14.609,80.408,46.444,35.771,30.753,1.8539,2.3506,20.541,90.139,67.651,1.086,70.425,92.151,84.919,83.072,89.553,43.352,65.392,25.254,36.234,48.399,73.438,94.42,90.695,81.371,77.557,32.872,91.657,46.008,74.202
63.936,95.31,95.362,25.445,99.916,96.591,61.397,52.187,99.096,43.892,82.974,81.95,83.85,16.837,46.431,7.8537,40.563,35.565,12.328,35.585,50.102,90.88,31.395,47.435,88.941,10.92,15.838,19.672,69.992,18.291,3.6299,58.499,37.277,92.482,82.773,17.886,66.389,89.042,67.434,30.307,11.023,18.923,17.081,7.7389,12.612,87.524,65.303,17.526,56.513
37.451,37.402,42.161,37.08,69.1,35.605,56.976,93.543,18.808,34.257,2.1857,65.73,2.5958,67.273,89.282,34.628,34.84,62.383,16.655,48.923,93.878,9.4938,44.477,8.1091,41.667,77.881,39.959,3.7665,28.715,48.099,47.579,87.671,6.1626,79.405,80.435,4.6632,33.288,22.784,25.882,67.65,5.7967,82.056,45.816,4.1998,27.316,88.509,85.744,67.483,76.543
13.778,94.879,21.554,62.025,69.242,4.9885,52.822,64.351,92.076,70.849,63.469,24.91,59.163,55.597,74.009,15.854,81.24,39.123,55.084,25.842,17.176,27.081,36.951,70.985,86.019,96.485,85.025,19.263,32.044,10.82,43.406,13.097,65.879,46.814,93.66,6.6511,34.273,31.545,96.514,10.732,90.019,62.945,59.246,66.697,81.338,19.614,56.895,55.94,62.286
5.7711,64.747,68.888,38.935,37.962,5.8389,16.121,51.081,44.462,18.153,43.147,18.354,54.033,99.767,69.805,85.062,56.603,13.053,30.726,22.315,78.604,85.163,73.457,54.616,38.702,78.26,46.667,30.677,83.679,56.855,38.425,64.179,72.142,10.46,52.548,43.244,7.3995,24.947,52.721,82.923,32.836,75.922,38.477,10.908,19.981,77.691,56.718,62.798,37.722
61.203,84.534,50.547,42.569,72.644,49.965,99.139,99.808,66.599,7.157,47.271,15.975,60.169,79.124,61.608,21.143,66.077,39.697,32.99,53.016,20.298,73.191,62.084,86.121,17.398,43.277,27.331,89.189,39.322,84.932,37.245,6.7897,57.599,74.382,76.054,77.943,14.49,51.452,29.522,62.857,71.397,11.921,30.971,42.437,16.871,43.55,6.5239,25.663,21.191
18.849,11.598,29.359,6.3952,52.394,22.224,41.103,93.42,70.791,76.269,2.5942,74.886,16.559,31.631,19.363,39.254,33.019,22.283,90.631,26.866,17.774,70.033,78.525,17.961,35.178,62.066,34.291,15.614,44.91,13.266,57.763,90.171,35.047,15.725,94.829,61.696,64.59,93.55,22.506,85.171,90.579,86.565,8.1359,39.396,87.442,1.934,8.498,98.748,14.827
54.412,5.6458,34.161,97.833,34.134,79.553,57.853,34.235,70.951,32.258,61.121,71.772,59.503,33.071,65.72,2.3021,17.784,74.688,21.503,92.834,42.569,35.827,3.1773,47.507,2.1007,12.385,29.544,26.987,81.63,56.021,35.782,81.514,3.833,96.002,70.672,77.217,88.147,56.549,27.122,40.387,1.0708,13.048,89.304,25.554,18.859,12.512,40.236,19.113,10.55
21.55,10.013,95.051,28.802,88.003,99.684,13.441,81.411,85.491,74.604,63.625,81.713,12.362,2.479,58.458,8.2755,39.014,14.719,88.278,58.237,10.887,3.2799,8.8339,89.685,77.682,42.334,49.584,55.996,26.736,99.719,28.878,9.7977,83.774,57.9,99.561,6.0308,50.714,3.4887,56.113,23.05,89.242,51.815,58.145,84.115,26.317,83.58,89.599,85.584,12.159
55.054,10.7,33.084,79.508,8.5457,43.607,15.469,1.7612,61.952,95.501,70.648,99.457,66.552,37.699,43.504,28.25,64.843,63.155,6.2394,23.943,16.261,3.3271,32.01,1.0848,17.227,27.312,39.75,2.8783,46.931,92.629,31.697,15.042,54.468,71.415,67.897,56.51,90.948,27.427,71.92,72.932,76.264,58.973,5.3511,50.031,72.327,17.784,49.219,33.916,1.5026
84.991,7.4808,37.923,5.5865,28.325,59.305,33.937,43.198,29.972,64.41,45.217,24.249,33.661,99.344,60.834,70.547,94.608,42.904,30.753,2.1614,46.166,72.989,36.658,2.3837,42.625,44.447,9.8185,9.8665,59.683,61.346,84.258,88.303,12.788,48.11,26.144,30.736,84.744,92.54,99.949,46.829,47.471,96.163,29.534,65.879,62.869,43.563,12.838,64.572,90.554
66.664,34.89,13.965,52.242,26.556,17.454,34.287,45.668,43.015,45.256,25.91,55.526,58.923,76.515,24.769,43.617,10.553,45.003,93.195,60.098,25.759,27.156,73.591,93.874,74.395,68.596,98.417,46.323,41.471,28.872,50.523,55.414,3.0718,26.837,77.705,55.724,28.462,97.62,64.932,70.566,23.017,67.559,33.014,95.121,2.6373,5.8377,98.952,5.1887,74.196
18.761,6.0087,24.509,41.488,4.5626,66.77,69.381,46.101,74.761,12.999,15.971,6.0798,81.229,81.841,4.0243,89.417,74.834,1.2834,77.491,75.187,68.373,67.531,70.819,78.426,60.918,87.567,82.317,28.382,82.823,85.945,83.4,82.566,57.482,21.96,31.365,24.78,41.499,72.212,94.025,52.853,80.246,5.3206,59.347,83.326,81.276,25.655,73.415,16.14,6.6834
74.657,18.877,69.243,8.388,7.5698,65.432,34.01,84.891,26.595,5.8779,39.916,7.6841,28.967,64.145,68.888,14.19,25.298,11.59,89.034,3.6901,94.505,98.244,49.3,12.43,38.896,88.033,4.1886,40.51,63.83,41.375,39.371,52.169,12.984,13.593,45.674,64.348,48.581,46.162,45.297,15.268,39.84,26.212,50.719,19.756,97.589,97.855,3.6807,57.312,99.273
92.916,18.231,6.3709,72.765,61.594,29.174,57.92,33.768,53.145,20.843,55.399,90.794,98.733,12.715,13.486,72.047,81.198,36.816,19.027,23.535,31.981,82.194,87.231,77.074,91.596,93.252,43.093,48.286,46.106,51.631,10.573,77.014,88.728,96.25,6.3251,18.682,2.386,2.641,86.561,7.7162,12.705,25.944,30.214,91.09,29.752,31.576,30.282,12.261,43.824
34.983,5.8874,51.757,56.023,25.054,40.261,11.428,84.568,49.246,15.701,14.358,47.156,62.065,26.311,95.924,17.754,2.5324,8.7436,37.197,85.756,30.441,49.083,62.338,81.041,49.91,60.078,16.481,47.966,97.802,13.989,33.547,74.336,68.887,40.062,44.966,69.586,40.163,98.986,85.252,33.47,38.108,1.6754,27.497,47.432,51.495,48.467,35.277,96.586,27.945
45.067,53.324,79.04,26.804,94.306,57.071,84.161,32.627,3.105,92.232,26.921,24.503,31.29,89.827,11.013,14.279,52.715,84.459,55.799,9.5824,94.312,67.726,76.842,42.353,94.352,31.06,17.978,18.369,48.173,64.282,33.549,40.749,19.807,20.511,92.343,79.017,99.096,29.686,39.146,60.97,25.07,21.795,51.974,68.656,80.349,19.354,15.538,69.305,41.456
45.832,64.086,8.4766,46.603,91.888,81.346,20.291,27.908,80.25,37.711,49.569,45.79,82.108,89.668,93.305,89.382,83.197,37.654,9.8112,88.748,88.567,22.975,23.926,29.669,4.247,79.497,86.153,89.547,34.263,93.768,31.234,80.808,15.286,96.189,61.391,53.683,55.552,97.09,63.526,68.902,4.05,7.351,6.309,1.0669,20.84,12.002,73.705,53.287,1.5783
37.734,31.168,19.924,39.925,37.134,84.128,33.289,38.029,42.913,48.946,87.371,57.013,60.329,71.584,52.522,32.794,8.3375,25.05,41.42,1.9394,79.863,18.901,40.466,68.453,74.821,86.326,51.894,42.742,33.718,30.348,56.426,15.189,20.256,11.945,85.378,54.194,49.965,46.844,75.793,2.9669,54.27,75.934,92.462,98.307,61.956,54.375,92.409,55.849,54.875
38.816,83.555,17.034,50.514,32.682,96.165,49.632,23.011,43.193,71.767,7.8728,68.204,50.714,58.741,21.834,50.691,94.473,15.226,18.507,22.631,43.838,41.206,12.448,81.86,26.48,1.5799,67.31,40.466,7.5887,66.408,57.455,48.306,5.2386,29.502,86.513,18.023,84.657,21.846,67.828,79.065,48.757,99.086,41.781,1.3903,27.494,37.978,15.333,54.895,36.668
56.293,78.632,27.702,24.111,70.634,8.1425,47.04,50.299,85.284,93.419,74.748,6.9306,15.328,7.4073,15.593,62.674,65.564,60.464,40.063,38.624,96.155,74.062,46.3,91.988,57.212,36.748,88.703,95.886,46.383,51.347,65.576,53.787,39.541,51.529,93.736,55.082,88.471,31.482,94.802,10.606,5.0603,91.654,11.907,8.0832,84.23,4.2839,56.235,94.238,79.764
83.878,10.164,9.1956,39.834,4.6553,87.183,86.741,95.687,50.588,70.387,32.825,94.253,47.116,11.85,39.302,79.147,37.661,29.295,25.055,6.7941,70.427,58.432,39.018,7.29,72.921,21.546,53.471,13.296,31.159,19.28,42.706,38.608,39.24,59.066,67.621,19.241,35.93,48.798,5.5589,43.997,86.464,1.4094,39.544,48.851,82.291,87.066,10.001,96.523,74.691
14.876,37.297,24.138,46.641,78.062,67.072,69.022,30.212,58.241,79.933,43.693,73.787,10.232,19.458,53.314,87.719,85.242,35.016,95.196,11.925,61.317,34.06,39.435,61.452,35.974,84.437,57.206,17.101,69.791,53.779,81.764,32.225,24.602,85.276,87.334,69.721,37.744,71.464,96.131,17.7,12.781,27.089,70.68,33.427,90.234,76.425,69.589,80.145,48.716
29.929,5.9189,53.591,43.345,89.792,27.488,4.529,92.521,1.5217,37.953,33.24,16.777,19.675,75.966,27.365,6.847,10.155,79.485,94.531,72.261,24.591,46.205,8.651,82.95,6.0576,53.849,63.38,35.505,46.472,64.96,2.6529,99.581,20.088,86.936,22.6,78.678,35.926,96.969,10.23,46.742,85.769,21.879,79.442,43.642,74.954,80.259,97.78,70.936,90.573
31.362,17.721,25.237,67.118,64.998,5.339,73.249,53.577,67.558,79.325,42.074,80.242,77.59,42.539,64.748,87.059,30.984,25.821,86.151,24.548,38.158,50.147,36.092,62.428,54.716,88.729,50.41,17.928,90.001,83.789,59.857,43.508,86.806,84.103,89.951,70.306,76.539,36.452,82.466,66.237,83.347,35.723,16.774,92.256,6.026,80.747,85.549,56.661,97.767
4.7026,91.503,41.796,73.975,76.692,42.403,45.064,5.2217,20.493,51.239,96.287,43.324,71.898,13.073,98.311,95.801,91.119,14.731,2.103,87.715,42.89,65.596,36.612,62.622,70.43,75.112,74.181,46.007,62.984,57.64,76.925,24.843,15.353,45.064,33.295,34.675,9.8481,43.541,54.192,11.537,94.241,26.969,32.984,32.193,63.663,12.231,15.722,63.983,73.223
27.552,12.437,96.062,39.572,79.449,25.854,31.83,46.363,69.865,13.198,21.822,14.778,39.625,67.341,60.366,49.392,31.261,91.234,97.443,77.014,32.942,1.3013,79.912,32.407,90.954,67.544,75.001,36.659,62.731,97.388,76.803,27.082,35.163,34.235,87.124,83.378,47.977,85.695,14.915,71.492,80.533,75.379,8.6575,87.209,10.803,24.509,63.5,66.628,5.5748
79.495,86.732,65.453,67.701,82.375,5.8561,81.714,29.707,89.624,84.328,63.655,47.978,36.254,14.297,29.466,57.853,68.522,4.6523,4.0441,13.332,89.592,41.558,73.023,25.1,85.222,31.641,86.769,38.934,88.242,28.451,66.27,91.496,94.371,33.787,82.595,55.743,94.604,41.254,82.437,84.15,41.726,68.737,22.367,76.522,28.29,97.281,57.841,63.324,16.709
92.554,94.102,94.766,55.193,72.071,35.801,15.966,16.037,83.225,1.4422,94.891,90.253,75.265,35.987,93.561,15.032,83.911,39.789,91.151,1.2832,65.725,40.75,21.623,46.206,55.377,37.441,93.005,79.581,14.528,46.122,29.252,11.107,26.88,23.484,42.75,5.9484,58.416,82.635,28.285,6.098,98.316,9.5542,17.764,33.245,33.891,85.048,81.144,62.091,76.661
65.044,82.75,46.818,92.011,22.093,95.548,36.963,5.344,26.558,2.8739,92.958,95.956,51.337,48.387,50.771,95.372,48.204,34.183,67.528,29.124,8.0019,40.222,6.054,43.083,33.327,17.027,64.959,90.134,68.535,60.031,48.936,34.717,6.0669,19.17,85.597,73.451,67.781,12.177,60.865,51.451,4.4174,43.225,34.085,2.8428,93.194,79.238,64.353,17.91,23.692
7.6294,40.074,67.422,9.1406,36.579,30.413,24.88,27.064,70.772,62.196,37.114,13.053,29.461,95.169,46.084,10.871,33.175,12.267,19.252,81.074,86.392,82.246,44.635,85.041,10.932,77.141,46.525,80.554,46.619,9.4471,89.679,89.159,46.967,32.655,84.112,51.159,18.868,29.807,69.747,90.787,1.9776,52.135,49.192,82.323,51.493,18.304,40.695,58.877,19.082
59.207,2.1303,58.921,62.316,20.036,88.315,63.343,86.957,95.474,80.179,97.791,28.852,2.5244,29.062,51.502,4.5677,79.94,45.82,63.721,34.153,85.386,97.345,21.806,17.75,98.507,10.489,17.266,10.187,90.868,14.434,48.803,24.166,89.312,13.33,11.35,58.514,4.9074,95.093,6.5578,28.916,9.2281,42.016,74.59,19.993,26.402,2.91,19.625,58.112,80.138
55.403,15.04,98.485,42.577,80.943,56.45,69.977,33.934,45.803,31.408,18.317,38.518,46.533,1.3173,63.11,6.3078,59.571,57.53,96.673,32.514,80.209,25.504,54.61,71.302,78.723,48.095,72.865,38.957,49.404,77.062,54.218,38.492,69.025,94.412,52.873,7.886,61.052,46.17,22.518,68.749,57.58,11.859,6.7611,13.766,14.057,27.881,98.269,1.1419,27.19
89.272,56.826,16.959,39.976,71.193,56.535,70.674,60.438,33.284,97.518,72.31,99.3,11.165,68.756,11.081,32.797,4.4559,5.3527,83.334,22.489,71.485,47.149,27.443,42.448,43.28,28.316,13.227,70.289,34.819,90.584,74.536,16.813,92.982,24.885,92.81,45.169,96.775,91.742,49.48,19.592,4.5875,58.23,23.895,2.3242,44.103,16.206,34.021,8.8159,31.008
86.663,92.9,56.113,81.351,84.664,41.862,33.993,32.311,55.048,45.115,9.0404,5.7304,62.033,23.286,74.207,31.745,87.751,48.18,33.95,36.339,47.7,45.159,94.116,56.39,25.655,92.363,90.078,3.7091,3.7658,33.007,34.985,15.61,60.556,56.694,50.004,15.043,65.832,34.916,79.416,39.463,32.088,53.007,29.602,91.911,44.798,49.392,59.029,94.313,99.234
62.124,64.596,80.944,23.233,35.799,11.696,25.349,80.626,46.616,39.309,96.68,28.491,57.04,3.7718,12.014,37.905,93.832,99.759,27.509,55.045,68.656,17.437,28.146,30.614,48.08,2.7612,50.184,19.025,98.004,32.622,88.309,42.344,57.281,82.731,5.0532,19.067,4.6732,23.056,79.208,26.698,69.526,69.702,17.302,69.138,8.8721,87.601,41.9,90.353,34.198
89.486,2.8559,52.155,96.702,15.592,10.746,89.882,91.48,74.064,52.56,31.405,65.343,34.198,71.633,33.669,20.321,3.1335,53.578,96.709,64.626,93.408,79.267,17.482,3.2396,69.783,49.937,68.307,15.928,96.735,42.003,22.908,54.136,96.856,18.794,64.813,42.503,52.961,69.689,37.588,49.674,22.599,97.223,77.301,60.476,31.096,20.534,24.563,97.89,92.016
85.931,97.494,96.103,9.6748,49.313,59.477,71.332,45.077,91.291,53.857,67.858,78.602,23.001,25.12,61.539,88.366,97.528,89.57,24.316,66.245,45.067,74.011,56.343,96.804,87.537,91.685,18.907,9.4542,26.774,55.946,84.716,85.012,68.637,73.56,29.253,33.117,7.8775,80.345,22.891,95.097,60.108,30.201,61.764,31.61,3.542,49.13,11.62,95.252,97.813
82.279,8.97,34.271,94.535,21.42,40.795,89.345,74.582,61.433,35.442,3.3354,84.817,38.384,76.381,26.62,12.911,53.239,16.121,33.487,56.199,16.886,45.417,4.6234,88.518,42.709,18.636,76.002,40.988,43.218,15.934,76.718,1.7417,91.651,1.4139,52.252,8.5283,60.235,33.12,81.297,42.048,52.445,38.748,9.1843,23.686,18.19,30.229,64.904,56.305,54.923
89.95,79.674,40.498,72.619,65.589,49.415,73.092,31.442,67.44,80.314,58.555,17.982,17.393,96.89,63.227,55.237,56.226,86.422,27.713,80.407,65.164,46.574,43.951,62.597,13.483,66.143,67.286,68.929,34.654,97.558,4.8183,30.397,47.326,29.727,25.919,61.894,44.453,52.62,60.269,52.888,50.738,74.914,70.485,25.044,57.872,75.088,97.149,4.6055,86.874
86.869,10.775,58.104,42.848,10.55,28.49,99.369,13.025,36.746,82.753,65.53,45.385,87.504,85.149,30.909,42.906,69.272,38.612,65.395,26.109,64.318,80.4,44.814,57.611,20.175,90.249,8.8544,57.266,45.844,2.0152,59.144,15.777,48.927,76.234,42.28,82.815,80.127,17.512,33.926,54.147,2.8053,63.803,85.716,86.789,40.843,99.383,72.056,92.773,95.558
66.814,28.306,63.384,91.601,20.556,43.626,8.0213,41.841,57.497,68.671,9.2955,14.693,61.387,94.209,39.471,98.874,32.679,46.823,93.292,86.855,75.756,60.653,37.03,48.495,61.061,6.6736,60.527,73.056,32.46,96.104,77.752,57.087,78.344,72.351,19.997,22.084,5.6984,42.342,2.7893,6.7579,8.5063,68.629,63.43,46.806,58.936,39.286,86.401,44.749,35.583
33.513,58.471,84.14,46.096,35.996,80.913,75.565,63.614,25.237,99.834,20.7,96.168,47.046,27.639,11.963,38.38,20.557,25.464,10.786,14.74,82.292,77.853,60.499,83.896,89.796,60.577,32.401,44.11,15.053,7.6269,50.762,71.6,47.044,8.2154,8.299,73.269,21.724,11.377,64.958,26.79,61.548,81.588,93.135,38.282,91.544,39.145,21.841,25.837,86.353
66.107,52.285,89.411,81.626,25.736,73.997,70.95,32.021,99.603,69.111,45.957,33.433,85.949,76.231,16.246,85.883,97.954,58.659,21.359,39.543,22.648,77.372,85.601,15.732,10.455,7.6725,86.618,94.562,92.439,61.068,97.913,92.832,39.36,42.24,60.567,86.342,76.456,92.841,15.233,32.985,67.089,77.88,37.51,78.875,94.425,3.8576,41.722,8.5792,80.053
52.403,11.552,8.4846,43.889,51.493,10.97,87.947,49.36,69.613,36.079,21.776,76.162,35.561,47.729,42.628,91.071,36.936,3.9382,93.337,62.797,74.334,93.815,6.8763,13.167,78.434,63.981,99.838,52.841,52.132,34.304,36.391,51.037,93.89,99.688,22.07,4.726,84.263,39.28,85.595,6.9268,80.339,48.73,95.023,79.462,88.806,5.8904,90.842,3.9216,59.111
82.106,90.844,2.7787,59.139,41.643,38.116,80.27,80.106,70.579,24.712,70.981,53.446,9.5842,14.727,51.506,75.886,58.579,10.798,14.228,8.3424,15.782,37.646,26.523,8.3242,75.778,28.455,61.914,50.167,80.021,21.407,88.389,98.551,34.999,57.769,47.288,29.962,98.35,64.79,84.783,20.482,7.0319,2.322,71.829,87.105,29.605,24.792,84.817,79.952,17.886
46.054,43.843,10.582,83.403,93.296,68.243,75.466,18.657,31.459,42.566,62.502,76.543,82.715,69.131,36.087,38.389,91.739,99.266,34.752,91.719,67.635,95.899,66.571,46.176,4.2464,89.185,85.935,14.057,20.842,82.137,63.997,97.12,27.935,58.839,48.531,18.36,29.087,61.406,48.182,69.99,37.541,89.421,66.237,55.842,54.054,20.661,48.178,71.021,42.346
18.906,80.602,75.467,56.793,80.924,76.807,36.256,65.358,71.044,62.455,1.043,73.552,30.748,22.895,54.424,96.606,96.633,72.522,36.002,4.8083,10.177,11.375,22.939,11.416,91.34,35.356,54.296,55.922,71.551,81.519,90.311,97.758,35.796,96.827,97.983,68.19,10.54,52.187,43.839,88.51,27.761,63.488,16.791,86.465,44.514,36.803,83.263,39.885,15.161
64.477,18.055,13.009,97.312,40.057,81.386,11.532,38.936,32.458,22.688,65.367,57.209,41.279,44.617,58.131,41.578,36.051,55.831,93.499,77.165,12.42,31.503,9.3999,22.919,41.634,51.799,31.523,13.154,97.753,65.028,71.08,63.28,78.29,70.766,90.26,45.572,4.5897,76.912,60.038,69.253,44.637,1.1302,99.16,18.18,56.898,17.027,50.892,56.461,71.731
47.564,7.8328,77.104,63.19,99.621,82.174,77.622,71.678,40.324,31.143,84.662,8.9307,40.808,79.601,18.83,3.7702,45.358,64.968,90.662,17.906,50.313,80.646,81.736,41.585,49.162,6.5962,77.764,24.566,43.362,63.356,49.002,42.685,17.718,14.377,45.797,86.454,20.926,19.176,41.513,9.2054,36.241,87.388,63.742,23.675,11.735,68.047,12.52,73.103,93.387
36.419,4.3269,9.1698,78.791,21.271,47.297,1.4304,85.907,3.4886,92.201,94.083,52.123,46.817,59.535,37.603,40.868,62.595,77.504,53.686,85.692,35.672,87.405,66.866,36.183,60.291,52.533,4.8349,88.465,32.656,56.648,11.165,80.162,34.122,42.425,73.209,77.058,97.336,64.02,76.099,29.494,46.761,32.193,86.145,53.076,54.063,92.238,24.494,76.774,97.386
17.332,11.578,63.163,61.383,96.312,94.784,82.892,56.771,76.747,59.783,74.057,52.332,21.188,10.157,50.667,8.8787,42.746,1.9421,20.092,85.538,90.222,34.91,87.552,35.999,15.447,44.948,23.031,89.19,83.42,72.784,25.494,49.198,69.974,87.111,37.247,45.312,78.12,32.949,46.146,28.086,68.54,51.826,85.484,64.222,10.067,73.65,31.091,2.4126,60.254
61.678,62.701,11.591,78.862,51.678,34.545,28.366,71.842,92.099,21.946,90.423,72.595,35.545,71.591,59.344,91.538,37.329,98.179,94.39,84.983,39.268,19.305,74.396,67.127,51.157,74.035,84.859,9.5582,33.779,67.574,51.872,81.499,73.843,67.843,1.2606,44.747,36.795,71.843,52.532,47.085,52.573,11.06,19.163,69.802,72.217,82.609,64.868,42.273,52.077
89.336,32.788,33.092,70.868,58.759,8.6989,12.723,39.611,51.356,5.9704,73.147,94.677,15.654,48.656,13.202,95.296,5.8538,69.397,24.157,56.606,42.359,35.7,89.848,35.511,77.285,28.854,69.21,58.966,33.804,98.096,35.326,27.305,31.745,39.656,18.795,7.7132,87.201,72.597,88.543,57.3,6.1375,57.564,92.002,51.416,34.002,76.528,95.574,41.751,63.471
1.6191,6.4613,64.131,40.607,2.6064,5.5408,41.587,89.451,46.818,76.136,83.933,9.5099,62.83,93.652,82.561,21.257,57.923,14.598,97.511,75.3,99.731,33.81,55.481,3.241,56.319,26.814,36.442,43.7,45.287,89.08,92.691,97.023,2.7117,4.7722,93.966,5.3032,50.84,55.168,88.328,67.548,5.174,67.222,13.882,28.039,35.321,30.562,19.479,96.069,95.376
62.939,54.681,27.346,56.876,31.163,36.461,24.922,75.331,52.345,87.101,46.385,18.862,38.843,1.2512,71.075,88.266,15.769,76.736,68.832,84.309,68.925,70.113,7.092,38.289,53.825,83.296,76.121,4.6814,88.395,43.266,91.61,88.3,32.332,37.095,6.2441,79.118,71.648,78.204,53.354,28.508,72.821,58.703,48.726,73.776,66.509,2.378,92.64,2.0351,47.541
27.273,17.684,79.528,62.58,8.5778,56.073,5.753,84.981,14.225,22.716,92.202,29.725,8.6121,15.612,97.629,93.116,13.113,62.011,9.4654,3.3447,25.609,31.635,12.025,51.972,41.688,88.819,82.038,36.294,43.323,63.848,87.045,28.388,32.478,4.9526,6.0267,95.097,80.461,26.519,79.102,22.321,37.496,53.674,23.587,65.959,50.452,37.603,20.238,57.73,40.272
98.434,78.836,60.362,88.97,48.772,39.042,61.866,49.717,76.548,33.92,55.41,84.13,6.0279,7.3799,4.8556,53.483,37.13,83.362,52.286,4.9413,96.562,85.279,30.956,80.221,92.707,16.787,40.351,83.899,69.652,83.041,53.98,15.233,54.38,72.317,37.303,28.016,23.38,17.466,18.092,54.251,8.5214,57.326,75.719,30.167,37.109,81.705,67.034,57.857,49.078
77.211,61.179,19.051,51.158,62.777,66.877,22.901,29.481,61.924,27.734,98.048,51.625,74.33,83.456,16.792,46.332,88.07,81.873,72.144,18.187,42.303,99.821,34.915,67.058,3.0443,13.574,43.191,34.657,90.471,71.982,70.183,68.495,78.409,66.105,49.82,86.277,38.865,42.356,32.485,85.329,20.489,34.464,56.839,99.106,73.275,97.298,66.313,29.032,98.325
86.114,93.432,23.031,45.096,66.504,2.7333,39.954,4.6783,5.0645,54.195,8.5108,66.021,57.707,17.403,67.416,14.418,41.333,45.692,24.457,19.429,1.4864,19.029,28.673,16.99,38.144,28.492,53.142,9.7,51.252,20.347,82.369,3.1117,76.168,39.439,17.463,41.276,3.5427,23.367,16.841,27.392,13.089,5.6026,87.079,11.659,72.942,43.887,96.226,12.855,90.613
45.158,99.075,25.528,48.88,19.352,54.631,91.295,30.931,29.428,78.058,86.022,3.1842,2.6437,58.899,42.163,31.342,21.28,91.555,88.785,79.013,56.979,99.059,21.816,43.618,7.313,50.251,17.637,18.742,7.135,53.04,2.8291,60.993,60.547,83.708,85.53,85.901,29.671,97.685,86.47,31.943,10.253,16.539,23.204,38.927,86.434,33.464,35.746,16.312,61.082
40.733,98.042,2.7514,54.594,44.142,97.631,23.512,20.268,21.292,25.263,39.882,13.586,38.639,64.357,48.648,48.043,78.49,17.201,84.299,20.558,92.904,57.935,45.165,68.606,8.9919,36.282,70.581,86.947,48.341,75.476,99.665,62.64,74.366,91.515,48.08,25.669,9.9516,64.246,60.187,3.7473,27.826,51.105,68.953,39.319,23.217,51.792,85.058,28.177,26.773
36.415,3.2623,72.611,91.397,65.873,92.089,80.811,30.453,4.3934,51.198,89.041,60.43,10.338,78.789,62.782,45.052,46.405,72.015,13.457,93.968,30.02,91.839,63.027,77.886,29.969,83.582,81.408,83.367,42.52,90.444,65.334,26.953,34.733,73.594,32.343,22.464,42.072,35.985,84.315,55.647,51.907,68.532,17.519,61.171,13.697,67.863,66.031,94.667,76.144
97.214,42.707,50.651,1.7676,20.652,97.782,50.472,87.969,63.291,74.047,78.973,22.103,87.336,52.589,65.72,89.128,93.309,54.895,36.912,24.803,92.569,57.352,39.264,2.7086,15.689,43.345,17.512,87.397,14.585,30.945,29.006,31.306,66.556,99.925,84.723,67.721,85.063,30.59,41.845,22.347,39.961,73.447,31.233,85.753,36.555,54.754,98.587,96.401,17.602
24.831,77.59,83.887,98.867,98.559,52.923,87.283,44.632,6.4059,40.205,84.177,9.2837,59.323,12.256,52.91,12.813,74.403,64.933,83.519,75.077,97.135,84.514,45.167,16.999,35.329,38.685,31.323,74.185,37.989,54.414,52.485,16.639,48.757,63.644,26.181,51.468,78.794,67.45,18.056,64.092,68.488,36.768,70.563,69.315,86.872,66.413,61.736,65.365,10.869
17.655,19.057,87.239,9.8351,6.8724,64.756,11.866,36.899,3.4117,98.537,64.609,58.774,41.827,66.951,35.294,99.153,92.492,83.669,61.81,36.451,36.178,48.829,51.842,95.22,75.703,16.876,2.4166,7.9624,19.799,46.639,50.858,76.452,97.913,17.839,20.886,88.295,55.237,87.221,41.125,27.64,75.711,22.53,89.498,3.4444,37.995,79.477,55.806,1.0654,56.003
46.844,57.927,62.452,87.071,67.979,18.311,12.034,47.133,26.969,93.017,45.232,43.224,90.533,21.29,6.3995,15.119,79.235,56.777,92.23,11.539,87.279,58.784,86.624,10.969,69.156,8.9016,86.719,94.219,39.959,88.355,38.997,58.86,19.126,89.276,17.061,44.691,83.138,35.776,22.337,84.341,55.832,34.21,22.487,88.068,74.334,66.717,47.59,43.296,97.216
29.267,34.79,10.904,40.507,18.437,15.146,47.312,24.372,11.1,23.349,70.122,27.173,42.023,87.456,88.747,88.206,35.671,12.782,72.192,69.93,20.851,83.068,30.925,90.196,91.548,83,97.242,19.24,85.09,84.747,73.142,82.104,7.9272,8.1465,45.611,51.087,91.329,77.64,27.053,22.6,34.256,4.4967,72.191,37.787,77.677,91.722,26.778,94.269,39.453
41.148,11.966,49.646,78.957,19.208,15.185,44.127,68.11,77.291,39.834,98.257,24.442,51.366,5.7219,98.403,45.55,26.531,12.678,70.388,17.466,52.472,73.715,73.552,2.7836,28.315,44.707,33.73,52.565,19.741,34.895,13.423,92.343,99.485,19.327,52.753,51.131,89.431,27.338,51.397,98.764,75.72,34.151,63.584,48.317,46.346,65.451,65.98,40.752,41.568
61.349,36.514,88.813,91.501,87.239,57.751,72.948,25.691,22.02,2.9362,62.582,22.409,65.425,20.646,47.652,65.237,68.041,35.997,87.914,24.763,73.996,76.247,36.571,41.443,58.153,43.051,95.367,3.4225,33.838,49.205,26.125,27.587,86.552,82.373,89.959,22.781,21.499,61.996,31.358,52.45,81.003,98.538,9.2378,43.234,37.744,57.499,42.089,78.054,23.097
67.112,90.942,51.016,68.793,33.568,23.725,77.849,75.813,26.191,27.433,26.436,12.042,71.629,77.11,51.149,47.091,98.634,85.037,29.807,56.839,14.173,81.164,99.885,58.629,72.134,57.583,26.041,50.154,44.315,82.057,62.97,75.66,8.6477,7.5317,63.031,37.6,96.494,29.787,26.328,17.843,50.681,48.994,14.947,40.746,64.095,36.095,77.355,4.099,29.503
12.747,15.304,86.26,61.077,4.9137,1.2443,75.1,38.14,2.6314,30.27,83.838,92.202,40.487,96.155,21.451,44.98,72.975,71.276,36.798,44.851,48.095,66.596,70.309,45.626,47.061,44.801,53.169,36.537,97.244,3.6829,25.964,99.039,44.04,54.208,69.8,74.928,42.943,60.533,86.445,13.262,43.136,7.8901,40.97,53.099,69.505,69.214,64.999,71.766,94.527
38.207,17.867,20.322,27.394,98.968,92.811,87.299,43.619,58.302,11.329,59.279,59.205,80.043,54.056,58.202,90.508,31.801,27.655,52.226,32.289,81.229,24.688,89.625,50.604,56.632,39.147,42.848,5.554,35.635,34.468,76.937,10.942,66.034,24.682,24.787,8.6289,92.636,74.699,46.512,95.431,55.945,64.043,78.324,88.087,63.104,35.53,9.033,91.108,66.167
94.579,14.713,92.373,78.506,80.721,63.939,72.999,45.209,88.568,4.2531,66.831,12.17,23.774,81.714,50.844,34.486,65.526,64.135,46.012,44.558,11.63,56.713,39.768,58.003,97.364,15.448,73.184,53.83,86.99,94.154,26.776,64.326,80.896,49.171,92.491,79.936,83.56,58.168,2.1504,36.102,54.394,67.941,55.787,65.224,80.885,80.372,44.538,75.527,47.739
46.913,80.214,20.98,94.997,92.298,13.537,36.18,26.525,26.246,12.391,34.181,29.226,31.362,36.573,53.205,74.568,46.213,47.145,83.607,50.52,47.572,83.778,88.268,58.531,49.111,53.152,93.936,65.347,39.87,60.902,66.989,46.65,36.893,36.201,5.7345,61.667,44.37,18.992,91.913,67.827,67.093,57.364,80.819,32.835,16.57,61.622,19.93,22.512,20.319
87.326,15.349,84.404,65.199,52.562,12.247,88.008,66.923,36.713,65.756,32.365,36.459,30.016,93.883,4.9559,67.283,65.391,67.783,22.111,93.268,76.667,84.007,71.025,20.454,24.924,24.445,78.394,82.765,65.797,65.653,84.445,11.678,33.432,90.063,19.28,52.753,54.034,75.357,5.5726,40.288,20.817,54.927,59.614,61.658,9.8961,59.808,69.013,31.578,76.198
14.42,14.107,73.479,82.44,50.572,30.85,42.619,56.001,60.731,13.692,8.7351,97.335,56.152,63.445,44.971,54.957,86.282,37.033,87.622,21.145,21.011,2.9723,26.327,14.76,46.471,31.35,88.799,15.376,11.689,33.88,11.493,67.192,45.282,61.383,61.369,22.533,15.188,57.33,30.091,74.364,62.375,33.427,54.033,27.447,18.72,45.793,18.608,42.754,26.625
97.786,62.32,25.322,20.101,82.902,9.4035,45.474,81.809,13.025,54.116,77.879,15.41,82.522,57.674,59.158,87.707,70.801,82.199,37.215,12.257,62.776,92.055,57.441,81.738,59.621,68.028,71.317,13.425,99.133,75.793,4.244,79.311,97.986,98.807,1.3733,80.712,53.999,99.093,88.207,52.951,27.25,15.01,23.242,55.556,97.813,46.531,5.1423,39.016,12.783
23.402,67.737,18.045,38.827,40.909,49.003,27.312,43.661,52.299,56.262,28.403,90.875,91.057,46.191,85.939,7.6343,40.866,32.486,25.668,92.825,88.808,89.631,74.71,80.604,28.717,55.255,1.6885,95.636,71.675,47.659,7.7231,58.528,74.91,59.775,78.435,89.043,74.918,54.946,21.992,63.53,96.592,56.532,49.708,27.885,82.67,57.395,65.733,12.104,59.696
81.9,39.406,30.208,74.593,81.374,68.692,67.174,80.398,27.461,54.602,35.272,94.699,96.92,2.8339,36.192,51.164,36.079,38.767,75.149,90.903,35.881,90.203,36.051,52.684,14.088,82.95,31.205,99.163,18.674,64.618,88.726,30.676,44.859,65.789,39.429,70.985,80.748,75.777,40.775,43.253,97.662,48.2,16.204,41.706,19.218,57.302,60.381,45.106,37.905
48.261,76.444,63.184,77.73,33.477,88.377,43.2,45.628,11.151,44.962,86.269,74.866,76.071,17.319,20.922,95.994,58.411,99.765,39.456,8.7133,72.946,2.06,47.722,14.977,78.786,61.277,58.951,72.901,5.9595,50.015,56.756,94.432,50.57,92.7,11.389,44.489,46.233,93.96,25.468,34.647,81.073,25.57,13.97,15.26,72.004,35.669,65.275,10.886,6.8775
80.649,23.295,78.502,96.987,55.701,44.304,65.604,58.162,58.462,95.291,89.267,23.836,10.138,31.934,27.238,11.856,41.325,70.81,38.956,73.695,15.155,37.745,71.976,79.275,52.545,18.617,90.485,62.97,48.527,71.159,29.369,8.2914,76.392,79.17,46.962,68.578,60.608,77.625,91.54,94.102,63.022,24.373,88.746,74.355,11.759,41.352,15.541,13.685,77.27
