15.699,0,0,29.38,0,18.468,6.1107,0,19.446,0,0,0,0,0,26.765,0,0,0,0,0,0,25.18,0,31.321,0,0,0,0,0,0,0,0,0,0,0,0
0,0,0,0,0,0,0,0,0,0,42.174,0,0,0,0,0,0,39.888,15.6,30.533,24.328,0,0,19.573,0,0,18.505,31.7,0,0,0,0,0,0,0,0
0,0,0,0,0,0,0,0,20.515,35.325,0,0,0,0,0,0,0,22.57,0,0,26.18,0,0,22.082,0,0,0,28.475,0,0,22.313,21.074,0,0,0,0
0,0,0,0,0,0,0,0,22.936,0,0,22.004,0,0,0,0,0,18.562,0,0,0,0,34.532,0,0,28.372,0,0,23.994,0,22.812,0,0,18.129,0,0
0,24.555,0,0,0,0,14.073,0,0,0,0,0,0,20.83,0,5.6501,0,0,0,0,0,0,28.486,0,18.746,0,0,0,0,0,18.351,0,41.858,0,0,0
34.482,0,0,0,0,11.924,0,0,20.236,0,0,0,0,0,0,0,0,29.882,22.856,0,0,0,21.858,0,0,0,0,26.722,0,0,0,0,0,39.562,0,0
0,0,0,35.862,0,0,0,30.784,19.428,0,0,0,37.467,0,0,0,0,16.532,0,0,0,0,17.117,0,0,0,0,0,0,38.183,0,20.673,0,0,0,0
0,0,0,0,0,32.714,0,0,0,0,0,11.176,26.034,0,0,0,0,21.892,0,14.612,23.668,0,0,0,0,28.113,0,0,0,22.177,0,0,0,0,0,0
13.033,0,0,0,0,0,0,0,0,0,0,0,0,29.764,0,0,29.26,0,0,0,34.591,0,0,26.413,0,10.563,27.549,25.504,0,0,0,0,0,0,0,0
22.895,0,0,20.743,0,0,0,16.733,0,28.35,0,0,0,0,0,0,0,0,0,0,0,0,0,0,0,0,20.817,28.021,12.619,0,0,0,0,0,0,27.994
0,19.866,0,0,0,0,0,0,0,0,24.552,0,0,0,11.022,0,19.088,0,0,0,33.272,0,0,0,0,22.786,0,0,0,26.166,0,0,33.076,0,0,0
0,0,0,17.858,0,0,0,0,40.262,0,22.407,0,9.3155,0,0,28.846,0,0,0,0,0,19.334,0,0,0,23.834,0,0,0,0,0,0,0,0,0,17.955
0,0,14.289,0,0,25.873,0,0,0,0,0,10.538,0,36.759,0,0,0,0,0,0,0,0,29.033,0,0,0,0,29.317,0,0,0,25.281,31.66,0,0,0
14.97,6.1244,0,0,39.52,0,0,0,37.391,31.878,0,0,0,0,25.009,30.676,0,0,0,0,0,0,0,0,0,0,27.268,0,0,0,0,0,0,0,0,0
0,0,0,18.65,0,27.222,0,0,0,9.9074,0,0,0,0,0,0,0,0,0,0,0,21.112,0,32.114,0,0,0,5.9053,21.912,20.027,0,0,0,0,0,0
0,7.0348,0,0,0,0,0,17.066,0,0,0,0,0,30.338,0,0,0,27.917,0,0,21.065,0,0,0,0,24.743,0,0,30.116,0,0,0,0,0,0,13.416
31.313,0,20.046,30.501,0,0,35.847,0,0,0,0,22.189,0,0,32.119,0,0,16.911,0,0,0,0,13.054,0,0,0,0,0,0,0,0,0,0,0,0,0
0,0,0,0,23.045,27.524,0,0,29.955,0,0,0,0,0,0,0,0,0,0,26.018,0,35.398,22.068,11.526,0,0,0,0,0,21.439,0,0,0,0,0,0
0,0,0,0,0,0,0,0,0,0,0,0,0,0,0,10.986,28.972,0,0,0,0,0,26.064,0,24.919,0,0,28.392,0,0,25.903,0,38.71,17.324,0,0
0,0,0,0,0,18.058,0,20.02,19.902,0,0,0,0,0,30.811,32.198,0,0,0,0,0,0,0,0,28.469,0,0,33.719,0,0,31.583,0,0,0,0,0
0,0,14.697,0,0,0,18.041,0,0,0,0,0,0,0,32.002,0,0,0,0,0,0,0,0,32.291,0,0,0,0,29.234,0,0,29.21,0,0,29.221,26.858
0,21.065,33.509,0,19.824,0,0,0,0,0,32.656,0,0,0,0,0,0,0,0,0,0,0,0,0,0,0,0,43.287,39.886,0,20.895,0,0,29.557,0,0
29.157,0,0,0,0,0,0,0,0,0,0,0,0,0,0,15.939,0,0,18.794,0,0,33.891,28.59,0,0,19.422,0,0,28.176,0,0,33.715,0,0,0,0
0,0,26.079,28.974,0,0,0,0,0,0,0,0,0,0,0,0,0,0,0,40.58,0,0,0,0,0,24.098,19.981,31.713,0,0,46.476,0,28.322,0,0,0
20.823,0,3.2469,29.678,0,19.568,0,14.833,0,16.519,0,0,0,0,0,0,0,0,0,0,0,0,0,0,0,0,0,0,0,27.043,0,0,0,26.256,0,0
23.633,0,0,0,15.714,0,30.644,0,0,15.314,0,0,25.849,0,0,0,0,0,0,0,0,0,22.066,0,0,7.7613,28.73,0,0,0,0,0,0,0,0,0
0,0,25.409,0,0,0,0,0,0,32.082,0,0,27.618,0,0,0,0,0,23.391,0,0,0,34.793,0,0,0,0,0,35.464,0,0,0,23.92,0,0,27.628
27.717,0,0,17.918,0,0,21.87,0,0,0,0,0,0,0,0,0,0,0,0,0,0,39.698,40.476,0,27.23,0,0,0,0,21.18,0,0,0,27.367,0,0
0,25.124,25.885,11.054,0,0,30.531,0,0,0,0,0,0,0,0,0,0,0,17.452,0,0,0,0,0,0,0,0,0,0,0,16.334,23.693,19.015,0,0,0
0,0,0,0,0,0,14.077,0,0,0,0,21.07,0,0,0,0,0,0,0,0,0,10.535,37.88,0,28.004,0,23.61,0,0,0,15.962,0,0,0,19.704,0
0,0,0,24.337,17.462,0,0,0,0,15.147,0,0,0,0,0,0,21.266,19.42,0,16.683,0,0,0,0,0,0,0,0,0,0,0,0,27.736,0,0,17.599
0,0,0,0,0,0,0,0,0,0,0,20.223,0,0,0,0,0,0,26.333,0,12.908,0,0,0,25.589,0,0,32.943,0,30.918,0,0,0,26.994,0,20.652
0,0,0,0,0,11.246,0,0,0,0,0,0,0,0,0,28.25,0,0,0,40.854,0,0,26.436,0,31.527,0,0,21.891,0,0,22.794,25.547,0,0,0,0
0,26.012,19.36,0,0,0,28.101,0,14.283,0,0,0,0,0,0,7.1563,0,0,0,25.784,0,0,0,0,0,12.165,0,0,0,0,0,0,0,0,34.82,0
31.825,0,0,0,19.598,0,0,0,0,33.061,0,0,0,0,0,0,0,29.61,0,0,0,0,0,28.096,0,0,20.184,0,0,0,0,31.696,0,0,0,29.944
0,0,0,0,0,29.501,0,0,26.452,0,22.795,0,0,34.291,25.381,0,0,0,0,0,0,0,0,0,0,0,14.613,11.01,40.748,0,0,0,0,0,0,0
0,0,0,0,0,0,0,0,0,0,0,0,0,0,27.303,0,16.52,0,0,24.108,0,0,0,0,0,20.322,0,0,0,16.381,0,0,0,17.442,36.224,29.372
0,18.684,22.199,0,0,13.784,0,0,15.423,0,0,0,0,0,20.74,0,0,0,0,0,0,0,0,0,0,0,0,0,0,18.861,0,0,46.585,0,21.734,0
0,0,0,0,0,0,22.574,0,29.376,0,0,0,0,0,0,0,0,0,0,0,13.024,0,0,0,0,37.481,30.356,27.644,0,33.279,0,0,27.683,0,0,0
0,32.838,0,0,0,0,0,49.35,0,0,0,0,0,0,0,21.366,0,0,0,0,0,0,0,15.8,10.936,0,0,0,0,28.234,0,0,16.994,0,34.728,0
0,0,0,31.374,0,0,14.919,0,0,0,10.726,0,0,0,0,0,31.955,0,0,0,0,0,0,37.807,0,0,0,0,0,41.298,0,0,20.844,0,0,20.301
0,23.895,0,0,0,0,22.962,0,0,34.289,0,0,0,0,0,0,0,0,0,0,18.154,23.645,0,0,0,0,0,21.163,11.671,0,0,24.199,0,0,0,0
0,40.169,26.556,0,0,0,0,0,0,27.1,0,0,26.369,0,0,0,23.068,0,0,0,0,0,0,11.537,0,0,0,0,0,0,0,38.899,0,20.014,0,0
0,0,0,0,24.39,0,0,0,0,0,12.163,0,30.773,0,0,0,0,0,28.531,0,0,0,0,14.479,0,31.256,23.608,0,0,18.484,0,0,0,0,0,0
0,26.686,0,0,0,0,0,14.213,0,0,0,30.7,0,0,0,0,28.761,0,0,31.657,0,26.487,0,0,0,0,0,0,21.826,0,0,0,0,0,0,30.998
0,0,0,0,0,22.605,0,0,24.708,0,0,0,0,31.78,28.135,0,0,15.282,0,0,0,31.188,0,0,0,0,20.588,0,22.548,0,0,0,0,0,0,0
13.588,0,0,33.027,0,0,29.194,0,0,0,0,0,24.088,0,31.927,0,28.697,0,36.994,0,0,0,0,0,0,0,0,0,0,0,0,0,30.142,0,0,0
26.145,27.338,16.853,19.091,0,0,0,0,0,0,0,12.591,0,23.011,0,0,0,0,0,0,0,0,0,28.203,0,0,0,0,0,0,0,0,0,0,20.415,0
0,0,0,0,0,0,0,0,0,41.722,0,0,0,0,30.43,0,0,0,15.702,0,0,12.971,0,0,0,0,0,0,0,0,36.779,0,27.413,0,23.056,37.165
25.308,0,0,0,0,27.381,19.67,18.501,0,0,0,23.653,0,0,0,24.584,0,0,0,0,0,0,0,26.69,0,35.496,0,0,0,0,0,0,0,0,0,0
25.177,0,0,0,27.672,0,0,20.276,33.586,0,0,36.555,0,0,0,0,0,0,0,0,0,25.961,0,19.412,32.023,0,0,0,0,0,0,0,0,0,0,0
0,0,0,0,0,0,0,0,0,0,28.376,0,0,0,29.691,0,0,0,0,0,21.697,20.235,0,29.801,0,0,0,31.295,0,0,0,0,11.983,0,26.735,0
40.891,0,0,21.961,0,0,28.683,0,0,0,0,19.049,0,0,0,0,0,0,14.073,0,0,0,37.501,0,0,0,0,0,0,0,36.289,28.002,0,0,0,0
0,0,26.537,0,0,0,36.231,0,33.757,0,0,0,0,0,0,30.982,17.447,0,0,21.944,0,0,0,0,0,30.327,0,0,0,0,0,0,0,0,28.536,0
0,0,0,0,0,0,0,24.703,16.844,15.392,0,27.045,0,0,0,0,24.477,0,0,0,0,0,27.003,0,35.014,0,0,0,0,0,0,0,0,0,0,22.878
0,27.268,0,0,0,26.709,0,0,34.523,0,0,0,0,0,23.05,0,22.462,0,0,0,21.228,0,0,0,0,46.418,0,0,0,42.3,0,0,0,0,0,0
35.872,0,0,30.97,0,0,0,0,0,0,0,0,24.019,0,0,0,0,0,32.424,0,27.951,0,42.26,0,0,14.032,0,0,0,0,0,0,0,0,0,26.368
30.038,0,0,11.501,0,0,0,0,0,0,0,0,40.208,0,0,34.344,0,0,0,0,17.239,0,0,0,0,33.796,0,30.911,0,23.353,0,0,0,0,0,0
0,0,0,0,0,0,0,0,20.257,27.544,0,25.286,0,0,21.527,0,0,0,0,0,0,39.502,0,0,0,23.711,0,0,0,0,0,0,0,45.403,0,29.704
0,22.974,0,0,0,0,0,31.413,0,0,34.081,0,0,0,0,0,0,26.017,0,0,25.165,0,0,0,24.884,0,0,0,0,22.094,0,18.072,0,0,0,0
0,0,21.784,0,0,0,0,0,41.481,0,0,0,0,0,32.927,0,0.3169,0,0,17.619,0,0,0,0,0,6.3682,0,0,0,0,33.411,0,17.732,0,0,0
0,0,0,0,29.66,0,24.598,0,0,0,0,0,0,0,31.57,28.47,0,0,0,0,0,0,0,0,0,0,24.632,0,0,29.6,0,0,0,26.241,0,26.701
28.348,0,28.136,14.086,0,0,0,0,0,0,0,0,22.963,0,33.114,0,0,27.727,0,0,17.402,0,0,0,0,0,0,20.137,0,0,0,0,0,0,0,0
0,0,0,0,0,0,0,18.649,0,0,0,0,0,17.691,0,37.281,0,24.441,17.255,0,0,0,18.514,0,0,0,0,0,0,0,31.966,0,0,0,0,23.934
15.435,0,0,0,0,0,25.287,0,0,0,0,13.457,0,0,0,26.901,0,0,0,0,14.414,0,0,23.912,0,0,0,0,0,28.983,24.33,0,0,0,0,0
22.853,0,0,27.618,26.524,0,0,18.363,0,0,0,0,0,0,0,0,0,0,0,5.8636,0,0,0,0,12.653,0,0,0,0,24.155,0,23.144,0,0,0,0
0,0,0,0,0,0,0,0,0,26.103,0,0,0,0,0,0,24.443,0,0,14.648,14.697,0,0,0,0,0,11.693,0,23.79,0,0,20.992,0,0,15.436,0
20.754,0,0,0,0,0,0,0,0,0,0,0,0,0,0,31.409,0,0,28.231,26.069,34.61,0,0,34.027,0,0,0,0,44.915,0,0,0,42.011,0,0,0
22.196,0,29.077,25.81,0,0,0,0,0,0,0,0,16.418,27.095,0,0,31.081,0,0,0,0,0,0,0,14.701,21.979,0,0,0,0,0,0,0,0,0,0
0,0,0,0,24.985,0,0,0,0,18.365,28.377,0,0,0,31.51,43.841,0,0,0,0,0,0,0,0,0,18.262,16.876,0,0,0,0,0,0,28.871,0,0
29.297,0,0,40.573,0,0,32.772,0,0,0,0,0,0,0,0,0,0,32.384,0,31.983,0,20.645,0,20.59,0,0,0,32.859,0,0,0,0,0,0,0,0
0,0,0,0,30.632,0,0,0,0,0,27.981,0,19.794,0,0,2.3529,0,0,0,0,0,17.627,0,9.9282,0,29.199,0,21.452,0,0,0,0,0,0,0,0
0,25.759,0,0,27.637,21.44,25.287,0,0,0,20.97,0,0,0,0,24.521,28.956,0,0,0,0,0,0,0,0,0,0,0,29.782,0,0,0,0,0,0,0
0,0,0,8.9222,0,0,0,0,0,26.737,0,0,0,0,0,0,17.015,0,0,0,0,0,23.749,27.722,0,26.737,0,35.841,0,0,0,0,26.711,0,0,0
0,0,0,18.53,0,0,0,0,0,22.82,0,19.491,30.833,0,0,0,0,0,0,0,0,0,20.905,0,0,21.133,0,0,0,25.27,0,20.299,0,0,0,0
0,0,0,0,12.884,17.374,0,23.06,0,0,37.869,0,0,27.057,0,0,0,0,0,0,0,0,0,0,0,31.581,0,0,0,0,21.209,29.3,0,0,0,0
0,0,0,0,0,0,0,0,0,0,30.935,30.599,0,0,17.217,0,18.396,0,0,0,37.85,35.038,0,26.063,0,0,0,0,0,0,0,0,0,0,27.181,0
0,0,0,0,0,0,0,0,0,0,35.396,0,39.952,26.634,24.751,0,0,17.239,0,0,25.144,23.369,0,0,0,0,0,0,0,0,0,0,0,32.244,0,0
0,17.006,0,0,14.846,0,0,0,0,0,0,29.498,14.842,0,0,0,0,0,0,0,0,0,28.789,21.402,0,0,0,22.112,0,0,0,0,0,0,0,41.258
0,0,0,0,17.564,14.06,0,0,13.94,0,0,0,0,0,0,0,0,27.386,0,0,0,0,0,0,16.413,0,28.306,0,0,0,0,16.986,0,0,23.405,0
0,0,0,0,9.3037,0,41.374,0,0,0,0,0,20.689,0,0,0,0,0,30.717,0,0,0,30.962,0,0,0,0,0,0,0,28.695,0,48.935,0,0,32.173
0,0,0,0,32.038,0,0,0,5.0128,0,0,0,0,0,0,0,0,43.762,0,23.32,0,0,32.614,0,0,24.566,0,0,0,0,0,0,26.751,0,12.4,0
31.815,0,0,0,35.675,0,0,14.018,0,41.164,0,0,0,0,0,0,30.892,0,0,0,0,0,28.278,26.536,0,0,0,0,0,-4.4938,0,0,0,0,0,0
0,0,0,22.518,0,0,0,27.269,0,24.686,0,20.191,0,0,0,0,0,0,0,0,0,0,0,0,0,28.882,22.737,14.084,0,0,0,0,0,38.883,0,0
0,0,49.902,0,19.021,0,0,0,0,35.397,0,0,0,32.896,33.05,0,0,0,0,0,0,2.9223,0,0,0,0,0,0,0,25.887,0,0,0,0,0,32.043
0,0,0,24.34,0,0,0,0,31.013,32.92,0,0,0,0,0,0,39.939,0,0,0,0,0,40.096,0,0,16.739,26.141,0,0,0,0,34.904,0,0,0,0
0,0,0,0,23.957,24.861,30.386,0,0,0,0,0,0,0,0,0,0,16.514,0,0,22.029,0,0,0,0,0,0,0,0,0,14.012,37.802,0,0,28.992,0
0,17.968,0,0,0,27.531,0,0,0,0,0,0,25.356,0,0,0,0,0,0,0,0,0,0,32.673,28.641,0,0,0,36.357,22.477,0,0,0,32.516,0,0
0,0,0,0,0,0,0,0,0,0,0,0,0,0,0,38.996,0,0,0,0,26.972,29.576,19.301,17.078,27.575,0,24.79,0,0,0,0,0,0,0,0,41.677
0,0,0,0,28.46,0,17.618,0,32.909,0,28.303,0,21.304,0,0,0,0,0,19.228,0,0,0,0,0,0,0,0,0,0,30.668,0,0,28.438,0,0,0
38.195,0,19.548,0,0,24.294,0,23.361,0,0,0,0,0,0,0,0,0,0,0,0,0,0,38.121,22.288,0,0,32.273,0,0,0,0,0,0,0,0,25.103
0,0,0,15.501,0,24.828,0,0,11.34,0,0,0,0,27.326,0,7.17,0,0,0,0,0,0,0,0,0,0,30.372,23.926,14.124,0,0,0,0,0,0,0
27.468,0,0,0,17.512,0,0,27.1,33.638,0,0,0,0,35.418,0,0,0,0,0,30.379,0,0,0,0,0,0,0,0,0,0,0,0,0,33.914,0,24.365
0,0,0,0,0,0,10.752,0,0,0,0,24.301,0,0,28.226,20.551,0,9.1242,26.35,17.7,0,0,0,0,0,0,17.212,0,0,0,0,0,0,0,0,0
0,28.684,24.428,0,0,14.063,0,0,22.823,0,0,23.671,0,0,0,38.538,0,0,0,0,0,0,0,0,0,0,23.649,0,0,0,0,0,0,0,0,33.076
37.571,0,0,0,0,0,0,30.812,32.598,0,31.416,14.249,0,0,0,32.124,0,0,0,0,0,0,0,0,0,33.223,0,0,0,25.746,0,0,0,0,0,0
0,0,0,0,0,11.903,0,0,0,0,0,0,0,0,0,0,0,6.455,35.305,0,0,0,27.148,0,0,49.589,0,0,0,0,35.428,0,0,0,37.405,23.304
20.576,0,0,0,0,0,15.212,0,0,23.029,0,0,0,16.879,0,0,0,0,0,0,0,20.626,0,27.253,0,21.844,0,0,0,0,0,20.304,0,0,0,0
0,11.505,0,0,0,19.426,0,0,0,0,0,29.689,30.848,0,0,28.004,0,0,34.286,0,0,8.413,0,0,0,0,0,0,0,23.197,0,0,0,0,0,0
0,0,0,44.027,21.045,35.885,0,26.611,19.283,0,0,0,0,0,0,0,0,0,0,16.873,0,0,0,3.3301,27.533,0,0,0,0,0,0,0,0,0,0,0
