Run, Query, Loss, Time
1, 0, 20.073, 0.002
1, 1, 20.073, 0.051
1, 2, 20.073, 0.037
1, 3, 20.073, 13.262
1, 4, 20.073, 0.048
1, 5, 20.073, 0.036
1, 6, 0.000, 46.924
1, 7, 0.000, 0.035
1, 8, 0.000, 0.036
1, 9, 0.000, 70.264
1, 10, 0.000, 0.037
1, 11, 0.000, 0.037
1, 12, 0.000, 124.463
1, 13, 0.000, 0.035
1, 14, 0.000, 0.036
1, 15, 0.000, 171.997
1, 16, 0.000, 0.035
1, 17, 0.000, 0.037
1, 18, 0.000, 0.036
1, 19, 0.000, 0.036
1, 20, 0.000, 0.036
1, 21, 0.000, 0.048
1, 22, 0.000, 0.036
1, 23, 0.000, 76.176
1, 24, 0.000, 0.037
1, 25, 0.000, 0.037
1, 26, 0.000, 0.037
1, 27, 0.000, 0.035
1, 28, 0.000, 0.037
1, 29, 0.000, 0.036
1, 30, 0.000, 0.037
1, 31, 0.000, 0.036
1, 32, 0.000, 0.037
1, 33, 0.000, 0.037
1, 34, 0.000, 0.037
1, 35, 0.000, 0.037
1, 36, 0.000, 0.036
1, 37, 0.000, 0.036
1, 38, 0.000, 0.036
1, 39, 0.000, 0.036
1, 40, 0.000, 0.037
1, 41, 0.000, 0.036
1, 42, 0.000, 0.035
1, 43, 0.000, 0.036
1, 44, 0.000, 0.047
1, 45, 0.000, 0.036
1, 46, 0.000, 32.964
1, 47, 0.000, 830.309
1, 48, 0.000, 0.037
1, 49, 0.000, 0.035
1, 50, 0.000, 0.049
1, 51, 0.000, 0.036
1, 52, 0.000, 0.037
1, 53, 0.000, 0.035
1, 54, 0.000, 0.036
1, 55, 0.000, 0.036
1, 56, 0.000, 0.036
1, 57, 0.000, 0.037
1, 58, 0.000, 0.037
1, 59, 0.000, 0.036
1, 60, 0.000, 0.037
1, 61, 0.000, 0.037
1, 62, 0.000, 0.037
1, 63, 0.000, 0.036
1, 64, 0.000, 0.036
1, 65, 0.000, 566.055
1, 66, 0.000, 0.036
1, 67, 0.000, 0.036
1, 68, 0.000, 0.037
1, 69, 0.000, 0.037
1, 70, 0.000, 0.037
1, 71, 0.000, 0.036
1, 72, 0.000, 0.036
1, 73, 0.000, 1434.657
1, 74, 0.000, 0.036
1, 75, 0.000, 0.036
1, 76, 0.000, 0.037
1, 77, 0.000, 0.037
1, 78, 0.000, 0.036
1, 79, 0.000, 0.037
1, 80, 0.000, 0.036
1, 81, 0.000, 0.036
1, 82, 0.000, 0.037
1, 83, 0.000, 0.036
1, 84, 0.000, 463.262
1, 85, 0.000, 0.036
1, 86, 0.000, 0.037
1, 87, 0.000, 0.036
1, 88, 0.000, 0.036
1, 89, 0.000, 0.036
1, 90, 0.000, 0.037
1, 91, 0.000, 0.036
1, 92, 0.000, 0.036
1, 93, 0.000, 0.036
1, 94, 0.000, 0.036
1, 95, 0.000, 0.036
1, 96, 0.000, 0.037
1, 97, 0.000, 0.036
1, 98, 0.000, 0.036
1, 99, 0.000, 0.037
1, 100, 0.000, 0.037
2, 0, 91.035, 0.002
2, 1, 91.035, 0.037
2, 2, 91.035, 0.049
2, 3, 91.035, 0.037
2, 4, 91.035, 38.609
2, 5, 91.035, 0.036
2, 6, 91.035, 0.036
2, 7, 91.035, 0.037
2, 8, 91.035, 0.036
2, 9, 91.035, 0.036
2, 10, 91.035, 0.037
2, 11, 91.035, 0.036
2, 12, 91.035, 100.364
2, 13, 0.000, 0.034
2, 14, 0.000, 19.451
2, 15, 0.000, 0.036
2, 16, 0.000, 0.035
2, 17, 0.000, 0.036
2, 18, 0.000, 180.978
2, 19, 0.000, 0.035
2, 20, 0.000, 0.048
2, 21, 0.000, 223.524
2, 22, 0.000, 0.036
2, 23, 0.000, 0.037
2, 24, 0.000, 0.036
2, 25, 0.000, 0.036
2, 26, 0.000, 408.985
2, 27, 0.000, 0.037
2, 28, 0.000, 0.036
2, 29, 0.000, 0.037
2, 30, 0.000, 0.036
2, 31, 0.000, 0.036
2, 32, 0.000, 0.037
2, 33, 0.000, 0.037
2, 34, 0.000, 511.054
2, 35, 0.000, 0.036
2, 36, 0.000, 0.049
2, 37, 0.000, 0.036
2, 38, 0.000, 0.036
2, 39, 0.000, 0.035
2, 40, 0.000, 0.036
2, 41, 0.000, 0.036
2, 42, 0.000, 118.161
2, 43, 0.169, 0.048
2, 44, 0.000, 0.036
2, 45, 0.169, 0.036
2, 46, 0.000, 0.036
2, 47, 0.169, 0.037
2, 48, 0.169, 267.392
2, 49, 0.169, 0.036
2, 50, 0.169, 0.036
2, 51, 0.169, 0.036
2, 52, 0.169, 0.036
2, 53, 0.169, 0.036
2, 54, 0.000, 0.037
2, 55, 0.169, 0.036
2, 56, 0.000, 0.036
2, 57, 0.169, 0.036
2, 58, 0.000, 0.049
2, 59, 0.169, 0.036
2, 60, 0.169, 0.036
2, 61, 0.169, 0.036
2, 62, 0.169, 99.298
2, 63, 0.169, 0.037
2, 64, 0.169, 0.036
2, 65, 0.169, 0.036
2, 66, 0.169, 0.036
2, 67, 0.169, 0.036
2, 68, 0.169, 0.047
2, 69, 0.169, 0.037
2, 70, 0.169, 0.036
2, 71, 0.169, 0.036
2, 72, 0.169, 0.036
2, 73, 0.169, 0.036
2, 74, 0.169, 0.036
2, 75, 0.169, 0.036
2, 76, 0.169, 0.037
2, 77, 0.169, 0.049
2, 78, 0.169, 0.036
2, 79, 0.169, 0.037
2, 80, 0.169, 0.037
2, 81, 0.169, 0.037
2, 82, 0.169, 0.036
2, 83, 0.169, 0.036
2, 84, 0.169, 0.036
2, 85, 0.169, 0.036
2, 86, 0.169, 0.036
2, 87, 0.169, 0.036
2, 88, 0.169, 0.036
2, 89, 0.169, 0.036
2, 90, 0.169, 0.036
2, 91, 0.169, 0.048
2, 92, 0.169, 0.036
2, 93, 0.169, 85.425
2, 94, 0.169, 0.037
2, 95, 0.169, 0.036
2, 96, 0.169, 0.036
2, 97, 0.169, 0.036
2, 98, 0.169, 0.037
2, 99, 0.169, 0.036
2, 100, 0.169, 0.036
3, 0, 98.454, 0.002
3, 1, 144.530, 0.037
3, 2, 144.530, 0.037
3, 3, 144.530, 11.847
3, 4, 0.000, 0.036
3, 5, 0.000, 0.036
3, 6, 0.000, 24.047
3, 7, 0.000, 64.702
3, 8, 0.000, 0.046
3, 9, 0.000, 0.036
3, 10, 0.000, 40.119
3, 11, 0.000, 0.036
3, 12, 0.000, 114.847
3, 13, 0.000, 0.036
3, 14, 0.000, 131.496
3, 15, 0.000, 0.047
3, 16, 0.000, 0.036
3, 17, 0.000, 0.036
3, 18, 0.000, 0.047
3, 19, 0.000, 254.345
3, 20, 0.000, 0.036
3, 21, 0.000, 0.036
3, 22, 0.000, 0.037
3, 23, 0.000, 0.036
3, 24, 0.000, 378.988
3, 25, 0.000, 0.036
3, 26, 0.000, 0.036
3, 27, 0.000, 0.036
3, 28, 0.000, 0.037
3, 29, 0.000, 0.036
3, 30, 0.000, 68.935
3, 31, 0.000, 0.036
3, 32, 0.000, 0.036
3, 33, 0.000, 0.036
3, 34, 0.000, 0.036
3, 35, 0.000, 0.036
3, 36, 0.000, 0.036
3, 37, 0.000, 0.036
3, 38, 0.000, 0.036
3, 39, 0.000, 0.036
3, 40, 0.000, 0.036
3, 41, 0.000, 0.036
3, 42, 0.000, 0.036
3, 43, 0.000, 0.036
3, 44, 0.000, 0.036
3, 45, 0.000, 821.127
3, 46, 0.000, 0.036
3, 47, 0.000, 0.037
3, 48, 0.000, 0.036
3, 49, 0.000, 0.037
3, 50, 0.000, 0.037
3, 51, 0.000, 0.036
3, 52, 0.000, 0.037
3, 53, 0.000, 0.036
3, 54, 0.000, 94.903
3, 55, 0.000, 0.036
3, 56, 0.000, 0.037
3, 57, 0.000, 0.037
3, 58, 0.000, 0.036
3, 59, 0.000, 0.037
3, 60, 0.000, 0.037
3, 61, 0.000, 0.037
3, 62, 0.000, 0.036
3, 63, 0.000, 0.036
3, 64, 0.000, 0.037
3, 65, 0.000, 0.037
3, 66, 0.000, 0.036
3, 67, 0.000, 0.036
3, 68, 0.000, 0.037
3, 69, 0.000, 0.037
3, 70, 0.000, 0.036
3, 71, 0.000, 0.036
3, 72, 0.000, 0.036
3, 73, 0.000, 106.011
3, 74, 0.000, 0.036
3, 75, 0.000, 0.036
3, 76, 0.000, 0.036
3, 77, 0.000, 0.036
3, 78, 0.000, 0.036
3, 79, 0.000, 0.036
3, 80, 0.000, 0.037
3, 81, 0.000, 0.036
3, 82, 0.000, 0.036
3, 83, 0.000, 0.036
3, 84, 0.000, 0.037
3, 85, 0.000, 0.036
3, 86, 0.000, 0.036
3, 87, 0.000, 0.036
3, 88, 0.000, 0.036
3, 89, 0.000, 0.036
3, 90, 0.000, 0.036
3, 91, 0.000, 0.036
3, 92, 0.000, 0.037
3, 93, 0.000, 0.036
3, 94, 0.000, 0.037
3, 95, 0.000, 0.036
3, 96, 0.000, 0.036
3, 97, 0.000, 0.036
3, 98, 0.000, 0.049
3, 99, 0.000, 0.036
3, 100, 0.000, 0.037
4, 0, 165.125, 0.002
4, 1, 52.292, 0.038
4, 2, 0.000, 23.499
4, 3, 0.000, 0.035
4, 4, 0.000, 0.036
4, 5, 0.000, 0.036
4, 6, 0.000, 0.049
4, 7, 0.000, 0.036
4, 8, 0.000, 15.435
4, 9, 0.000, 0.037
4, 10, 0.000, 0.036
4, 11, 0.000, 0.036
4, 12, 0.000, 0.036
4, 13, 0.000, 95.105
4, 14, 0.000, 0.035
4, 15, 0.000, 0.036
4, 16, 0.000, 129.475
4, 17, 0.000, 165.677
4, 18, 0.000, 0.036
4, 19, 0.000, 0.036
4, 20, 0.000, 0.036
4, 21, 0.000, 0.036
4, 22, 0.000, 0.036
4, 23, 0.000, 0.038
4, 24, 0.000, 0.037
4, 25, 0.000, 0.038
4, 26, 0.000, 0.037
4, 27, 0.000, 0.036
4, 28, 0.000, 341.774
4, 29, 0.000, 0.036
4, 30, 0.000, 0.036
4, 31, 0.000, 457.156
4, 32, 0.000, 0.037
4, 33, 0.000, 0.037
4, 34, 0.000, 0.037
4, 35, 0.000, 0.036
4, 36, 0.000, 0.037
4, 37, 0.000, 0.037
4, 38, 0.000, 0.036
4, 39, 0.000, 0.036
4, 40, 0.000, 0.036
4, 41, 0.000, 0.036
4, 42, 0.000, 0.036
4, 43, 0.000, 0.036
4, 44, 0.000, 0.037
4, 45, 0.000, 0.036
4, 46, 0.000, 63.360
4, 47, 0.000, 0.036
4, 48, 0.000, 0.036
4, 49, 0.000, 0.036
4, 50, 0.000, 0.036
4, 51, 0.000, 0.035
4, 52, 0.000, 0.037
4, 53, 0.000, 0.036
4, 54, 0.000, 0.037
4, 55, 0.000, 0.036
4, 56, 0.000, 0.036
4, 57, 0.000, 0.037
4, 58, 0.000, 128.330
4, 59, 0.000, 0.036
4, 60, 0.000, 0.037
4, 61, 0.000, 0.036
4, 62, 0.000, 0.037
4, 63, 0.000, 0.036
4, 64, 0.000, 0.037
4, 65, 0.000, 0.036
4, 66, 0.000, 0.037
4, 67, 0.000, 0.036
4, 68, 0.000, 0.037
4, 69, 0.000, 0.036
4, 70, 0.000, 0.037
4, 71, 0.000, 0.037
4, 72, 0.000, 0.037
4, 73, 0.000, 0.036
4, 74, 0.000, 0.037
4, 75, 0.000, 0.036
4, 76, 0.000, 0.037
4, 77, 0.000, 0.036
4, 78, 0.000, 0.037
4, 79, 0.000, 0.036
4, 80, 0.000, 0.036
4, 81, 0.000, 0.036
4, 82, 0.000, 0.036
4, 83, 0.000, 0.036
4, 84, 0.000, 0.037
4, 85, 0.000, 0.036
4, 86, 0.000, 0.036
4, 87, 0.000, 0.037
4, 88, 0.000, 0.037
4, 89, 0.000, 0.037
4, 90, 0.000, 0.037
4, 91, 0.000, 0.037
4, 92, 0.000, 0.037
4, 93, 0.000, 0.037
4, 94, 0.000, 0.036
4, 95, 0.000, 100.926
4, 96, 0.000, 0.036
4, 97, 0.000, 0.037
4, 98, 0.000, 0.037
4, 99, 0.000, 0.037
4, 100, 0.000, 0.036
5, 0, 31.509, 0.002
5, 1, 20.821, 0.037
5, 2, 20.821, 0.049
5, 3, 20.821, 10.539
5, 4, 20.821, 0.048
5, 5, 20.821, 38.043
5, 6, 20.821, 0.036
5, 7, 20.821, 0.036
5, 8, 20.821, 0.048
5, 9, 0.000, 88.045
5, 10, 0.000, 0.035
5, 11, 0.000, 0.036
5, 12, 0.000, 0.037
5, 13, 0.000, 0.036
5, 14, 0.000, 0.036
5, 15, 0.000, 188.918
5, 16, 0.000, 0.036
5, 17, 0.000, 0.036
5, 18, 0.000, 0.036
5, 19, 0.000, 0.036
5, 20, 0.000, 0.036
5, 21, 0.000, 66.929
5, 22, 0.000, 0.037
5, 23, 0.000, 0.048
5, 24, 0.000, 0.036
5, 25, 0.000, 0.036
5, 26, 0.000, 397.381
5, 27, 0.000, 0.037
5, 28, 0.000, 463.119
5, 29, 0.000, 0.036
5, 30, 0.000, 431.084
5, 31, 0.000, 0.036
5, 32, 0.000, 0.036
5, 33, 0.000, 0.036
5, 34, 0.000, 0.036
5, 35, 0.000, 603.246
5, 36, 0.000, 0.036
5, 37, 0.000, 0.036
5, 38, 0.000, 0.036
5, 39, 0.000, 0.037
5, 40, 0.000, 0.036
5, 41, 0.000, 762.948
5, 42, 0.000, 0.048
5, 43, 0.000, 0.037
5, 44, 0.000, 0.037
5, 45, 0.000, 285.146
5, 46, 0.000, 0.037
5, 47, 0.000, 0.036
5, 48, 0.000, 0.036
5, 49, 0.000, 0.036
5, 50, 0.000, 0.037
5, 51, 0.000, 0.048
5, 52, 0.000, 0.036
5, 53, 0.000, 0.036
5, 54, 0.000, 0.037
5, 55, 0.000, 0.036
5, 56, 0.000, 100.474
5, 57, 0.000, 0.036
5, 58, 0.000, 0.037
5, 59, 0.000, 0.036
5, 60, 0.000, 0.036
5, 61, 0.000, 0.037
5, 62, 0.000, 0.036
5, 63, 0.000, 0.036
5, 64, 0.000, 0.037
5, 65, 0.000, 0.036
5, 66, 0.000, 0.037
5, 67, 0.000, 0.060
5, 68, 0.000, 0.036
5, 69, 0.000, 0.036
5, 70, 0.000, 0.037
5, 71, 0.000, 0.036
5, 72, 0.000, 447.401
5, 73, 0.000, 0.036
5, 74, 0.000, 0.036
5, 75, 0.000, 0.036
5, 76, 0.000, 0.036
5, 77, 0.000, 0.036
5, 78, 0.000, 0.037
5, 79, 0.000, 0.036
5, 80, 0.000, 0.036
5, 81, 0.000, 0.036
5, 82, 0.000, 0.037
5, 83, 0.000, 0.037
5, 84, 0.000, 0.037
5, 85, 0.000, 0.037
5, 86, 0.000, 0.036
5, 87, 0.000, 0.036
5, 88, 0.000, 0.037
5, 89, 0.000, 0.037
5, 90, 0.000, 0.036
5, 91, 0.000, 153.433
5, 92, 0.000, 0.049
5, 93, 0.000, 0.036
5, 94, 0.000, 0.049
5, 95, 0.000, 0.036
5, 96, 0.000, 0.037
5, 97, 0.000, 0.036
5, 98, 0.000, 0.037
5, 99, 0.000, 0.037
5, 100, 0.000, 0.036
6, 0, 128.325, 0.002
6, 1, 91.443, 0.049
6, 2, 91.443, 0.036
6, 3, 91.443, 15.445
6, 4, 1.494, 44.557
6, 5, 1.494, 0.035
6, 6, 1.494, 0.049
6, 7, 0.000, 55.988
6, 8, 0.000, 0.047
6, 9, 0.000, 0.037
6, 10, 0.000, 0.037
6, 11, 0.000, 0.036
6, 12, 0.000, 0.036
6, 13, 0.000, 0.036
6, 14, 0.000, 0.048
6, 15, 0.000, 0.036
6, 16, 0.000, 15.056
6, 17, 0.000, 0.048
6, 18, 0.000, 0.036
6, 19, 0.000, 243.977
6, 20, 0.000, 225.075
6, 21, 0.000, 0.035
6, 22, 0.000, 0.048
6, 23, 0.000, 0.036
6, 24, 0.000, 294.781
6, 25, 0.000, 0.036
6, 26, 0.000, 0.038
6, 27, 0.000, 0.036
6, 28, 0.000, 0.036
6, 29, 0.000, 0.035
6, 30, 0.000, 41.094
6, 31, 0.000, 0.036
6, 32, 0.000, 0.037
6, 33, 0.000, 0.036
6, 34, 0.000, 0.037
6, 35, 0.000, 0.036
6, 36, 0.000, 594.400
6, 37, 0.000, 0.036
6, 38, 0.000, 0.036
6, 39, 0.000, 0.036
6, 40, 0.000, 745.403
6, 41, 0.000, 0.036
6, 42, 0.000, 0.036
6, 43, 0.000, 0.036
6, 44, 0.000, 0.037
6, 45, 0.000, 0.036
6, 46, 0.000, 0.037
6, 47, 0.000, 0.036
6, 48, 0.000, 116.125
6, 49, 0.000, 0.036
6, 50, 0.000, 0.036
6, 51, 0.000, 0.036
6, 52, 0.000, 0.036
6, 53, 0.000, 0.036
6, 54, 0.000, 0.037
6, 55, 0.000, 0.036
6, 56, 0.000, 0.036
6, 57, 0.000, 0.036
6, 58, 0.000, 0.036
6, 59, 0.000, 0.036
6, 60, 0.000, 0.036
6, 61, 0.000, 0.037
6, 62, 0.000, 0.036
6, 63, 0.000, 0.037
6, 64, 0.000, 0.036
6, 65, 0.000, 108.538
6, 66, 0.000, 0.036
6, 67, 0.000, 0.036
6, 68, 0.000, 0.036
6, 69, 0.000, 0.036
6, 70, 0.000, 0.036
6, 71, 0.000, 0.037
6, 72, 0.000, 0.036
6, 73, 0.000, 0.036
6, 74, 0.000, 0.036
6, 75, 0.000, 0.037
6, 76, 0.000, 0.036
6, 77, 0.000, 0.036
6, 78, 0.000, 0.036
6, 79, 0.000, 0.037
6, 80, 0.000, 0.047
6, 81, 0.000, 0.035
6, 82, 0.000, 0.037
6, 83, 0.000, 0.036
6, 84, 0.000, 0.037
6, 85, 0.000, 0.036
6, 86, 0.000, 0.035
6, 87, 0.000, 0.036
6, 88, 0.000, 0.036
6, 89, 0.000, 0.036
6, 90, 0.000, 0.036
6, 91, 0.000, 0.037
6, 92, 0.000, 0.037
6, 93, 0.000, 601.351
6, 94, 0.000, 0.036
6, 95, 0.000, 0.036
6, 96, 0.000, 0.036
6, 97, 0.000, 0.037
6, 98, 0.000, 0.036
6, 99, 0.000, 0.036
6, 100, 0.000, 0.037
7, 0, 155.586, 0.002
7, 1, 162.978, 0.038
7, 2, 162.978, 27.918
7, 3, 75.852, 0.035
7, 4, 75.852, 13.167
7, 5, 75.852, 0.036
7, 6, 75.852, 0.037
7, 7, 75.852, 0.037
7, 8, 75.852, 0.049
7, 9, 74.319, 69.211
7, 10, 74.319, 0.035
7, 11, 74.319, 0.036
7, 12, 74.319, 0.049
7, 13, 74.319, 124.562
7, 14, 0.000, 146.671
7, 15, 0.000, 196.119
7, 16, 0.000, 199.252
7, 17, 0.000, 0.035
7, 18, 0.000, 0.037
7, 19, 0.000, 0.036
7, 20, 0.000, 0.036
7, 21, 0.000, 299.165
7, 22, 0.000, 0.036
7, 23, 0.000, 0.036
7, 24, 0.000, 0.036
7, 25, 0.000, 0.036
7, 26, 0.000, 0.036
7, 27, 0.000, 0.036
7, 28, 0.000, 118.631
7, 29, 0.000, 462.782
7, 30, 0.000, 0.036
7, 31, 0.000, 0.037
7, 32, 0.000, 0.037
7, 33, 0.000, 0.037
7, 34, 0.000, 0.048
7, 35, 0.000, 78.300
7, 36, 0.000, 0.036
7, 37, 0.000, 0.047
7, 38, 0.000, 0.036
7, 39, 0.000, 0.036
7, 40, 0.000, 0.036
7, 41, 0.000, 0.037
7, 42, 0.000, 0.036
7, 43, 0.000, 0.036
7, 44, 0.000, 0.036
7, 45, 0.000, 0.036
7, 46, 0.000, 0.037
7, 47, 0.000, 0.035
7, 48, 0.000, 0.037
7, 49, 0.000, 0.036
7, 50, 0.000, 0.036
7, 51, 0.000, 0.036
7, 52, 0.000, 0.037
7, 53, 0.000, 0.047
7, 54, 0.000, 104.756
7, 55, 0.000, 0.036
7, 56, 0.000, 0.037
7, 57, 0.000, 0.036
7, 58, 0.000, 0.036
7, 59, 0.000, 0.037
7, 60, 0.000, 0.037
7, 61, 0.000, 0.036
7, 62, 0.000, 0.037
7, 63, 0.000, 0.037
7, 64, 0.000, 0.036
7, 65, 0.000, 0.036
7, 66, 0.000, 0.036
7, 67, 0.000, 0.037
7, 68, 0.000, 0.037
7, 69, 0.000, 0.036
7, 70, 0.000, 0.036
7, 71, 0.000, 0.036
7, 72, 0.000, 0.036
7, 73, 0.000, 0.036
7, 74, 0.000, 0.036
7, 75, 0.000, 0.036
7, 76, 0.000, 0.037
7, 77, 0.000, 0.037
7, 78, 0.000, 0.036
7, 79, 0.000, 0.036
7, 80, 0.000, 0.036
7, 81, 0.000, 89.426
7, 82, 0.000, 0.036
7, 83, 0.000, 0.036
7, 84, 0.000, 0.037
7, 85, 0.000, 0.037
7, 86, 0.000, 0.037
7, 87, 0.000, 0.036
7, 88, 0.000, 0.037
7, 89, 0.000, 0.036
7, 90, 0.000, 0.036
7, 91, 0.000, 0.036
7, 92, 0.000, 0.037
7, 93, 0.000, 0.036
7, 94, 0.000, 0.036
7, 95, 0.000, 0.036
7, 96, 0.000, 0.037
7, 97, 0.000, 0.036
7, 98, 0.000, 0.036
7, 99, 0.000, 0.037
7, 100, 0.000, 0.037
8, 0, 115.692, 0.002
8, 1, 16.513, 0.049
8, 2, 16.513, 0.036
8, 3, 16.513, 18.724
8, 4, 16.513, 0.036
8, 5, 0.000, 52.075
8, 6, 0.000, 0.035
8, 7, 0.000, 0.036
8, 8, 0.000, 0.036
8, 9, 0.000, 0.036
8, 10, 0.000, 57.051
8, 11, 0.000, 0.036
8, 12, 0.000, 0.037
8, 13, 0.000, 0.036
8, 14, 0.000, 0.036
8, 15, 0.000, 0.036
8, 16, 0.000, 0.059
8, 17, 0.000, 0.036
8, 18, 0.000, 0.035
8, 19, 0.000, 0.037
8, 20, 0.000, 0.036
8, 21, 0.000, 0.035
8, 22, 0.000, 0.036
8, 23, 0.000, 0.036
8, 24, 0.000, 285.907
8, 25, 0.000, 0.035
8, 26, 0.000, 0.037
8, 27, 0.000, 0.036
8, 28, 0.000, 0.036
8, 29, 0.000, 0.036
8, 30, 0.000, 0.037
8, 31, 0.000, 0.036
8, 32, 0.000, 114.455
8, 33, 0.000, 0.035
8, 34, 0.000, 0.037
8, 35, 0.000, 0.037
8, 36, 0.000, 0.036
8, 37, 0.000, 0.036
8, 38, 0.000, 0.036
8, 39, 0.000, 0.036
8, 40, 0.000, 0.036
8, 41, 0.000, 0.036
8, 42, 0.000, 0.037
8, 43, 0.000, 0.037
8, 44, 0.000, 0.037
8, 45, 0.000, 0.036
8, 46, 0.000, 0.036
8, 47, 0.000, 0.037
8, 48, 0.000, 0.037
8, 49, 0.000, 0.037
8, 50, 0.000, 0.037
8, 51, 0.000, 0.036
8, 52, 0.000, 0.036
8, 53, 0.000, 0.036
8, 54, 0.000, 933.201
8, 55, 0.000, 0.036
8, 56, 0.000, 0.037
8, 57, 0.000, 0.036
8, 58, 0.000, 0.037
8, 59, 0.000, 0.048
8, 60, 0.000, 0.037
8, 61, 0.000, 0.048
8, 62, 0.000, 193.295
8, 63, 0.000, 0.036
8, 64, 0.000, 0.037
8, 65, 0.000, 0.036
8, 66, 0.000, 1208.477
8, 67, 0.000, 0.037
8, 68, 0.000, 0.036
8, 69, 0.000, 0.036
8, 70, 0.000, 0.049
8, 71, 0.000, 0.036
8, 72, 0.000, 0.036
8, 73, 0.000, 177.613
8, 74, 0.000, 0.036
8, 75, 0.000, 0.036
8, 76, 0.000, 0.036
8, 77, 0.000, 0.036
8, 78, 0.000, 0.036
8, 79, 0.000, 0.036
8, 80, 0.000, 0.037
8, 81, 0.000, 0.036
8, 82, 0.000, 0.037
8, 83, 0.000, 0.035
8, 84, 0.000, 0.036
8, 85, 0.000, 0.037
8, 86, 0.000, 0.038
8, 87, 0.000, 0.037
8, 88, 0.000, 0.036
8, 89, 0.000, 0.036
8, 90, 0.000, 193.470
8, 91, 0.000, 0.036
8, 92, 0.000, 0.036
8, 93, 0.000, 0.048
8, 94, 0.000, 0.036
8, 95, 0.000, 0.036
8, 96, 0.000, 0.036
8, 97, 0.000, 0.036
8, 98, 0.000, 0.048
8, 99, 0.000, 0.036
8, 100, 0.000, 0.036
9, 0, 113.564, 0.002
9, 1, 69.741, 0.049
9, 2, 69.741, 0.037
9, 3, 69.741, 12.327
9, 4, 69.741, 0.047
9, 5, 69.741, 0.036
9, 6, 69.741, 38.787
9, 7, 69.741, 0.036
9, 8, 69.741, 79.660
9, 9, 48.230, 83.661
9, 10, 0.000, 92.296
9, 11, 0.000, 0.046
9, 12, 0.000, 0.049
9, 13, 0.000, 0.036
9, 14, 0.000, 14.321
9, 15, 0.000, 0.036
9, 16, 0.000, 171.564
9, 17, 0.000, 0.036
9, 18, 0.000, 221.944
9, 19, 0.000, 0.036
9, 20, 0.000, 0.037
9, 21, 0.000, 0.036
9, 22, 0.000, 0.037
9, 23, 0.000, 0.036
9, 24, 0.000, 0.036
9, 25, 0.000, 0.054
9, 26, 0.000, 0.037
9, 27, 0.000, 0.035
9, 28, 0.000, 25.577
9, 29, 0.000, 432.495
9, 30, 0.000, 0.036
9, 31, 0.000, 0.049
9, 32, 0.000, 0.037
9, 33, 0.000, 0.036
9, 34, 0.000, 0.036
9, 35, 0.000, 0.036
9, 36, 0.000, 75.878
9, 37, 0.000, 0.036
9, 38, 0.000, 0.037
9, 39, 0.000, 0.037
9, 40, 0.000, 0.037
9, 41, 0.000, 0.036
9, 42, 0.000, 0.037
9, 43, 0.000, 0.035
9, 44, 0.000, 0.037
9, 45, 0.000, 0.036
9, 46, 0.000, 0.037
9, 47, 0.000, 0.036
9, 48, 0.000, 0.036
9, 49, 0.000, 0.036
9, 50, 0.000, 0.036
9, 51, 0.000, 0.036
9, 52, 0.000, 0.036
9, 53, 0.000, 0.037
9, 54, 0.000, 0.037
9, 55, 0.000, 0.036
9, 56, 0.000, 0.036
9, 57, 0.000, 0.036
9, 58, 0.000, 0.037
9, 59, 0.000, 0.036
9, 60, 0.000, 0.037
9, 61, 0.000, 67.114
9, 62, 0.000, 0.036
9, 63, 0.000, 0.036
9, 64, 0.000, 0.037
9, 65, 0.000, 0.036
9, 66, 0.000, 0.037
9, 67, 0.000, 0.036
9, 68, 0.000, 0.037
9, 69, 0.000, 0.037
9, 70, 0.000, 0.037
9, 71, 0.000, 0.036
9, 72, 0.000, 0.036
9, 73, 0.000, 0.037
9, 74, 0.000, 0.036
9, 75, 0.000, 0.036
9, 76, 0.000, 0.037
9, 77, 0.000, 0.037
9, 78, 0.000, 0.036
9, 79, 0.000, 0.037
9, 80, 0.000, 0.037
9, 81, 0.000, 0.037
9, 82, 0.000, 0.036
9, 83, 0.000, 0.036
9, 84, 0.000, 0.036
9, 85, 0.000, 0.047
9, 86, 0.000, 0.037
9, 87, 0.000, 0.036
9, 88, 0.000, 0.036
9, 89, 0.000, 0.037
9, 90, 0.000, 0.036
9, 91, 0.000, 0.036
9, 92, 0.000, 0.036
9, 93, 0.000, 0.036
9, 94, 0.000, 0.037
9, 95, 0.000, 0.037
9, 96, 0.000, 0.035
9, 97, 0.000, 0.038
9, 98, 0.000, 0.036
9, 99, 0.000, 0.036
9, 100, 0.000, 0.036
10, 0, 21.765, 0.002
10, 1, 34.916, 0.037
10, 2, 21.765, 25.203
10, 3, 21.765, 0.046
10, 4, 21.765, 0.036
10, 5, 0.000, 50.974
10, 6, 0.000, 0.035
10, 7, 0.000, 0.036
10, 8, 0.000, 0.036
10, 9, 0.000, 0.036
10, 10, 0.000, 74.711
10, 11, 0.000, 0.034
10, 12, 0.000, 20.648
10, 13, 0.000, 0.036
10, 14, 0.000, 0.036
10, 15, 0.000, 148.213
10, 16, 0.000, 0.036
10, 17, 0.000, 0.036
10, 18, 0.000, 0.036
10, 19, 0.000, 0.036
10, 20, 0.000, 0.035
10, 21, 0.000, 0.037
10, 22, 0.000, 0.037
10, 23, 0.000, 292.865
10, 24, 0.000, 0.037
10, 25, 0.000, 0.036
10, 26, 0.000, 0.036
10, 27, 0.000, 0.035
10, 28, 0.000, 0.036
10, 29, 0.000, 0.037
10, 30, 0.000, 0.036
10, 31, 0.000, 0.037
10, 32, 0.000, 0.037
10, 33, 0.000, 539.010
10, 34, 0.000, 0.036
10, 35, 0.000, 0.037
10, 36, 0.000, 0.036
10, 37, 0.000, 0.036
10, 38, 0.000, 0.037
10, 39, 0.000, 85.068
10, 40, 0.000, 0.037
10, 41, 0.000, 0.048
10, 42, 0.000, 0.037
10, 43, 0.000, 0.036
10, 44, 0.000, 0.037
10, 45, 0.000, 0.047
10, 46, 0.000, 0.037
10, 47, 0.000, 0.037
10, 48, 0.000, 906.132
10, 49, 0.000, 934.770
10, 50, 0.000, 0.036
10, 51, 0.000, 0.036
10, 52, 0.000, 0.037
10, 53, 0.000, 0.037
10, 54, 0.000, 0.036
10, 55, 0.000, 453.087
10, 56, 0.000, 0.037
10, 57, 0.000, 0.036
10, 58, 0.000, 0.036
10, 59, 0.000, 0.036
10, 60, 0.000, 0.048
10, 61, 0.000, 0.036
10, 62, 0.000, 0.036
10, 63, 0.000, 0.036
10, 64, 0.000, 212.426
10, 65, 0.000, 0.036
10, 66, 0.000, 0.036
10, 67, 0.000, 0.037
10, 68, 0.000, 0.036
10, 69, 0.000, 0.036
10, 70, 0.000, 0.037
10, 71, 0.000, 0.037
10, 72, 0.000, 0.036
10, 73, 0.000, 0.037
10, 74, 0.000, 0.036
10, 75, 0.000, 0.036
10, 76, 0.000, 0.037
10, 77, 0.000, 0.037
10, 78, 0.000, 147.144
10, 79, 0.000, 0.036
10, 80, 0.000, 0.037
10, 81, 0.000, 0.037
10, 82, 0.000, 0.036
10, 83, 0.000, 0.037
10, 84, 0.000, 0.037
10, 85, 0.000, 0.036
10, 86, 0.000, 0.048
10, 87, 0.000, 0.037
10, 88, 0.000, 0.049
10, 89, 0.000, 0.036
10, 90, 0.000, 0.036
10, 91, 0.000, 0.037
10, 92, 0.000, 0.036
10, 93, 0.000, 0.036
10, 94, 0.000, 0.037
10, 95, 0.000, 0.036
10, 96, 0.000, 0.036
10, 97, 0.000, 0.036
10, 98, 0.000, 0.036
10, 99, 0.000, 0.036
10, 100, 0.000, 0.036
11, 0, 148.363, 0.002
11, 1, 23.640, 0.037
11, 2, 23.640, 0.037
11, 3, 0.000, 27.884
11, 4, 0.000, 0.035
11, 5, 0.000, 0.036
11, 6, 0.000, 59.262
11, 7, 0.000, 0.035
11, 8, 0.000, 0.037
11, 9, 0.000, 0.036
11, 10, 0.000, 89.276
11, 11, 0.000, 0.036
11, 12, 0.000, 0.037
11, 13, 0.000, 0.036
11, 14, 0.000, 0.037
11, 15, 0.000, 0.036
11, 16, 0.000, 0.036
11, 17, 0.000, 0.036
11, 18, 0.000, 0.035
11, 19, 0.000, 0.036
11, 20, 0.000, 0.036
11, 21, 0.000, 0.035
11, 22, 0.000, 276.586
11, 23, 0.000, 333.612
11, 24, 0.000, 0.036
11, 25, 0.000, 0.037
11, 26, 0.000, 0.036
11, 27, 0.000, 0.037
11, 28, 0.000, 206.245
11, 29, 0.000, 0.036
11, 30, 0.000, 0.036
11, 31, 0.000, 0.036
11, 32, 0.000, 0.036
11, 33, 0.000, 0.037
11, 34, 0.000, 0.037
11, 35, 0.000, 0.036
11, 36, 0.000, 0.037
11, 37, 0.000, 0.036
11, 38, 0.000, 0.036
11, 39, 0.000, 44.672
11, 40, 0.000, 0.036
11, 41, 0.000, 0.037
11, 42, 0.000, 0.036
11, 43, 0.000, 0.037
11, 44, 0.000, 0.036
11, 45, 0.000, 0.037
11, 46, 0.000, 0.035
11, 47, 0.000, 0.037
11, 48, 0.000, 0.036
11, 49, 0.000, 0.036
11, 50, 0.000, 0.036
11, 51, 0.000, 0.036
11, 52, 0.000, 0.036
11, 53, 0.000, 0.036
11, 54, 0.000, 0.036
11, 55, 0.000, 0.036
11, 56, 0.000, 0.036
11, 57, 0.000, 0.036
11, 58, 0.000, 0.035
11, 59, 0.000, 0.036
11, 60, 0.000, 0.036
11, 61, 0.000, 0.037
11, 62, 0.000, 0.037
11, 63, 0.000, 0.037
11, 64, 0.000, 0.036
11, 65, 0.000, 0.036
11, 66, 0.000, 400.366
11, 67, 0.000, 0.036
11, 68, 0.000, 0.037
11, 69, 0.000, 0.036
11, 70, 0.000, 0.037
11, 71, 0.000, 0.036
11, 72, 0.000, 0.036
11, 73, 0.000, 0.036
11, 74, 0.000, 0.037
11, 75, 0.000, 0.037
11, 76, 0.000, 0.037
11, 77, 0.000, 0.037
11, 78, 0.000, 0.037
11, 79, 0.000, 0.036
11, 80, 0.000, 0.037
11, 81, 0.000, 0.036
11, 82, 0.000, 0.036
11, 83, 0.000, 0.036
11, 84, 0.000, 0.037
11, 85, 0.000, 0.036
11, 86, 0.000, 0.036
11, 87, 0.000, 0.036
11, 88, 0.000, 0.037
11, 89, 0.000, 0.036
11, 90, 0.000, 0.037
11, 91, 0.000, 0.037
11, 92, 0.000, 0.037
11, 93, 0.000, 0.036
11, 94, 0.000, 69.318
11, 95, 0.000, 0.036
11, 96, 0.000, 0.037
11, 97, 0.000, 0.036
11, 98, 0.000, 0.036
11, 99, 0.000, 0.037
11, 100, 0.000, 0.036
12, 0, 214.308, 0.002
12, 1, 126.560, 0.037
12, 2, 126.560, 0.037
12, 3, 34.964, 34.104
12, 4, 34.964, 0.035
12, 5, 34.964, 0.036
12, 6, 34.964, 0.048
12, 7, 8.858, 56.961
12, 8, 8.858, 0.036
12, 9, 0.000, 98.971
12, 10, 0.000, 0.035
12, 11, 0.000, 0.037
12, 12, 0.000, 0.037
12, 13, 0.000, 0.036
12, 14, 0.000, 103.457
12, 15, 0.000, 0.035
12, 16, 0.000, 34.089
12, 17, 0.000, 0.036
12, 18, 0.000, 0.036
12, 19, 0.000, 0.037
12, 20, 0.000, 0.036
12, 21, 0.000, 0.036
12, 22, 0.000, 0.036
12, 23, 0.000, 281.422
12, 24, 0.000, 0.037
12, 25, 0.000, 0.036
12, 26, 0.000, 0.036
12, 27, 0.000, 0.036
12, 28, 0.000, 0.036
12, 29, 0.000, 0.036
12, 30, 0.000, 0.037
12, 31, 0.000, 0.036
12, 32, 0.000, 0.037
12, 33, 0.000, 543.330
12, 34, 0.000, 0.036
12, 35, 0.000, 0.036
12, 36, 0.000, 0.036
12, 37, 0.000, 0.036
12, 38, 0.000, 0.036
12, 39, 0.000, 0.037
12, 40, 0.000, 0.036
12, 41, 0.000, 0.036
12, 42, 0.000, 0.037
12, 43, 0.000, 0.036
12, 44, 0.000, 0.036
12, 45, 0.000, 0.037
12, 46, 0.000, 0.036
12, 47, 0.000, 0.036
12, 48, 0.000, 0.037
12, 49, 0.000, 0.037
12, 50, 0.000, 0.036
12, 51, 0.000, 0.036
12, 52, 0.000, 0.037
12, 53, 0.000, 0.036
12, 54, 0.000, 0.035
12, 55, 0.000, 0.037
12, 56, 0.000, 38.721
12, 57, 0.000, 0.036
12, 58, 0.000, 0.037
12, 59, 0.000, 0.036
12, 60, 0.000, 0.036
12, 61, 0.000, 0.037
12, 62, 0.000, 0.037
12, 63, 0.000, 0.037
12, 64, 0.000, 0.036
12, 65, 0.000, 0.037
12, 66, 0.000, 0.037
12, 67, 0.000, 0.037
12, 68, 0.000, 0.037
12, 69, 0.000, 51.519
12, 70, 0.000, 0.037
12, 71, 0.000, 0.037
12, 72, 0.000, 0.036
12, 73, 0.000, 0.037
12, 74, 0.000, 0.036
12, 75, 0.000, 0.037
12, 76, 0.000, 0.036
12, 77, 0.000, 0.037
12, 78, 0.000, 0.037
12, 79, 0.000, 0.037
12, 80, 0.000, 0.047
12, 81, 0.000, 0.039
12, 82, 0.000, 0.037
12, 83, 0.000, 0.036
12, 84, 0.000, 0.037
12, 85, 0.000, 0.037
12, 86, 0.000, 0.036
12, 87, 0.000, 0.037
12, 88, 0.000, 0.036
12, 89, 0.000, 0.037
12, 90, 0.000, 0.037
12, 91, 0.000, 0.037
12, 92, 0.000, 0.037
12, 93, 0.000, 0.037
12, 94, 0.000, 0.037
12, 95, 0.000, 0.037
12, 96, 0.000, 0.037
12, 97, 0.000, 0.037
12, 98, 0.000, 0.036
12, 99, 0.000, 0.037
12, 100, 0.000, 0.037
13, 0, 62.541, 0.002
13, 1, 62.541, 0.037
13, 2, 62.541, 27.186
13, 3, 62.541, 0.035
13, 4, 26.703, 41.923
13, 5, 26.703, 0.035
13, 6, 26.703, 0.037
13, 7, 8.754, 82.100
13, 8, 8.754, 0.057
13, 9, 0.000, 73.749
13, 10, 0.000, 0.036
13, 11, 0.000, 0.049
13, 12, 0.000, 98.067
13, 13, 0.000, 0.036
13, 14, 0.000, 0.037
13, 15, 0.000, 0.036
13, 16, 0.000, 0.036
13, 17, 0.000, 207.790
13, 18, 0.000, 0.036
13, 19, 0.000, 0.036
13, 20, 0.000, 0.036
13, 21, 0.000, 272.066
13, 22, 0.000, 0.037
13, 23, 0.000, 0.037
13, 24, 0.000, 0.037
13, 25, 0.000, 0.037
13, 26, 0.000, 0.037
13, 27, 0.000, 0.036
13, 28, 0.000, 398.964
13, 29, 0.000, 0.036
13, 30, 0.000, 0.037
13, 31, 0.000, 0.036
13, 32, 0.000, 0.037
13, 33, 0.000, 0.036
13, 34, 0.000, 0.036
13, 35, 0.000, 0.036
13, 36, 0.000, 0.036
13, 37, 0.000, 104.012
13, 38, 0.000, 0.048
13, 39, 0.000, 0.049
13, 40, 0.000, 0.037
13, 41, 0.000, 0.036
13, 42, 0.000, 0.036
13, 43, 0.000, 0.037
13, 44, 0.000, 0.037
13, 45, 0.000, 0.037
13, 46, 0.000, 0.036
13, 47, 0.000, 0.036
13, 48, 0.000, 0.037
13, 49, 0.000, 0.036
13, 50, 0.000, 0.036
13, 51, 0.000, 0.037
13, 52, 0.000, 0.037
13, 53, 0.000, 0.037
13, 54, 0.000, 0.037
13, 55, 0.000, 0.036
13, 56, 0.000, 0.048
13, 57, 0.000, 0.037
13, 58, 0.000, 0.038
13, 59, 0.000, 0.036
13, 60, 0.000, 0.037
13, 61, 0.000, 0.037
13, 62, 0.000, 0.037
13, 63, 0.000, 0.037
13, 64, 0.000, 0.037
13, 65, 0.000, 0.037
13, 66, 0.000, 47.575
13, 67, 0.000, 0.036
13, 68, 0.000, 0.036
13, 69, 0.000, 0.037
13, 70, 0.000, 0.035
13, 71, 0.000, 0.036
13, 72, 0.000, 0.036
13, 73, 0.000, 0.036
13, 74, 0.000, 0.036
13, 75, 0.000, 0.036
13, 76, 0.000, 0.037
13, 77, 0.000, 0.036
13, 78, 0.000, 0.036
13, 79, 0.000, 0.036
13, 80, 0.000, 0.037
13, 81, 0.000, 0.036
13, 82, 0.000, 0.036
13, 83, 0.000, 0.036
13, 84, 0.000, 0.037
13, 85, 0.000, 0.036
13, 86, 0.000, 0.037
13, 87, 0.000, 0.036
13, 88, 0.000, 0.037
13, 89, 0.000, 0.037
13, 90, 0.000, 0.036
13, 91, 0.000, 0.037
13, 92, 0.000, 0.037
13, 93, 0.000, 0.037
13, 94, 0.000, 0.037
13, 95, 0.000, 0.037
13, 96, 0.000, 0.036
13, 97, 0.000, 0.037
13, 98, 0.000, 0.037
13, 99, 0.000, 0.037
13, 100, 0.000, 0.037
14, 0, 101.163, 0.002
14, 1, 4.141, 0.037
14, 2, 4.141, 0.037
14, 3, 4.141, 33.809
14, 4, 4.141, 0.046
14, 5, 4.141, 0.048
14, 6, 4.141, 0.036
14, 7, 4.141, 77.349
14, 8, 4.141, 92.209
14, 9, 4.141, 0.037
14, 10, 4.141, 0.050
14, 11, 4.141, 0.038
14, 12, 4.141, 121.585
14, 13, 4.141, 0.035
14, 14, 4.141, 0.036
14, 15, 4.141, 0.036
14, 16, 4.141, 247.514
14, 17, 4.141, 0.054
14, 18, 4.141, 0.040
14, 19, 4.141, 144.320
14, 20, 0.000, 335.398
14, 21, 0.000, 0.042
14, 22, 0.000, 0.045
14, 23, 0.000, 0.062
14, 24, 0.000, 0.048
14, 25, 0.000, 0.046
14, 26, 0.000, 0.053
14, 27, 0.000, 0.047
14, 28, 0.000, 0.047
14, 29, 0.000, 69.598
14, 30, 0.000, 0.044
14, 31, 0.000, 0.036
14, 32, 0.000, 0.036
14, 33, 0.000, 0.036
14, 34, 0.000, 0.036
14, 35, 0.000, 0.036
14, 36, 0.000, 0.036
14, 37, 0.000, 0.036
14, 38, 0.000, 0.036
14, 39, 0.000, 0.036
14, 40, 0.000, 0.036
14, 41, 0.000, 0.036
14, 42, 0.000, 0.049
14, 43, 0.000, 79.468
14, 44, 0.000, 0.046
14, 45, 0.000, 0.049
14, 46, 0.000, 0.041
14, 47, 0.000, 0.056
14, 48, 0.000, 0.053
14, 49, 0.000, 0.057
14, 50, 0.000, 0.050
14, 51, 0.000, 0.051
14, 52, 0.000, 0.058
14, 53, 0.000, 0.046
14, 54, 0.000, 0.057
14, 55, 0.000, 0.057
14, 56, 0.000, 0.080
14, 57, 0.000, 0.041
14, 58, 0.000, 0.045
14, 59, 0.000, 0.047
14, 60, 0.000, 0.043
14, 61, 0.000, 0.048
14, 62, 0.000, 0.051
14, 63, 0.000, 0.067
14, 64, 0.000, 0.052
14, 65, 0.000, 0.066
14, 66, 0.000, 0.048
14, 67, 0.000, 0.048
14, 68, 0.000, 0.045
14, 69, 0.000, 0.047
14, 70, 0.000, 0.046
14, 71, 0.000, 0.053
14, 72, 0.000, 0.053
14, 73, 0.000, 0.053
14, 74, 0.000, 0.044
14, 75, 0.000, 0.048
14, 76, 0.000, 0.042
14, 77, 0.000, 0.044
14, 78, 0.000, 0.042
14, 79, 0.000, 96.749
14, 80, 0.000, 0.040
14, 81, 0.000, 0.039
14, 82, 0.000, 0.050
14, 83, 0.000, 0.048
14, 84, 0.000, 0.047
14, 85, 0.000, 0.040
14, 86, 0.000, 0.054
14, 87, 0.000, 0.044
14, 88, 0.000, 0.040
14, 89, 0.000, 0.040
14, 90, 0.000, 0.040
14, 91, 0.000, 0.040
14, 92, 0.000, 0.047
14, 93, 0.000, 0.043
14, 94, 0.000, 0.048
14, 95, 0.000, 0.041
14, 96, 0.000, 1957.400
14, 97, 0.000, 0.037
14, 98, 0.000, 0.036
14, 99, 0.000, 0.036
14, 100, 0.000, 0.036
15, 0, 195.261, 0.002
15, 1, 110.291, 0.049
15, 2, 48.129, 29.527
15, 3, 48.129, 0.035
15, 4, 48.129, 0.037
15, 5, 48.129, 0.037
15, 6, 48.129, 0.048
15, 7, 0.000, 32.950
15, 8, 0.000, 0.036
15, 9, 0.000, 0.036
15, 10, 0.000, 0.036
15, 11, 0.000, 0.036
15, 12, 0.000, 0.036
15, 13, 0.000, 0.036
15, 14, 0.000, 117.093
15, 15, 0.000, 0.036
15, 16, 0.000, 0.036
15, 17, 0.000, 0.036
15, 18, 0.000, 0.036
15, 19, 0.000, 0.036
15, 20, 0.000, 0.036
15, 21, 0.000, 0.037
15, 22, 0.000, 0.037
15, 23, 0.000, 0.036
15, 24, 0.000, 0.036
15, 25, 0.000, 0.036
15, 26, 0.000, 305.589
15, 27, 0.000, 0.037
15, 28, 0.000, 0.037
15, 29, 0.000, 0.037
15, 30, 0.000, 0.037
15, 31, 0.000, 0.037
15, 32, 0.000, 0.036
15, 33, 0.000, 0.036
15, 34, 0.000, 0.037
15, 35, 0.000, 0.036
15, 36, 0.000, 0.036
15, 37, 0.000, 0.036
15, 38, 0.000, 0.036
15, 39, 0.000, 106.297
15, 40, 0.000, 644.195
15, 41, 0.000, 0.037
15, 42, 0.000, 0.049
15, 43, 0.000, 0.049
15, 44, 0.000, 0.049
15, 45, 0.000, 0.037
15, 46, 0.000, 0.036
15, 47, 0.000, 123.024
15, 48, 0.000, 0.049
15, 49, 0.000, 0.037
15, 50, 0.000, 0.049
15, 51, 0.000, 0.037
15, 52, 0.000, 0.037
15, 53, 0.000, 0.036
15, 54, 0.000, 0.036
15, 55, 0.000, 0.037
15, 56, 0.000, 0.038
15, 57, 0.000, 0.037
15, 58, 0.000, 0.037
15, 59, 0.000, 0.037
15, 60, 0.000, 0.036
15, 61, 0.000, 0.036
15, 62, 0.000, 0.037
15, 63, 0.000, 0.036
15, 64, 0.000, 0.037
15, 65, 0.000, 0.037
15, 66, 0.000, 0.036
15, 67, 0.000, 0.036
15, 68, 0.000, 0.036
15, 69, 0.000, 0.036
15, 70, 0.000, 0.036
15, 71, 0.000, 0.036
15, 72, 0.000, 0.047
15, 73, 0.000, 0.036
15, 74, 0.000, 48.487
15, 75, 0.000, 0.037
15, 76, 0.000, 0.036
15, 77, 0.000, 0.036
15, 78, 0.000, 0.036
15, 79, 0.000, 0.036
15, 80, 0.000, 0.037
15, 81, 0.000, 0.037
15, 82, 0.000, 0.036
15, 83, 0.000, 0.036
15, 84, 0.000, 0.036
15, 85, 0.000, 1667.258
15, 86, 0.000, 0.036
15, 87, 0.000, 0.037
15, 88, 0.000, 0.037
15, 89, 0.000, 0.037
15, 90, 0.000, 0.037
15, 91, 0.000, 314.605
15, 92, 0.000, 0.037
15, 93, 0.000, 0.036
15, 94, 0.000, 0.037
15, 95, 0.000, 0.036
15, 96, 0.000, 0.037
15, 97, 0.000, 0.036
15, 98, 0.000, 0.037
15, 99, 0.000, 0.037
15, 100, 0.000, 0.037
16, 0, 180.308, 0.002
16, 1, 120.240, 0.062
16, 2, 101.380, 25.099
16, 3, 101.380, 0.035
16, 4, 101.380, 0.037
16, 5, 20.656, 45.404
16, 6, 20.656, 0.035
16, 7, 20.656, 0.037
16, 8, 20.656, 0.061
16, 9, 20.656, 0.036
16, 10, 20.656, 0.036
16, 11, 20.656, 0.036
16, 12, 20.656, 0.037
16, 13, 0.000, 105.506
16, 14, 0.000, 0.039
16, 15, 0.000, 0.040
16, 16, 0.000, 0.052
16, 17, 0.000, 0.040
16, 18, 0.000, 0.045
16, 19, 0.000, 0.040
16, 20, 0.000, 0.038
16, 21, 0.000, 0.040
16, 22, 0.000, 0.038
16, 23, 0.000, 0.036
16, 24, 0.000, 0.039
16, 25, 0.000, 0.040
16, 26, 0.000, 0.042
16, 27, 0.000, 0.039
16, 28, 0.000, 0.041
16, 29, 0.000, 0.048
16, 30, 0.000, 0.042
16, 31, 0.000, 0.050
16, 32, 0.000, 0.048
16, 33, 0.000, 0.037
16, 34, 0.000, 0.043
16, 35, 0.000, 0.040
16, 36, 0.000, 0.045
16, 37, 0.000, 0.039
16, 38, 0.000, 0.041
16, 39, 0.000, 0.042
16, 40, 0.000, 0.046
16, 41, 0.000, 0.049
16, 42, 0.000, 0.037
16, 43, 0.000, 0.041
16, 44, 0.000, 0.044
16, 45, 0.000, 0.052
16, 46, 0.000, 0.051
16, 47, 0.000, 0.052
16, 48, 0.000, 0.046
16, 49, 0.000, 0.050
16, 50, 0.000, 0.051
16, 51, 0.000, 0.060
16, 52, 0.000, 0.100
16, 53, 0.000, 0.054
16, 54, 0.000, 0.074
16, 55, 0.000, 0.044
16, 56, 0.000, 0.059
16, 57, 0.000, 0.082
16, 58, 0.000, 0.085
16, 59, 0.000, 0.095
16, 60, 0.000, 0.060
16, 61, 0.000, 0.098
16, 62, 0.000, 0.093
16, 63, 0.000, 0.081
16, 64, 0.000, 0.084
16, 65, 0.000, 0.108
16, 66, 0.000, 0.117
16, 67, 0.000, 0.094
16, 68, 0.000, 0.092
16, 69, 0.000, 0.091
16, 70, 0.000, 0.101
16, 71, 0.000, 0.096
16, 72, 0.000, 0.097
16, 73, 0.000, 0.098
16, 74, 0.000, 0.094
16, 75, 0.000, 0.092
16, 76, 0.000, 0.095
16, 77, 0.000, 0.093
16, 78, 0.000, 0.095
16, 79, 0.000, 0.098
16, 80, 0.000, 0.097
16, 81, 0.000, 0.096
16, 82, 0.000, 0.094
16, 83, 0.000, 0.092
16, 84, 0.000, 0.100
16, 85, 0.000, 0.091
16, 86, 0.000, 0.094
16, 87, 0.000, 0.097
16, 88, 0.000, 0.098
16, 89, 0.000, 0.093
16, 90, 0.000, 0.091
16, 91, 0.000, 0.089
16, 92, 0.000, 0.091
16, 93, 0.000, 0.088
16, 94, 0.000, 0.091
16, 95, 0.000, 0.089
16, 96, 0.000, 0.090
16, 97, 0.000, 0.092
16, 98, 0.000, 0.099
16, 99, 0.000, 0.090
16, 100, 0.000, 0.090
17, 0, 141.789, 0.002
17, 1, 100.934, 0.052
17, 2, 42.643, 23.858
17, 3, 42.643, 0.036
17, 4, 42.643, 0.039
17, 5, 42.643, 0.038
17, 6, 42.643, 0.047
17, 7, 42.643, 0.054
17, 8, 42.643, 0.037
17, 9, 42.643, 21.058
17, 10, 42.643, 0.045
17, 11, 0.000, 74.767
17, 12, 0.000, 0.045
17, 13, 0.000, 0.057
17, 14, 0.000, 0.047
17, 15, 0.000, 0.054
17, 16, 0.000, 0.043
17, 17, 0.000, 0.045
17, 18, 0.000, 0.038
17, 19, 0.000, 0.039
17, 20, 0.000, 0.041
17, 21, 0.000, 0.042
17, 22, 0.000, 0.044
17, 23, 0.000, 0.044
17, 24, 0.000, 0.042
17, 25, 0.000, 0.042
17, 26, 0.000, 0.037
17, 27, 0.000, 0.038
17, 28, 0.000, 0.043
17, 29, 0.000, 0.039
17, 30, 0.000, 0.039
17, 31, 0.000, 0.039
17, 32, 0.000, 0.038
17, 33, 0.000, 0.038
17, 34, 0.000, 0.037
17, 35, 0.000, 0.040
17, 36, 0.000, 0.039
17, 37, 0.000, 0.042
17, 38, 0.000, 0.040
17, 39, 0.000, 0.040
17, 40, 0.000, 0.038
17, 41, 0.000, 0.041
17, 42, 0.000, 0.040
17, 43, 0.000, 0.053
17, 44, 0.000, 0.041
17, 45, 0.000, 0.041
17, 46, 0.000, 0.051
17, 47, 0.000, 0.043
17, 48, 0.000, 0.042
17, 49, 0.000, 0.042
17, 50, 0.000, 0.047
17, 51, 0.000, 0.041
17, 52, 0.000, 0.038
17, 53, 0.000, 0.065
17, 54, 0.000, 0.040
17, 55, 0.000, 0.043
17, 56, 0.000, 0.039
17, 57, 0.000, 0.037
17, 58, 0.000, 0.038
17, 59, 0.000, 0.065
17, 60, 0.000, 0.049
17, 61, 0.000, 0.057
17, 62, 0.000, 0.067
17, 63, 0.000, 0.056
17, 64, 0.000, 0.044
17, 65, 0.000, 0.052
17, 66, 0.000, 0.057
17, 67, 0.000, 0.070
17, 68, 0.000, 0.052
17, 69, 0.000, 0.079
17, 70, 0.000, 0.075
17, 71, 0.000, 0.098
17, 72, 0.000, 0.102
17, 73, 0.000, 0.049
17, 74, 0.000, 0.045
17, 75, 0.000, 0.095
17, 76, 0.000, 0.042
17, 77, 0.000, 0.080
17, 78, 0.000, 0.079
17, 79, 0.000, 0.065
17, 80, 0.000, 0.093
17, 81, 0.000, 0.093
17, 82, 0.000, 0.080
17, 83, 0.000, 0.053
17, 84, 0.000, 0.093
17, 85, 0.000, 0.094
17, 86, 0.000, 0.079
17, 87, 0.000, 0.076
17, 88, 0.000, 0.078
17, 89, 0.000, 0.086
17, 90, 0.000, 0.092
17, 91, 0.000, 0.082
17, 92, 0.000, 0.089
17, 93, 0.000, 0.099
17, 94, 0.000, 0.099
17, 95, 0.000, 0.091
17, 96, 0.000, 0.091
17, 97, 0.000, 0.090
17, 98, 0.000, 0.089
17, 99, 0.000, 0.089
17, 100, 0.000, 0.091
18, 0, 98.517, 0.002
18, 1, 52.397, 0.055
18, 2, 0.000, 0.051
18, 3, 0.000, 12.762
18, 4, 0.000, 0.041
18, 5, 0.000, 0.040
18, 6, 0.000, 0.041
18, 7, 0.000, 0.041
18, 8, 0.000, 12.568
18, 9, 0.000, 0.067
18, 10, 0.000, 0.066
18, 11, 0.000, 77.618
18, 12, 0.000, 0.040
18, 13, 0.000, 0.038
18, 14, 0.000, 0.039
18, 15, 0.000, 0.045
18, 16, 0.000, 149.829
18, 17, 0.000, 0.036
18, 18, 0.000, 0.037
18, 19, 0.000, 0.036
18, 20, 0.000, 0.039
18, 21, 0.000, 0.037
18, 22, 0.000, 0.038
18, 23, 0.000, 0.036
18, 24, 0.000, 0.037
18, 25, 0.000, 0.037
18, 26, 0.000, 0.037
18, 27, 0.000, 0.036
18, 28, 0.000, 0.036
18, 29, 0.000, 0.037
18, 30, 0.000, 0.037
18, 31, 0.000, 0.038
18, 32, 0.000, 436.750
18, 33, 0.000, 0.037
18, 34, 0.000, 0.036
18, 35, 0.000, 0.036
18, 36, 0.000, 0.035
18, 37, 0.000, 269.776
18, 38, 0.000, 0.041
18, 39, 0.000, 645.738
18, 40, 0.000, 0.044
18, 41, 0.000, 0.038
18, 42, 0.000, 0.040
18, 43, 0.000, 0.048
18, 44, 0.000, 0.044
18, 45, 0.000, 128.930
18, 46, 0.000, 0.041
18, 47, 0.000, 0.039
18, 48, 0.000, 0.043
18, 49, 0.000, 0.040
18, 50, 0.000, 0.040
18, 51, 0.000, 0.050
18, 52, 0.000, 0.040
18, 53, 0.000, 125.650
18, 54, 0.000, 0.045
18, 55, 0.000, 0.047
18, 56, 0.000, 0.037
18, 57, 0.000, 0.039
18, 58, 0.000, 0.042
18, 59, 0.000, 0.040
18, 60, 0.000, 0.045
18, 61, 0.000, 0.039
18, 62, 0.000, 0.040
18, 63, 0.000, 0.044
18, 64, 0.000, 0.044
18, 65, 0.000, 0.042
18, 66, 0.000, 0.040
18, 67, 0.000, 0.040
18, 68, 0.000, 0.042
18, 69, 0.000, 0.043
18, 70, 0.000, 0.038
18, 71, 0.000, 0.041
18, 72, 0.000, 0.042
18, 73, 0.000, 0.042
18, 74, 0.000, 199.688
18, 75, 0.000, 0.046
18, 76, 0.000, 0.046
18, 77, 0.000, 0.044
18, 78, 0.000, 0.044
18, 79, 0.000, 0.045
18, 80, 0.000, 0.045
18, 81, 0.000, 0.047
18, 82, 0.000, 0.044
18, 83, 0.000, 0.049
18, 84, 0.000, 0.045
18, 85, 0.000, 0.044
18, 86, 0.000, 0.044
18, 87, 0.000, 0.044
18, 88, 0.000, 0.045
18, 89, 0.000, 0.045
18, 90, 0.000, 0.044
18, 91, 0.000, 0.044
18, 92, 0.000, 0.049
18, 93, 0.000, 0.045
18, 94, 0.000, 0.045
18, 95, 0.000, 0.045
18, 96, 0.000, 0.044
18, 97, 0.000, 0.045
18, 98, 0.000, 0.046
18, 99, 0.000, 0.050
18, 100, 0.000, 0.046
19, 0, 185.747, 0.003
19, 1, 185.747, 0.048
19, 2, 40.012, 24.954
19, 3, 22.372, 0.037
19, 4, 22.372, 18.153
19, 5, 22.372, 0.037
19, 6, 22.372, 0.064
19, 7, 22.372, 0.053
19, 8, 22.372, 0.038
19, 9, 22.372, 13.373
19, 10, 22.372, 0.039
19, 11, 22.372, 0.042
19, 12, 22.372, 0.037
19, 13, 22.372, 113.235
19, 14, 22.372, 0.051
19, 15, 22.372, 163.259
19, 16, 22.372, 0.040
19, 17, 0.000, 178.107
19, 18, 0.000, 0.039
19, 19, 0.000, 0.038
19, 20, 0.000, 0.043
19, 21, 0.000, 0.039
19, 22, 0.000, 0.037
19, 23, 0.000, 295.812
19, 24, 0.000, 0.044
19, 25, 0.000, 0.038
19, 26, 0.000, 0.040
19, 27, 0.000, 0.039
19, 28, 0.000, 0.037
19, 29, 0.000, 0.041
19, 30, 0.000, 0.041
19, 31, 0.000, 0.042
19, 32, 0.000, 0.041
19, 33, 0.000, 0.040
19, 34, 0.000, 0.043
19, 35, 0.000, 0.046
19, 36, 0.000, 0.052
19, 37, 0.000, 0.039
19, 38, 0.000, 0.043
19, 39, 0.000, 0.057
19, 40, 0.000, 0.065
19, 41, 0.000, 541.133
19, 42, 0.000, 0.041
19, 43, 0.000, 0.040
19, 44, 0.000, 0.043
19, 45, 0.000, 0.040
19, 46, 0.000, 0.042
19, 47, 0.000, 0.051
19, 48, 0.000, 0.041
19, 49, 0.000, 0.043
19, 50, 0.000, 0.038
19, 51, 0.000, 0.039
19, 52, 0.000, 0.038
19, 53, 0.000, 60.302
19, 54, 0.000, 0.046
19, 55, 0.000, 0.045
19, 56, 0.000, 0.038
19, 57, 0.000, 0.039
19, 58, 0.000, 0.044
19, 59, 0.000, 0.038
19, 60, 0.000, 0.039
19, 61, 0.000, 0.039
19, 62, 0.000, 0.039
19, 63, 0.000, 0.045
19, 64, 0.000, 0.044
19, 65, 0.000, 0.040
19, 66, 0.000, 0.038
19, 67, 0.000, 0.039
19, 68, 0.000, 0.038
19, 69, 0.000, 0.039
19, 70, 0.000, 0.041
19, 71, 0.000, 0.040
19, 72, 0.000, 0.038
19, 73, 0.000, 0.039
19, 74, 0.000, 0.039
19, 75, 0.000, 0.039
19, 76, 0.000, 0.039
19, 77, 0.000, 0.041
19, 78, 0.000, 0.038
19, 79, 0.000, 0.046
19, 80, 0.000, 0.039
19, 81, 0.000, 0.046
19, 82, 0.000, 0.038
19, 83, 0.000, 0.040
19, 84, 0.000, 0.046
19, 85, 0.000, 0.039
19, 86, 0.000, 0.039
19, 87, 0.000, 0.041
19, 88, 0.000, 0.047
19, 89, 0.000, 0.039
19, 90, 0.000, 0.038
19, 91, 0.000, 0.043
19, 92, 0.000, 0.038
19, 93, 0.000, 0.039
19, 94, 0.000, 0.040
19, 95, 0.000, 0.038
19, 96, 0.000, 0.047
19, 97, 0.000, 0.041
19, 98, 0.000, 0.042
19, 99, 0.000, 45.999
19, 100, 0.000, 0.040
20, 0, 84.160, 0.002
20, 1, 127.401, 0.052
20, 2, 3.572, 25.033
20, 3, 3.572, 0.043
20, 4, 3.572, 0.048
20, 5, 3.572, 0.045
20, 6, 3.572, 0.045
20, 7, 3.572, 0.044
20, 8, 3.572, 23.715
20, 9, 3.572, 0.037
20, 10, 0.000, 72.769
20, 11, 0.000, 0.050
20, 12, 0.000, 116.023
20, 13, 0.000, 0.038
20, 14, 0.000, 0.038
20, 15, 0.000, 0.037
20, 16, 0.000, 0.041
20, 17, 0.000, 0.040
20, 18, 0.000, 0.038
20, 19, 0.000, 0.038
20, 20, 0.000, 231.800
20, 21, 0.000, 0.044
20, 22, 0.000, 0.044
20, 23, 0.000, 0.045
20, 24, 0.000, 0.045
20, 25, 0.000, 0.044
20, 26, 0.000, 0.047
20, 27, 0.000, 0.046
20, 28, 0.000, 74.721
20, 29, 0.000, 0.049
20, 30, 0.000, 486.901
20, 31, 0.000, 0.043
20, 32, 0.000, 0.046
20, 33, 0.000, 0.040
20, 34, 0.000, 0.038
20, 35, 0.000, 0.040
20, 36, 0.000, 0.049
20, 37, 0.000, 0.039
20, 38, 0.000, 0.039
20, 39, 0.000, 111.597
20, 40, 0.000, 0.039
20, 41, 0.000, 0.038
20, 42, 0.000, 0.037
20, 43, 0.000, 0.042
20, 44, 0.000, 0.037
20, 45, 0.000, 0.039
20, 46, 0.000, 0.051
20, 47, 0.000, 0.040
20, 48, 0.000, 0.037
20, 49, 0.000, 0.038
20, 50, 0.000, 0.039
20, 51, 0.000, 0.040
20, 52, 0.000, 0.037
20, 53, 0.000, 0.041
20, 54, 0.000, 0.037
20, 55, 0.000, 0.037
20, 56, 0.000, 0.038
20, 57, 0.000, 0.049
20, 58, 0.000, 0.043
20, 59, 0.000, 58.615
20, 60, 0.000, 0.040
20, 61, 0.000, 0.038
20, 62, 0.000, 0.038
20, 63, 0.000, 0.038
20, 64, 0.000, 0.043
20, 65, 0.000, 0.044
20, 66, 0.000, 0.043
20, 67, 0.000, 0.038
20, 68, 0.000, 0.040
20, 69, 0.000, 0.042
20, 70, 0.000, 0.041
20, 71, 0.000, 0.038
20, 72, 0.000, 0.039
20, 73, 0.000, 0.039
20, 74, 0.000, 0.042
20, 75, 0.000, 0.038
20, 76, 0.000, 0.039
20, 77, 0.000, 0.044
20, 78, 0.000, 0.039
20, 79, 0.000, 0.040
20, 80, 0.000, 0.039
20, 81, 0.000, 1581.615
20, 82, 0.000, 0.040
20, 83, 0.000, 0.038
20, 84, 0.000, 0.039
20, 85, 0.000, 0.052
20, 86, 0.000, 0.038
20, 87, 0.000, 0.041
20, 88, 0.000, 0.052
20, 89, 0.000, 0.037
20, 90, 0.000, 0.039
20, 91, 0.000, 0.039
20, 92, 0.000, 0.038
20, 93, 0.000, 0.039
20, 94, 0.000, 0.039
20, 95, 0.000, 248.252
20, 96, 0.000, 0.051
20, 97, 0.000, 0.040
20, 98, 0.000, 0.041
20, 99, 0.000, 0.043
20, 100, 0.000, 0.042
