Run, Query, Loss, Time
1, 0, 94.608, 0.002
1, 1, 94.608, 0.684
1, 2, 94.608, 0.681
1, 3, 63.319, 46.995
1, 4, 63.319, 0.679
1, 5, 20.073, 0.667
1, 6, 20.073, 35.323
1, 7, 20.073, 0.667
1, 8, 20.073, 125.396
1, 9, 0.000, 0.667
1, 10, 0.000, 132.121
1, 11, 0.000, 0.666
1, 12, 0.000, 0.676
1, 13, 0.000, 241.402
1, 14, 0.000, 283.040
1, 15, 0.000, 0.670
1, 16, 0.000, 372.355
1, 17, 0.000, 0.672
1, 18, 0.000, 0.675
1, 19, 0.000, 0.668
1, 20, 0.000, 0.679
1, 21, 0.000, 0.668
1, 22, 0.000, 0.681
1, 23, 0.000, 0.664
1, 24, 0.000, 0.679
1, 25, 0.000, 0.668
1, 26, 0.000, 198.281
1, 27, 0.000, 0.674
1, 28, 0.000, 0.679
1, 29, 0.000, 0.665
1, 30, 0.000, 0.679
1, 31, 0.000, 0.670
1, 32, 0.000, 0.680
1, 33, 0.000, 0.664
1, 34, 0.000, 0.675
1, 35, 0.000, 0.666
1, 36, 0.000, 0.677
1, 37, 0.000, 0.667
1, 38, 0.000, 0.676
1, 39, 0.000, 0.669
1, 40, 0.000, 0.680
1, 41, 0.000, 0.667
1, 42, 0.000, 0.680
1, 43, 0.000, 1325.090
1, 44, 0.000, 0.680
1, 45, 0.000, 0.667
1, 46, 0.000, 0.681
1, 47, 0.000, 0.672
1, 48, 0.000, 0.680
1, 49, 0.000, 0.669
1, 50, 0.000, 0.680
1, 51, 0.000, 0.666
1, 52, 0.000, 0.680
1, 53, 0.000, 0.672
1, 54, 0.000, 0.680
1, 55, 0.000, 0.666
1, 56, 0.000, 1925.613
1, 57, 0.000, 0.673
1, 58, 0.000, 0.680
1, 59, 0.000, 0.668
1, 60, 0.000, 0.679
1, 61, 0.000, 0.669
1, 62, 0.000, 0.680
1, 63, 0.000, 0.666
1, 64, 0.000, 0.676
1, 65, 0.000, 0.669
1, 66, 0.000, 0.679
1, 67, 0.000, 0.671
1, 68, 0.000, 0.681
1, 69, 0.000, 0.666
1, 70, 0.000, 0.683
1, 71, 0.000, 279.797
1, 72, 0.000, 0.680
1, 73, 0.000, 0.667
1, 74, 0.000, 0.678
1, 75, 0.000, 0.669
1, 76, 0.000, 0.681
1, 77, 0.000, 0.670
1, 78, 0.000, 0.676
1, 79, 0.000, 0.667
1, 80, 0.000, 0.683
1, 81, 0.000, 0.668
1, 82, 0.000, 0.680
1, 83, 0.000, 0.669
1, 84, 0.000, 0.681
1, 85, 0.000, 0.667
1, 86, 0.000, 0.676
1, 87, 0.000, 0.665
1, 88, 0.000, 0.681
1, 89, 0.000, 0.669
1, 90, 0.000, 0.680
1, 91, 0.000, 0.665
1, 92, 0.000, 0.680
1, 93, 0.000, 0.668
1, 94, 0.000, 0.680
1, 95, 0.000, 0.669
1, 96, 0.000, 0.681
1, 97, 0.000, 0.668
1, 98, 0.000, 0.680
1, 99, 0.000, 0.669
1, 100, 0.000, 0.682
2, 0, 91.204, 0.002
2, 1, 164.423, 0.684
2, 2, 164.423, 0.677
2, 3, 164.423, 25.189
2, 4, 164.423, 0.673
2, 5, 77.075, 71.279
2, 6, 77.075, 0.678
2, 7, 77.075, 93.722
2, 8, 0.000, 0.679
2, 9, 0.000, 153.368
2, 10, 0.000, 0.680
2, 11, 0.000, 0.664
2, 12, 0.000, 0.681
2, 13, 0.000, 0.670
2, 14, 0.000, 0.678
2, 15, 0.000, 0.667
2, 16, 0.000, 0.679
2, 17, 0.000, 369.437
2, 18, 0.000, 0.681
2, 19, 0.000, 0.667
2, 20, 0.000, 0.679
2, 21, 0.000, 0.667
2, 22, 0.000, 0.677
2, 23, 0.000, 0.667
2, 24, 0.000, 0.680
2, 25, 0.000, 0.671
2, 26, 0.000, 730.293
2, 27, 0.000, 0.672
2, 28, 0.000, 0.681
2, 29, 0.000, 0.672
2, 30, 0.000, 0.676
2, 31, 0.000, 0.670
2, 32, 0.000, 171.227
2, 33, 0.000, 0.672
2, 34, 0.000, 0.677
2, 35, 0.000, 0.670
2, 36, 0.000, 0.680
2, 37, 0.000, 0.670
2, 38, 0.000, 0.683
2, 39, 0.000, 0.667
2, 40, 0.000, 0.680
2, 41, 0.000, 0.667
2, 42, 0.000, 0.680
2, 43, 0.000, 0.665
2, 44, 0.000, 0.680
2, 45, 0.000, 0.664
2, 46, 0.000, 0.681
2, 47, 0.000, 0.673
2, 48, 0.000, 0.678
2, 49, 0.000, 0.671
2, 50, 0.000, 0.679
2, 51, 0.000, 0.672
2, 52, 0.000, 0.679
2, 53, 0.000, 0.668
2, 54, 0.000, 86.178
2, 55, 0.000, 0.669
2, 56, 0.000, 0.682
2, 57, 0.000, 0.668
2, 58, 0.000, 0.677
2, 59, 0.000, 0.668
2, 60, 0.000, 0.681
2, 61, 0.000, 0.670
2, 62, 0.000, 0.682
2, 63, 0.000, 0.665
2, 64, 0.000, 0.679
2, 65, 0.000, 0.670
2, 66, 0.000, 0.678
2, 67, 0.000, 0.671
2, 68, 0.000, 0.680
2, 69, 0.000, 0.667
2, 70, 0.000, 0.678
2, 71, 0.000, 0.668
2, 72, 0.000, 0.682
2, 73, 0.000, 0.670
2, 74, 0.000, 0.680
2, 75, 0.000, 0.670
2, 76, 0.000, 0.682
2, 77, 0.000, 0.670
2, 78, 0.000, 0.680
2, 79, 0.000, 0.670
2, 80, 0.000, 0.682
2, 81, 0.000, 0.669
2, 82, 0.000, 0.679
2, 83, 0.000, 0.667
2, 84, 0.000, 0.681
2, 85, 0.000, 0.664
2, 86, 0.000, 0.679
2, 87, 0.000, 0.669
2, 88, 0.000, 0.679
2, 89, 0.000, 0.673
2, 90, 0.000, 0.682
2, 91, 0.000, 0.668
2, 92, 0.000, 0.681
2, 93, 0.000, 0.669
2, 94, 0.000, 0.680
2, 95, 0.000, 0.669
2, 96, 0.000, 0.679
2, 97, 0.000, 0.669
2, 98, 0.000, 0.680
2, 99, 0.000, 0.665
2, 100, 0.000, 0.682
3, 0, 98.454, 0.002
3, 1, 3.765, 0.685
3, 2, 3.765, 0.681
3, 3, 3.765, 22.229
3, 4, 0.000, 0.676
3, 5, 0.000, 0.666
3, 6, 0.000, 32.774
3, 7, 0.000, 0.664
3, 8, 0.000, 0.677
3, 9, 0.000, 0.666
3, 10, 0.000, 0.674
3, 11, 0.000, 45.370
3, 12, 0.000, 0.675
3, 13, 0.000, 0.667
3, 14, 0.000, 0.675
3, 15, 0.000, 0.666
3, 16, 0.000, 0.675
3, 17, 0.000, 381.845
3, 18, 0.000, 0.679
3, 19, 0.000, 0.667
3, 20, 0.000, 0.677
3, 21, 0.000, 0.666
3, 22, 0.000, 0.679
3, 23, 0.000, 63.860
3, 24, 0.000, 0.676
3, 25, 0.000, 0.671
3, 26, 0.000, 0.677
3, 27, 0.000, 0.665
3, 28, 0.000, 0.682
3, 29, 0.000, 0.668
3, 30, 0.000, 0.679
3, 31, 0.000, 0.661
3, 32, 0.000, 0.680
3, 33, 0.000, 992.264
3, 34, 0.000, 0.678
3, 35, 0.000, 0.665
3, 36, 0.000, 0.681
3, 37, 0.000, 0.670
3, 38, 0.000, 0.678
3, 39, 0.000, 0.668
3, 40, 0.000, 0.678
3, 41, 0.000, 0.666
3, 42, 0.000, 1371.077
3, 43, 0.000, 0.672
3, 44, 0.000, 0.680
3, 45, 0.000, 0.667
3, 46, 0.000, 0.682
3, 47, 0.000, 0.668
3, 48, 0.000, 0.684
3, 49, 0.000, 191.788
3, 50, 0.000, 0.681
3, 51, 0.000, 0.671
3, 52, 0.000, 0.679
3, 53, 0.000, 0.665
3, 54, 0.000, 0.681
3, 55, 0.000, 0.669
3, 56, 0.000, 0.677
3, 57, 0.000, 0.671
3, 58, 0.000, 0.680
3, 59, 0.000, 0.666
3, 60, 0.000, 0.682
3, 61, 0.000, 0.670
3, 62, 0.000, 0.679
3, 63, 0.000, 0.672
3, 64, 0.000, 0.682
3, 65, 0.000, 0.667
3, 66, 0.000, 0.682
3, 67, 0.000, 0.667
3, 68, 0.000, 0.680
3, 69, 0.000, 0.670
3, 70, 0.000, 0.678
3, 71, 0.000, 0.669
3, 72, 0.000, 0.680
3, 73, 0.000, 0.670
3, 74, 0.000, 0.682
3, 75, 0.000, 0.671
3, 76, 0.000, 0.681
3, 77, 0.000, 0.668
3, 78, 0.000, 0.683
3, 79, 0.000, 127.673
3, 80, 0.000, 0.680
3, 81, 0.000, 0.667
3, 82, 0.000, 0.679
3, 83, 0.000, 0.665
3, 84, 0.000, 0.681
3, 85, 0.000, 0.670
3, 86, 0.000, 0.681
3, 87, 0.000, 0.669
3, 88, 0.000, 0.679
3, 89, 0.000, 0.665
3, 90, 0.000, 0.680
3, 91, 0.000, 0.667
3, 92, 0.000, 0.679
3, 93, 0.000, 0.664
3, 94, 0.000, 0.681
3, 95, 0.000, 0.665
3, 96, 0.000, 0.682
3, 97, 0.000, 0.671
3, 98, 0.000, 0.681
3, 99, 0.000, 0.665
3, 100, 0.000, 0.677
4, 0, 134.828, 0.002
4, 1, 68.421, 0.682
4, 2, 68.421, 0.677
4, 3, 68.421, 22.016
4, 4, 0.000, 0.672
4, 5, 0.000, 0.665
4, 6, 0.000, 32.358
4, 7, 0.000, 0.662
4, 8, 0.000, 0.670
4, 9, 0.000, 0.667
4, 10, 0.000, 0.672
4, 11, 0.000, 46.897
4, 12, 0.000, 0.672
4, 13, 0.000, 0.670
4, 14, 0.000, 0.674
4, 15, 0.000, 0.664
4, 16, 0.000, 0.675
4, 17, 0.000, 0.667
4, 18, 0.000, 387.203
4, 19, 0.000, 0.674
4, 20, 0.000, 0.679
4, 21, 0.000, 0.666
4, 22, 0.000, 0.679
4, 23, 0.000, 0.667
4, 24, 0.000, 0.678
4, 25, 0.000, 0.670
4, 26, 0.000, 108.129
4, 27, 0.000, 0.670
4, 28, 0.000, 0.681
4, 29, 0.000, 0.665
4, 30, 0.000, 0.678
4, 31, 0.000, 0.663
4, 32, 0.000, 0.678
4, 33, 0.000, 0.668
4, 34, 0.000, 0.679
4, 35, 0.000, 0.665
4, 36, 0.000, 0.679
4, 37, 0.000, 0.670
4, 38, 0.000, 0.679
4, 39, 0.000, 0.666
4, 40, 0.000, 0.679
4, 41, 0.000, 0.668
4, 42, 0.000, 0.680
4, 43, 0.000, 0.666
4, 44, 0.000, 0.680
4, 45, 0.000, 0.666
4, 46, 0.000, 0.682
4, 47, 0.000, 0.668
4, 48, 0.000, 0.680
4, 49, 0.000, 0.666
4, 50, 0.000, 0.683
4, 51, 0.000, 0.668
4, 52, 0.000, 81.029
4, 53, 0.000, 0.665
4, 54, 0.000, 0.683
4, 55, 0.000, 0.673
4, 56, 0.000, 0.682
4, 57, 0.000, 0.665
4, 58, 0.000, 0.679
4, 59, 0.000, 0.668
4, 60, 0.000, 0.680
4, 61, 0.000, 0.668
4, 62, 0.000, 0.680
4, 63, 0.000, 0.669
4, 64, 0.000, 0.680
4, 65, 0.000, 0.672
4, 66, 0.000, 0.680
4, 67, 0.000, 0.670
4, 68, 0.000, 0.680
4, 69, 0.000, 0.668
4, 70, 0.000, 0.679
4, 71, 0.000, 0.667
4, 72, 0.000, 0.679
4, 73, 0.000, 0.669
4, 74, 0.000, 0.681
4, 75, 0.000, 0.669
4, 76, 0.000, 0.681
4, 77, 0.000, 0.673
4, 78, 0.000, 0.680
4, 79, 0.000, 0.669
4, 80, 0.000, 0.680
4, 81, 0.000, 0.667
4, 82, 0.000, 0.681
4, 83, 0.000, 0.672
4, 84, 0.000, 0.678
4, 85, 0.000, 0.667
4, 86, 0.000, 0.678
4, 87, 0.000, 0.670
4, 88, 0.000, 0.679
4, 89, 0.000, 0.671
4, 90, 0.000, 0.680
4, 91, 0.000, 0.668
4, 92, 0.000, 0.679
4, 93, 0.000, 0.669
4, 94, 0.000, 0.680
4, 95, 0.000, 0.665
4, 96, 0.000, 0.683
4, 97, 0.000, 0.666
4, 98, 0.000, 0.680
4, 99, 0.000, 0.667
4, 100, 0.000, 0.679
5, 0, 31.509, 0.002
5, 1, 6.871, 0.681
5, 2, 6.871, 0.677
5, 3, 6.871, 22.313
5, 4, 6.871, 0.676
5, 5, 0.000, 73.436
5, 6, 0.000, 99.937
5, 7, 0.000, 126.334
5, 8, 0.000, 0.675
5, 9, 0.000, 157.615
5, 10, 0.000, 180.626
5, 11, 0.000, 0.672
5, 12, 0.000, 0.681
5, 13, 0.000, 0.667
5, 14, 0.000, 315.728
5, 15, 0.000, 0.667
5, 16, 0.000, 368.761
5, 17, 0.000, 0.675
5, 18, 0.000, 0.677
5, 19, 0.000, 0.671
5, 20, 0.000, 0.680
5, 21, 0.000, 0.665
5, 22, 0.000, 0.681
5, 23, 0.000, 113.999
5, 24, 0.000, 0.680
5, 25, 0.000, 0.669
5, 26, 0.000, 0.681
5, 27, 0.000, 0.667
5, 28, 0.000, 0.677
5, 29, 0.000, 0.666
5, 30, 0.000, 0.678
5, 31, 0.000, 0.668
5, 32, 0.000, 0.681
5, 33, 0.000, 0.668
5, 34, 0.000, 0.679
5, 35, 0.000, 0.668
5, 36, 0.000, 0.677
5, 37, 0.000, 0.670
5, 38, 0.000, 0.682
5, 39, 0.000, 0.668
5, 40, 0.000, 0.681
5, 41, 0.000, 0.665
5, 42, 0.000, 0.675
5, 43, 0.000, 0.667
5, 44, 0.000, 0.679
5, 45, 0.000, 0.669
5, 46, 0.000, 0.677
5, 47, 0.000, 0.673
5, 48, 0.000, 0.679
5, 49, 0.000, 0.670
5, 50, 0.000, 0.679
5, 51, 0.000, 0.669
5, 52, 0.000, 62.927
5, 53, 0.000, 0.664
5, 54, 0.000, 0.683
5, 55, 0.000, 0.666
5, 56, 0.000, 0.682
5, 57, 0.000, 0.670
5, 58, 0.000, 0.680
5, 59, 0.000, 0.676
5, 60, 0.000, 0.679
5, 61, 0.000, 0.669
5, 62, 0.000, 0.681
5, 63, 0.000, 0.669
5, 64, 0.000, 0.682
5, 65, 0.000, 0.668
5, 66, 0.000, 0.683
5, 67, 0.000, 0.669
5, 68, 0.000, 0.678
5, 69, 0.000, 0.668
5, 70, 0.000, 0.680
5, 71, 0.000, 0.665
5, 72, 0.000, 0.684
5, 73, 0.000, 0.667
5, 74, 0.000, 0.681
5, 75, 0.000, 0.670
5, 76, 0.000, 0.683
5, 77, 0.000, 0.669
5, 78, 0.000, 0.685
5, 79, 0.000, 0.667
5, 80, 0.000, 0.681
5, 81, 0.000, 0.671
5, 82, 0.000, 0.680
5, 83, 0.000, 0.665
5, 84, 0.000, 0.679
5, 85, 0.000, 0.668
5, 86, 0.000, 0.682
5, 87, 0.000, 0.669
5, 88, 0.000, 0.679
5, 89, 0.000, 0.665
5, 90, 0.000, 0.679
5, 91, 0.000, 0.668
5, 92, 0.000, 0.680
5, 93, 0.000, 0.665
5, 94, 0.000, 0.680
5, 95, 0.000, 0.669
5, 96, 0.000, 0.679
5, 97, 0.000, 0.667
5, 98, 0.000, 0.679
5, 99, 0.000, 0.671
5, 100, 0.000, 0.678
6, 0, 128.325, 0.002
6, 1, 36.881, 0.686
6, 2, 36.881, 0.679
6, 3, 1.494, 47.367
6, 4, 1.494, 0.677
6, 5, 1.494, 0.670
6, 6, 1.494, 0.680
6, 7, 1.494, 97.382
6, 8, 1.494, 0.677
6, 9, 1.494, 0.662
6, 10, 0.000, 152.236
6, 11, 0.000, 0.665
6, 12, 0.000, 0.679
6, 13, 0.000, 0.665
6, 14, 0.000, 0.679
6, 15, 0.000, 0.666
6, 16, 0.000, 363.900
6, 17, 0.000, 0.672
6, 18, 0.000, 0.681
6, 19, 0.000, 0.666
6, 20, 0.000, 0.682
6, 21, 0.000, 0.661
6, 22, 0.000, 0.679
6, 23, 0.000, 0.668
6, 24, 0.000, 173.698
6, 25, 0.000, 0.667
6, 26, 0.000, 0.681
6, 27, 0.000, 0.661
6, 28, 0.000, 0.676
6, 29, 0.000, 0.665
6, 30, 0.000, 0.678
6, 31, 0.000, 0.669
6, 32, 0.000, 0.678
6, 33, 0.000, 0.665
6, 34, 0.000, 0.678
6, 35, 0.000, 0.666
6, 36, 0.000, 0.680
6, 37, 0.000, 0.663
6, 38, 0.000, 0.676
6, 39, 0.000, 0.669
6, 40, 0.000, 0.677
6, 41, 0.000, 0.663
6, 42, 0.000, 0.680
6, 43, 0.000, 0.662
6, 44, 0.000, 0.680
6, 45, 0.000, 0.665
6, 46, 0.000, 0.680
6, 47, 0.000, 0.666
6, 48, 0.000, 69.350
6, 49, 0.000, 0.670
6, 50, 0.000, 0.679
6, 51, 0.000, 0.671
6, 52, 0.000, 0.681
6, 53, 0.000, 0.668
6, 54, 0.000, 0.681
6, 55, 0.000, 0.664
6, 56, 0.000, 0.680
6, 57, 0.000, 0.671
6, 58, 0.000, 0.680
6, 59, 0.000, 0.669
6, 60, 0.000, 0.679
6, 61, 0.000, 0.671
6, 62, 0.000, 0.681
6, 63, 0.000, 0.671
6, 64, 0.000, 0.681
6, 65, 0.000, 0.666
6, 66, 0.000, 0.681
6, 67, 0.000, 0.669
6, 68, 0.000, 0.680
6, 69, 0.000, 0.670
6, 70, 0.000, 0.680
6, 71, 0.000, 0.673
6, 72, 0.000, 0.682
6, 73, 0.000, 0.670
6, 74, 0.000, 0.682
6, 75, 0.000, 0.667
6, 76, 0.000, 0.680
6, 77, 0.000, 0.670
6, 78, 0.000, 0.682
6, 79, 0.000, 0.667
6, 80, 0.000, 0.682
6, 81, 0.000, 0.672
6, 82, 0.000, 0.680
6, 83, 0.000, 0.671
6, 84, 0.000, 0.679
6, 85, 0.000, 0.667
6, 86, 0.000, 0.684
6, 87, 0.000, 0.671
6, 88, 0.000, 0.682
6, 89, 0.000, 0.668
6, 90, 0.000, 0.682
6, 91, 0.000, 0.669
6, 92, 0.000, 0.677
6, 93, 0.000, 0.667
6, 94, 0.000, 0.681
6, 95, 0.000, 0.667
6, 96, 0.000, 0.679
6, 97, 0.000, 0.666
6, 98, 0.000, 0.680
6, 99, 0.000, 0.673
6, 100, 0.000, 0.681
7, 0, 155.586, 0.002
7, 1, 68.460, 0.701
7, 2, 68.460, 0.682
7, 3, 68.460, 22.645
7, 4, 68.460, 0.677
7, 5, 68.460, 0.669
7, 6, 68.460, 0.680
7, 7, 68.460, 46.436
7, 8, 1.533, 0.676
7, 9, 1.533, 0.670
7, 10, 1.533, 47.853
7, 11, 1.533, 0.669
7, 12, 1.533, 46.462
7, 13, 1.533, 0.668
7, 14, 1.533, 0.681
7, 15, 0.000, 242.909
7, 16, 0.000, 0.679
7, 17, 0.000, 0.663
7, 18, 0.000, 0.680
7, 19, 0.000, 0.671
7, 20, 0.000, 0.682
7, 21, 0.000, 0.664
7, 22, 0.000, 0.677
7, 23, 0.000, 0.665
7, 24, 0.000, 0.678
7, 25, 0.000, 0.669
7, 26, 0.000, 0.679
7, 27, 0.000, 616.379
7, 28, 0.000, 0.680
7, 29, 0.000, 0.671
7, 30, 0.000, 0.677
7, 31, 0.000, 0.667
7, 32, 0.000, 0.679
7, 33, 0.000, 0.666
7, 34, 0.000, 0.676
7, 35, 0.000, 0.667
7, 36, 0.000, 148.525
7, 37, 0.000, 0.672
7, 38, 0.000, 0.679
7, 39, 0.000, 0.668
7, 40, 0.000, 0.679
7, 41, 0.000, 0.662
7, 42, 0.000, 0.675
7, 43, 0.000, 0.670
7, 44, 0.000, 0.682
7, 45, 0.000, 0.665
7, 46, 0.000, 0.677
7, 47, 0.000, 0.666
7, 48, 0.000, 0.680
7, 49, 0.000, 0.667
7, 50, 0.000, 0.680
7, 51, 0.000, 0.671
7, 52, 0.000, 0.679
7, 53, 0.000, 0.669
7, 54, 0.000, 0.678
7, 55, 0.000, 0.670
7, 56, 0.000, 0.678
7, 57, 0.000, 0.666
7, 58, 0.000, 0.680
7, 59, 0.000, 0.669
7, 60, 0.000, 0.682
7, 61, 0.000, 0.671
7, 62, 0.000, 0.681
7, 63, 0.000, 0.665
7, 64, 0.000, 0.681
7, 65, 0.000, 0.669
7, 66, 0.000, 0.682
7, 67, 0.000, 0.667
7, 68, 0.000, 0.679
7, 69, 0.000, 0.670
7, 70, 0.000, 0.677
7, 71, 0.000, 0.665
7, 72, 0.000, 0.680
7, 73, 0.000, 0.668
7, 74, 0.000, 74.769
7, 75, 0.000, 0.666
7, 76, 0.000, 0.681
7, 77, 0.000, 0.666
7, 78, 0.000, 0.678
7, 79, 0.000, 0.668
7, 80, 0.000, 0.680
7, 81, 0.000, 0.667
7, 82, 0.000, 0.683
7, 83, 0.000, 0.668
7, 84, 0.000, 0.680
7, 85, 0.000, 0.671
7, 86, 0.000, 0.679
7, 87, 0.000, 0.665
7, 88, 0.000, 0.679
7, 89, 0.000, 0.671
7, 90, 0.000, 0.680
7, 91, 0.000, 0.673
7, 92, 0.000, 0.683
7, 93, 0.000, 0.671
7, 94, 0.000, 0.679
7, 95, 0.000, 0.670
7, 96, 0.000, 0.682
7, 97, 0.000, 0.663
7, 98, 0.000, 0.680
7, 99, 0.000, 0.669
7, 100, 0.000, 0.681
8, 0, 115.692, 0.002
8, 1, 107.291, 0.683
8, 2, 50.444, 37.894
8, 3, 50.444, 0.670
8, 4, 50.444, 0.676
8, 5, 50.444, 69.913
8, 6, 33.931, 0.674
8, 7, 33.931, 116.757
8, 8, 33.931, 146.097
8, 9, 33.931, 0.672
8, 10, 33.931, 0.683
8, 11, 33.931, 0.668
8, 12, 33.931, 0.679
8, 13, 0.000, 268.660
8, 14, 0.000, 0.677
8, 15, 0.000, 340.301
8, 16, 0.000, 0.679
8, 17, 0.000, 0.666
8, 18, 0.000, 0.680
8, 19, 0.000, 478.099
8, 20, 0.000, 0.683
8, 21, 0.000, 0.663
8, 22, 0.000, 0.682
8, 23, 0.000, 0.665
8, 24, 0.000, 0.678
8, 25, 0.000, 0.665
8, 26, 0.000, 0.678
8, 27, 0.000, 155.418
8, 28, 0.000, 0.679
8, 29, 0.000, 0.670
8, 30, 0.000, 0.677
8, 31, 0.000, 0.669
8, 32, 0.000, 0.678
8, 33, 0.000, 0.665
8, 34, 0.000, 0.682
8, 35, 0.000, 0.666
8, 36, 0.000, 0.683
8, 37, 0.000, 0.668
8, 38, 0.000, 0.679
8, 39, 0.000, 0.667
8, 40, 0.000, 0.679
8, 41, 0.000, 0.665
8, 42, 0.000, 0.682
8, 43, 0.000, 0.665
8, 44, 0.000, 0.681
8, 45, 0.000, 0.667
8, 46, 0.000, 0.679
8, 47, 0.000, 0.668
8, 48, 0.000, 0.681
8, 49, 0.000, 0.665
8, 50, 0.000, 0.678
8, 51, 0.000, 0.664
8, 52, 0.000, 0.680
8, 53, 0.000, 0.672
8, 54, 0.000, 74.094
8, 55, 0.000, 0.671
8, 56, 0.000, 0.679
8, 57, 0.000, 0.667
8, 58, 0.000, 0.679
8, 59, 0.000, 0.669
8, 60, 0.000, 0.677
8, 61, 0.000, 0.669
8, 62, 0.000, 0.678
8, 63, 0.000, 0.669
8, 64, 0.000, 0.683
8, 65, 0.000, 0.666
8, 66, 0.000, 0.678
8, 67, 0.000, 0.666
8, 68, 0.000, 0.678
8, 69, 0.000, 0.670
8, 70, 0.000, 0.679
8, 71, 0.000, 0.665
8, 72, 0.000, 0.682
8, 73, 0.000, 0.668
8, 74, 0.000, 0.679
8, 75, 0.000, 0.669
8, 76, 0.000, 0.679
8, 77, 0.000, 0.671
8, 78, 0.000, 0.678
8, 79, 0.000, 0.667
8, 80, 0.000, 0.677
8, 81, 0.000, 0.667
8, 82, 0.000, 0.680
8, 83, 0.000, 0.670
8, 84, 0.000, 0.680
8, 85, 0.000, 0.671
8, 86, 0.000, 0.678
8, 87, 0.000, 0.665
8, 88, 0.000, 0.678
8, 89, 0.000, 0.670
8, 90, 0.000, 0.679
8, 91, 0.000, 0.672
8, 92, 0.000, 958.317
8, 93, 0.000, 0.674
8, 94, 0.000, 0.681
8, 95, 0.000, 0.667
8, 96, 0.000, 0.683
8, 97, 0.000, 0.673
8, 98, 0.000, 0.682
8, 99, 0.000, 0.667
8, 100, 0.000, 0.680
9, 0, 113.564, 0.002
9, 1, 21.511, 0.686
9, 2, 21.511, 0.675
9, 3, 21.511, 24.639
9, 4, 21.511, 0.672
9, 5, 21.511, 0.675
9, 6, 21.511, 31.171
9, 7, 21.511, 0.668
9, 8, 21.511, 0.673
9, 9, 21.511, 0.668
9, 10, 21.511, 0.671
9, 11, 0.000, 155.097
9, 12, 0.000, 0.673
9, 13, 0.000, 0.663
9, 14, 0.000, 224.174
9, 15, 0.000, 0.671
9, 16, 0.000, 0.679
9, 17, 0.000, 0.670
9, 18, 0.000, 0.679
9, 19, 0.000, 0.667
9, 20, 0.000, 0.678
9, 21, 0.000, 0.667
9, 22, 0.000, 0.679
9, 23, 0.000, 0.670
9, 24, 0.000, 0.680
9, 25, 0.000, 0.665
9, 26, 0.000, 0.677
9, 27, 0.000, 0.666
9, 28, 0.000, 0.679
9, 29, 0.000, 0.671
9, 30, 0.000, 773.397
9, 31, 0.000, 0.671
9, 32, 0.000, 0.680
9, 33, 0.000, 0.664
9, 34, 0.000, 0.678
9, 35, 0.000, 0.668
9, 36, 0.000, 283.419
9, 37, 0.000, 0.673
9, 38, 0.000, 0.683
9, 39, 0.000, 0.668
9, 40, 0.000, 0.679
9, 41, 0.000, 0.671
9, 42, 0.000, 0.680
9, 43, 0.000, 0.668
9, 44, 0.000, 0.680
9, 45, 0.000, 0.671
9, 46, 0.000, 0.679
9, 47, 0.000, 0.669
9, 48, 0.000, 0.678
9, 49, 0.000, 0.667
9, 50, 0.000, 0.680
9, 51, 0.000, 0.666
9, 52, 0.000, 0.680
9, 53, 0.000, 660.237
9, 54, 0.000, 0.678
9, 55, 0.000, 0.672
9, 56, 0.000, 0.678
9, 57, 0.000, 0.671
9, 58, 0.000, 0.682
9, 59, 0.000, 0.672
9, 60, 0.000, 0.680
9, 61, 0.000, 0.669
9, 62, 0.000, 0.681
9, 63, 0.000, 0.670
9, 64, 0.000, 0.679
9, 65, 0.000, 0.667
9, 66, 0.000, 0.677
9, 67, 0.000, 0.672
9, 68, 0.000, 0.678
9, 69, 0.000, 116.521
9, 70, 0.000, 0.680
9, 71, 0.000, 0.672
9, 72, 0.000, 0.680
9, 73, 0.000, 0.671
9, 74, 0.000, 0.680
9, 75, 0.000, 0.673
9, 76, 0.000, 0.677
9, 77, 0.000, 0.664
9, 78, 0.000, 0.679
9, 79, 0.000, 0.672
9, 80, 0.000, 0.676
9, 81, 0.000, 0.669
9, 82, 0.000, 0.676
9, 83, 0.000, 0.668
9, 84, 0.000, 0.678
9, 85, 0.000, 0.668
9, 86, 0.000, 0.678
9, 87, 0.000, 0.673
9, 88, 0.000, 0.678
9, 89, 0.000, 0.673
9, 90, 0.000, 0.678
9, 91, 0.000, 0.670
9, 92, 0.000, 0.681
9, 93, 0.000, 0.675
9, 94, 0.000, 0.676
9, 95, 0.000, 0.671
9, 96, 0.000, 0.678
9, 97, 0.000, 0.671
9, 98, 0.000, 0.677
9, 99, 0.000, 0.673
9, 100, 0.000, 0.678
10, 0, 21.765, 0.002
10, 1, 21.765, 0.688
10, 2, 21.765, 0.682
10, 3, 21.765, 22.579
10, 4, 21.765, 0.677
10, 5, 21.765, 0.675
10, 6, 21.765, 0.676
10, 7, 21.765, 43.080
10, 8, 21.765, 0.679
10, 9, 0.000, 129.759
10, 10, 0.000, 162.108
10, 11, 0.000, 0.664
10, 12, 0.000, 0.678
10, 13, 0.000, 233.307
10, 14, 0.000, 279.951
10, 15, 0.000, 322.506
10, 16, 0.000, 0.680
10, 17, 0.000, 0.670
10, 18, 0.000, 0.677
10, 19, 0.000, 0.669
10, 20, 0.000, 0.677
10, 21, 0.000, 0.674
10, 22, 0.000, 0.680
10, 23, 0.000, 104.120
10, 24, 0.000, 0.678
10, 25, 0.000, 0.670
10, 26, 0.000, 0.680
10, 27, 0.000, 0.671
10, 28, 0.000, 0.679
10, 29, 0.000, 0.672
10, 30, 0.000, 0.680
10, 31, 0.000, 0.671
10, 32, 0.000, 994.871
10, 33, 0.000, 0.680
10, 34, 0.000, 0.677
10, 35, 0.000, 0.673
10, 36, 0.000, 0.678
10, 37, 0.000, 0.673
10, 38, 0.000, 0.676
10, 39, 0.000, 158.383
10, 40, 0.000, 0.676
10, 41, 0.000, 0.676
10, 42, 0.000, 0.676
10, 43, 0.000, 0.674
10, 44, 0.000, 0.673
10, 45, 0.000, 0.673
10, 46, 0.000, 0.675
10, 47, 0.000, 0.674
10, 48, 0.000, 0.678
10, 49, 0.000, 0.671
10, 50, 0.000, 0.677
10, 51, 0.000, 0.676
10, 52, 0.000, 0.680
10, 53, 0.000, 0.672
10, 54, 0.000, 0.674
10, 55, 0.000, 0.672
10, 56, 0.000, 0.677
10, 57, 0.000, 0.675
10, 58, 0.000, 0.678
10, 59, 0.000, 0.674
10, 60, 0.000, 0.679
10, 61, 0.000, 0.675
10, 62, 0.000, 0.681
10, 63, 0.000, 0.676
10, 64, 0.000, 0.678
10, 65, 0.000, 91.400
10, 66, 0.000, 0.677
10, 67, 0.000, 0.677
10, 68, 0.000, 0.681
10, 69, 0.000, 0.673
10, 70, 0.000, 0.681
10, 71, 0.000, 0.673
10, 72, 0.000, 0.679
10, 73, 0.000, 0.674
10, 74, 0.000, 0.677
10, 75, 0.000, 0.675
10, 76, 0.000, 0.681
10, 77, 0.000, 0.675
10, 78, 0.000, 0.676
10, 79, 0.000, 0.677
10, 80, 0.000, 0.678
10, 81, 0.000, 0.680
10, 82, 0.000, 0.678
10, 83, 0.000, 0.674
10, 84, 0.000, 0.678
10, 85, 0.000, 0.677
10, 86, 0.000, 0.677
10, 87, 0.000, 0.673
10, 88, 0.000, 0.680
10, 89, 0.000, 0.673
10, 90, 0.000, 0.679
10, 91, 0.000, 0.674
10, 92, 0.000, 0.679
10, 93, 0.000, 0.672
10, 94, 0.000, 0.677
10, 95, 0.000, 0.674
10, 96, 0.000, 0.679
10, 97, 0.000, 0.676
10, 98, 0.000, 0.676
10, 99, 0.000, 0.675
10, 100, 0.000, 0.677
11, 0, 57.545, 0.002
11, 1, 148.363, 0.682
11, 2, 81.185, 37.200
11, 3, 81.185, 0.663
11, 4, 57.545, 53.181
11, 5, 57.545, 0.670
11, 6, 57.545, 0.671
11, 7, 57.545, 0.669
11, 8, 57.545, 0.670
11, 9, 57.545, 31.754
11, 10, 57.545, 0.672
11, 11, 57.545, 0.668
11, 12, 0.000, 184.066
11, 13, 0.000, 0.666
11, 14, 0.000, 0.673
11, 15, 0.000, 0.663
11, 16, 0.000, 0.674
11, 17, 0.000, 0.667
11, 18, 0.000, 0.670
11, 19, 0.000, 0.666
11, 20, 0.000, 0.673
11, 21, 0.000, 0.663
11, 22, 0.000, 0.673
11, 23, 0.000, 0.666
11, 24, 0.000, 0.674
11, 25, 0.000, 0.667
11, 26, 0.000, 0.676
11, 27, 0.000, 624.293
11, 28, 0.000, 0.680
11, 29, 0.000, 0.666
11, 30, 0.000, 0.681
11, 31, 0.000, 0.665
11, 32, 0.000, 0.675
11, 33, 0.000, 0.663
11, 34, 0.000, 0.676
11, 35, 0.000, 137.949
11, 36, 0.000, 0.676
11, 37, 0.000, 0.665
11, 38, 0.000, 0.673
11, 39, 0.000, 0.671
11, 40, 0.000, 0.674
11, 41, 0.000, 0.665
11, 42, 0.000, 0.678
11, 43, 0.000, 0.670
11, 44, 0.000, 0.673
11, 45, 0.000, 0.668
11, 46, 0.000, 0.676
11, 47, 0.000, 0.667
11, 48, 0.000, 0.676
11, 49, 0.000, 0.667
11, 50, 0.000, 0.672
11, 51, 0.000, 0.666
11, 52, 0.000, 0.677
11, 53, 0.000, 0.671
11, 54, 0.000, 0.674
11, 55, 0.000, 0.665
11, 56, 0.000, 0.674
11, 57, 0.000, 0.667
11, 58, 0.000, 0.676
11, 59, 0.000, 0.667
11, 60, 0.000, 0.676
11, 61, 0.000, 0.669
11, 62, 0.000, 0.675
11, 63, 0.000, 0.666
11, 64, 0.000, 0.677
11, 65, 0.000, 0.672
11, 66, 0.000, 0.678
11, 67, 0.000, 0.677
11, 68, 0.000, 2280.883
11, 69, 0.000, 0.672
11, 70, 0.000, 0.683
11, 71, 0.000, 0.674
11, 72, 0.000, 0.682
11, 73, 0.000, 0.670
11, 74, 0.000, 0.678
11, 75, 0.000, 0.668
11, 76, 0.000, 0.682
11, 77, 0.000, 0.670
11, 78, 0.000, 195.681
11, 79, 0.000, 0.678
11, 80, 0.000, 0.684
11, 81, 0.000, 0.669
11, 82, 0.000, 0.683
11, 83, 0.000, 0.668
11, 84, 0.000, 0.680
11, 85, 0.000, 0.673
11, 86, 0.000, 0.680
11, 87, 0.000, 0.668
11, 88, 0.000, 0.680
11, 89, 0.000, 0.672
11, 90, 0.000, 0.680
11, 91, 0.000, 0.673
11, 92, 0.000, 0.679
11, 93, 0.000, 0.669
11, 94, 0.000, 0.679
11, 95, 0.000, 0.667
11, 96, 0.000, 0.681
11, 97, 0.000, 0.670
11, 98, 0.000, 0.681
11, 99, 0.000, 0.668
11, 100, 0.000, 0.679
12, 0, 214.308, 0.002
12, 1, 87.748, 0.684
12, 2, 87.748, 0.680
12, 3, 87.748, 22.666
12, 4, 87.748, 0.668
12, 5, 87.748, 0.672
12, 6, 87.748, 29.076
12, 7, 87.748, 0.670
12, 8, 0.000, 111.295
12, 9, 0.000, 0.672
12, 10, 0.000, 0.666
12, 11, 0.000, 0.671
12, 12, 0.000, 0.668
12, 13, 0.000, 0.672
12, 14, 0.000, 0.667
12, 15, 0.000, 0.671
12, 16, 0.000, 265.304
12, 17, 0.000, 0.675
12, 18, 0.000, 0.669
12, 19, 0.000, 0.672
12, 20, 0.000, 0.666
12, 21, 0.000, 432.088
12, 22, 0.000, 0.678
12, 23, 0.000, 0.671
12, 24, 0.000, 0.677
12, 25, 0.000, 0.667
12, 26, 0.000, 0.676
12, 27, 0.000, 0.670
12, 28, 0.000, 0.676
12, 29, 0.000, 0.674
12, 30, 0.000, 64.965
12, 31, 0.000, 0.669
12, 32, 0.000, 0.676
12, 33, 0.000, 0.669
12, 34, 0.000, 0.675
12, 35, 0.000, 0.667
12, 36, 0.000, 0.676
12, 37, 0.000, 0.667
12, 38, 0.000, 0.677
12, 39, 0.000, 0.665
12, 40, 0.000, 0.675
12, 41, 0.000, 0.669
12, 42, 0.000, 0.675
12, 43, 0.000, 0.667
12, 44, 0.000, 0.677
12, 45, 0.000, 0.670
12, 46, 0.000, 0.676
12, 47, 0.000, 0.668
12, 48, 0.000, 0.677
12, 49, 0.000, 1539.874
12, 50, 0.000, 0.676
12, 51, 0.000, 0.670
12, 52, 0.000, 0.676
12, 53, 0.000, 0.675
12, 54, 0.000, 0.679
12, 55, 0.000, 0.666
12, 56, 0.000, 0.674
12, 57, 0.000, 0.674
12, 58, 0.000, 112.823
12, 59, 0.000, 0.673
12, 60, 0.000, 0.679
12, 61, 0.000, 0.675
12, 62, 0.000, 0.677
12, 63, 0.000, 0.674
12, 64, 0.000, 0.677
12, 65, 0.000, 0.671
12, 66, 0.000, 0.676
12, 67, 0.000, 0.672
12, 68, 0.000, 0.678
12, 69, 0.000, 0.673
12, 70, 0.000, 0.680
12, 71, 0.000, 0.670
12, 72, 0.000, 0.677
12, 73, 0.000, 0.670
12, 74, 0.000, 0.675
12, 75, 0.000, 0.668
12, 76, 0.000, 0.677
12, 77, 0.000, 0.668
12, 78, 0.000, 0.677
12, 79, 0.000, 0.669
12, 80, 0.000, 0.676
12, 81, 0.000, 0.670
12, 82, 0.000, 0.676
12, 83, 0.000, 0.669
12, 84, 0.000, 0.678
12, 85, 0.000, 99.320
12, 86, 0.000, 0.679
12, 87, 0.000, 0.671
12, 88, 0.000, 0.678
12, 89, 0.000, 0.673
12, 90, 0.000, 0.679
12, 91, 0.000, 0.672
12, 92, 0.000, 0.678
12, 93, 0.000, 0.670
12, 94, 0.000, 0.679
12, 95, 0.000, 0.671
12, 96, 0.000, 0.677
12, 97, 0.000, 0.669
12, 98, 0.000, 0.680
12, 99, 0.000, 0.670
12, 100, 0.000, 0.678
13, 0, 62.541, 0.002
13, 1, 35.839, 0.684
13, 2, 35.839, 0.677
13, 3, 35.839, 22.303
13, 4, 35.839, 0.670
13, 5, 35.839, 0.671
13, 6, 35.839, 79.062
13, 7, 0.000, 0.668
13, 8, 0.000, 30.530
13, 9, 0.000, 138.045
13, 10, 0.000, 0.671
13, 11, 0.000, 181.008
13, 12, 0.000, 0.677
13, 13, 0.000, 0.672
13, 14, 0.000, 254.669
13, 15, 0.000, 0.672
13, 16, 0.000, 0.682
13, 17, 0.000, 0.673
13, 18, 0.000, 0.679
13, 19, 0.000, 0.668
13, 20, 0.000, 0.677
13, 21, 0.000, 0.671
13, 22, 0.000, 0.676
13, 23, 0.000, 537.988
13, 24, 0.000, 0.677
13, 25, 0.000, 0.670
13, 26, 0.000, 0.678
13, 27, 0.000, 0.673
13, 28, 0.000, 0.681
13, 29, 0.000, 0.664
13, 30, 0.000, 0.675
13, 31, 0.000, 0.672
13, 32, 0.000, 97.420
13, 33, 0.000, 0.668
13, 34, 0.000, 0.679
13, 35, 0.000, 0.671
13, 36, 0.000, 0.676
13, 37, 0.000, 0.669
13, 38, 0.000, 0.679
13, 39, 0.000, 0.671
13, 40, 0.000, 0.676
13, 41, 0.000, 0.669
13, 42, 0.000, 0.676
13, 43, 0.000, 0.670
13, 44, 0.000, 0.679
13, 45, 0.000, 0.668
13, 46, 0.000, 0.676
13, 47, 0.000, 0.670
13, 48, 0.000, 0.677
13, 49, 0.000, 0.673
13, 50, 0.000, 0.675
13, 51, 0.000, 0.669
13, 52, 0.000, 0.678
13, 53, 0.000, 0.668
13, 54, 0.000, 0.676
13, 55, 0.000, 0.673
13, 56, 0.000, 0.678
13, 57, 0.000, 0.667
13, 58, 0.000, 0.674
13, 59, 0.000, 0.673
13, 60, 0.000, 0.677
13, 61, 0.000, 0.670
13, 62, 0.000, 0.676
13, 63, 0.000, 0.674
13, 64, 0.000, 0.677
13, 65, 0.000, 0.667
13, 66, 0.000, 0.679
13, 67, 0.000, 0.672
13, 68, 0.000, 0.678
13, 69, 0.000, 90.087
13, 70, 0.000, 0.677
13, 71, 0.000, 0.669
13, 72, 0.000, 0.676
13, 73, 0.000, 0.671
13, 74, 0.000, 0.677
13, 75, 0.000, 0.670
13, 76, 0.000, 0.679
13, 77, 0.000, 0.672
13, 78, 0.000, 0.681
13, 79, 0.000, 0.668
13, 80, 0.000, 0.676
13, 81, 0.000, 0.670
13, 82, 0.000, 0.679
13, 83, 0.000, 0.673
13, 84, 0.000, 0.675
13, 85, 0.000, 2878.429
13, 86, 0.000, 0.677
13, 87, 0.000, 0.671
13, 88, 0.000, 0.679
13, 89, 0.000, 0.669
13, 90, 0.000, 0.675
13, 91, 0.000, 0.672
13, 92, 0.000, 0.678
13, 93, 0.000, 371.018
13, 94, 0.000, 0.678
13, 95, 0.000, 0.670
13, 96, 0.000, 0.678
13, 97, 0.000, 0.672
13, 98, 0.000, 0.679
13, 99, 0.000, 0.668
13, 100, 0.000, 0.679
14, 0, 101.163, 0.002
14, 1, 4.141, 0.686
14, 2, 4.141, 0.677
14, 3, 4.141, 22.615
14, 4, 4.141, 0.671
14, 5, 4.141, 0.667
14, 6, 4.141, 0.672
14, 7, 4.141, 84.137
14, 8, 4.141, 0.669
14, 9, 0.000, 125.439
14, 10, 0.000, 0.667
14, 11, 0.000, 0.670
14, 12, 0.000, 0.668
14, 13, 0.000, 0.671
14, 14, 0.000, 0.667
14, 15, 0.000, 0.669
14, 16, 0.000, 0.669
14, 17, 0.000, 0.671
14, 18, 0.000, 0.669
14, 19, 0.000, 0.670
14, 20, 0.000, 441.251
14, 21, 0.000, 0.673
14, 22, 0.000, 0.678
14, 23, 0.000, 0.669
14, 24, 0.000, 0.674
14, 25, 0.000, 0.676
14, 26, 0.000, 0.677
14, 27, 0.000, 0.673
14, 28, 0.000, 141.576
14, 29, 0.000, 0.669
14, 30, 0.000, 0.677
14, 31, 0.000, 0.670
14, 32, 0.000, 0.675
14, 33, 0.000, 0.666
14, 34, 0.000, 0.675
14, 35, 0.000, 0.673
14, 36, 0.000, 1071.288
14, 37, 0.000, 0.676
14, 38, 0.000, 0.679
14, 39, 0.000, 0.678
14, 40, 0.000, 0.676
14, 41, 0.000, 0.676
14, 42, 0.000, 0.679
14, 43, 0.000, 0.672
14, 44, 0.000, 129.576
14, 45, 0.000, 0.669
14, 46, 0.000, 0.677
14, 47, 0.000, 0.672
14, 48, 0.000, 0.678
14, 49, 0.000, 0.669
14, 50, 0.000, 0.676
14, 51, 0.000, 0.667
14, 52, 0.000, 0.677
14, 53, 0.000, 0.667
14, 54, 0.000, 0.677
14, 55, 0.000, 0.671
14, 56, 0.000, 0.674
14, 57, 0.000, 0.674
14, 58, 0.000, 0.676
14, 59, 0.000, 0.670
14, 60, 0.000, 0.676
14, 61, 0.000, 0.673
14, 62, 0.000, 0.676
14, 63, 0.000, 0.670
14, 64, 0.000, 0.677
14, 65, 0.000, 0.671
14, 66, 0.000, 0.677
14, 67, 0.000, 0.669
14, 68, 0.000, 0.678
14, 69, 0.000, 0.670
14, 70, 0.000, 0.675
14, 71, 0.000, 0.670
14, 72, 0.000, 0.677
14, 73, 0.000, 0.672
14, 74, 0.000, 0.676
14, 75, 0.000, 89.887
14, 76, 0.000, 0.679
14, 77, 0.000, 0.672
14, 78, 0.000, 0.676
14, 79, 0.000, 0.674
14, 80, 0.000, 0.675
14, 81, 0.000, 0.672
14, 82, 0.000, 0.674
14, 83, 0.000, 0.669
14, 84, 0.000, 0.677
14, 85, 0.000, 0.671
14, 86, 0.000, 0.676
14, 87, 0.000, 0.673
14, 88, 0.000, 0.678
14, 89, 0.000, 0.668
14, 90, 0.000, 0.678
14, 91, 0.000, 0.669
14, 92, 0.000, 0.678
14, 93, 0.000, 0.672
14, 94, 0.000, 0.678
14, 95, 0.000, 0.670
14, 96, 0.000, 0.679
14, 97, 0.000, 0.675
14, 98, 0.000, 0.680
14, 99, 0.000, 0.669
14, 100, 0.000, 0.677
15, 0, 195.261, 0.002
15, 1, 110.291, 0.684
15, 2, 84.970, 36.951
15, 3, 84.970, 0.676
15, 4, 0.000, 56.965
15, 5, 0.000, 0.664
15, 6, 0.000, 0.671
15, 7, 0.000, 0.672
15, 8, 0.000, 42.385
15, 9, 0.000, 0.670
15, 10, 0.000, 0.670
15, 11, 0.000, 0.673
15, 12, 0.000, 0.671
15, 13, 0.000, 0.667
15, 14, 0.000, 0.670
15, 15, 0.000, 0.666
15, 16, 0.000, 0.670
15, 17, 0.000, 29.026
15, 18, 0.000, 0.673
15, 19, 0.000, 0.669
15, 20, 0.000, 0.671
15, 21, 0.000, 0.671
15, 22, 0.000, 0.673
15, 23, 0.000, 0.671
15, 24, 0.000, 523.460
15, 25, 0.000, 0.675
15, 26, 0.000, 0.680
15, 27, 0.000, 0.669
15, 28, 0.000, 0.679
15, 29, 0.000, 0.669
15, 30, 0.000, 0.680
15, 31, 0.000, 0.670
15, 32, 0.000, 146.280
15, 33, 0.000, 0.672
15, 34, 0.000, 0.677
15, 35, 0.000, 0.669
15, 36, 0.000, 0.682
15, 37, 0.000, 0.667
15, 38, 0.000, 0.679
15, 39, 0.000, 0.673
15, 40, 0.000, 0.679
15, 41, 0.000, 0.667
15, 42, 0.000, 0.680
15, 43, 0.000, 1341.372
15, 44, 0.000, 0.680
15, 45, 0.000, 0.674
15, 46, 0.000, 0.680
15, 47, 0.000, 0.671
15, 48, 0.000, 0.680
15, 49, 0.000, 157.047
15, 50, 0.000, 0.682
15, 51, 0.000, 0.669
15, 52, 0.000, 0.683
15, 53, 0.000, 0.670
15, 54, 0.000, 0.680
15, 55, 0.000, 0.674
15, 56, 0.000, 0.680
15, 57, 0.000, 0.668
15, 58, 0.000, 0.681
15, 59, 0.000, 0.671
15, 60, 0.000, 0.681
15, 61, 0.000, 0.670
15, 62, 0.000, 0.682
15, 63, 0.000, 0.678
15, 64, 0.000, 0.682
15, 65, 0.000, 0.671
15, 66, 0.000, 0.682
15, 67, 0.000, 0.673
15, 68, 0.000, 0.681
15, 69, 0.000, 0.671
15, 70, 0.000, 0.682
15, 71, 0.000, 123.685
15, 72, 0.000, 0.681
15, 73, 0.000, 0.671
15, 74, 0.000, 0.683
15, 75, 0.000, 0.673
15, 76, 0.000, 0.682
15, 77, 0.000, 0.670
15, 78, 0.000, 0.682
15, 79, 0.000, 0.674
15, 80, 0.000, 0.683
15, 81, 0.000, 0.669
15, 82, 0.000, 0.681
15, 83, 0.000, 0.675
15, 84, 0.000, 0.684
15, 85, 0.000, 0.672
15, 86, 0.000, 0.681
15, 87, 0.000, 0.666
15, 88, 0.000, 0.682
15, 89, 0.000, 0.668
15, 90, 0.000, 0.686
15, 91, 0.000, 0.668
15, 92, 0.000, 0.680
15, 93, 0.000, 0.669
15, 94, 0.000, 0.682
15, 95, 0.000, 0.672
15, 96, 0.000, 0.682
15, 97, 0.000, 0.673
15, 98, 0.000, 0.681
15, 99, 0.000, 0.674
15, 100, 0.000, 0.682
16, 0, 200.964, 0.002
16, 1, 101.380, 0.683
16, 2, 101.380, 0.680
16, 3, 101.380, 23.109
16, 4, 101.380, 0.669
16, 5, 101.380, 0.674
16, 6, 101.380, 0.669
16, 7, 101.380, 42.217
16, 8, 101.380, 0.670
16, 9, 101.380, 129.603
16, 10, 20.656, 146.904
16, 11, 20.656, 0.677
16, 12, 20.656, 0.680
16, 13, 20.656, 0.674
16, 14, 0.000, 241.134
16, 15, 0.000, 0.673
16, 16, 0.000, 0.683
16, 17, 0.000, 0.670
16, 18, 0.000, 0.680
16, 19, 0.000, 0.671
16, 20, 0.000, 0.679
16, 21, 0.000, 0.672
16, 22, 0.000, 0.679
16, 23, 0.000, 0.666
16, 24, 0.000, 0.679
16, 25, 0.000, 0.667
16, 26, 0.000, 0.680
16, 27, 0.000, 0.674
16, 28, 0.000, 0.679
16, 29, 0.000, 0.669
16, 30, 0.000, 0.678
16, 31, 0.000, 0.668
16, 32, 0.000, 0.680
16, 33, 0.000, 0.669
16, 34, 0.000, 0.681
16, 35, 0.000, 0.670
16, 36, 0.000, 0.679
16, 37, 0.000, 0.670
16, 38, 0.000, 0.679
16, 39, 0.000, 0.669
16, 40, 0.000, 0.682
16, 41, 0.000, 0.670
16, 42, 0.000, 0.681
16, 43, 0.000, 0.674
16, 44, 0.000, 0.679
16, 45, 0.000, 0.669
16, 46, 0.000, 0.681
16, 47, 0.000, 0.668
16, 48, 0.000, 0.684
16, 49, 0.000, 0.670
16, 50, 0.000, 0.681
16, 51, 0.000, 0.673
16, 52, 0.000, 0.681
16, 53, 0.000, 0.673
16, 54, 0.000, 0.681
16, 55, 0.000, 0.671
16, 56, 0.000, 0.678
16, 57, 0.000, 0.674
16, 58, 0.000, 0.679
16, 59, 0.000, 0.674
16, 60, 0.000, 0.682
16, 61, 0.000, 0.671
16, 62, 0.000, 0.682
16, 63, 0.000, 0.672
16, 64, 0.000, 0.683
16, 65, 0.000, 0.673
16, 66, 0.000, 0.682
16, 67, 0.000, 0.667
16, 68, 0.000, 0.682
16, 69, 0.000, 0.670
16, 70, 0.000, 0.683
16, 71, 0.000, 0.675
16, 72, 0.000, 0.682
16, 73, 0.000, 0.670
16, 74, 0.000, 0.679
16, 75, 0.000, 0.669
16, 76, 0.000, 0.685
16, 77, 0.000, 0.671
16, 78, 0.000, 0.681
16, 79, 0.000, 0.672
16, 80, 0.000, 0.682
16, 81, 0.000, 0.669
16, 82, 0.000, 0.681
16, 83, 0.000, 0.671
16, 84, 0.000, 0.682
16, 85, 0.000, 0.674
16, 86, 0.000, 0.682
16, 87, 0.000, 0.674
16, 88, 0.000, 0.679
16, 89, 0.000, 0.674
16, 90, 0.000, 0.681
16, 91, 0.000, 0.672
16, 92, 0.000, 0.681
16, 93, 0.000, 0.671
16, 94, 0.000, 0.682
16, 95, 0.000, 0.672
16, 96, 0.000, 0.680
16, 97, 0.000, 0.671
16, 98, 0.000, 0.680
16, 99, 0.000, 0.673
16, 100, 0.000, 0.681
17, 0, 141.789, 0.002
17, 1, 90.802, 0.683
17, 2, 90.802, 0.677
17, 3, 48.159, 46.816
17, 4, 48.159, 0.672
17, 5, 48.159, 0.671
17, 6, 48.159, 0.674
17, 7, 48.159, 35.525
17, 8, 48.159, 0.671
17, 9, 48.159, 0.670
17, 10, 7.304, 144.503
17, 11, 7.304, 0.673
17, 12, 7.304, 0.683
17, 13, 0.000, 210.143
17, 14, 0.000, 0.683
17, 15, 0.000, 0.674
17, 16, 0.000, 0.681
17, 17, 0.000, 0.670
17, 18, 0.000, 0.677
17, 19, 0.000, 0.669
17, 20, 0.000, 0.680
17, 21, 0.000, 0.674
17, 22, 0.000, 0.680
17, 23, 0.000, 0.670
17, 24, 0.000, 0.678
17, 25, 0.000, 0.668
17, 26, 0.000, 0.678
17, 27, 0.000, 0.669
17, 28, 0.000, 0.678
17, 29, 0.000, 0.666
17, 30, 0.000, 0.678
17, 31, 0.000, 0.668
17, 32, 0.000, 0.679
17, 33, 0.000, 0.673
17, 34, 0.000, 0.680
17, 35, 0.000, 0.670
17, 36, 0.000, 0.680
17, 37, 0.000, 0.672
17, 38, 0.000, 0.679
17, 39, 0.000, 0.673
17, 40, 0.000, 0.680
17, 41, 0.000, 0.673
17, 42, 0.000, 0.680
17, 43, 0.000, 0.669
17, 44, 0.000, 0.680
17, 45, 0.000, 0.669
17, 46, 0.000, 0.679
17, 47, 0.000, 0.671
17, 48, 0.000, 0.682
17, 49, 0.000, 0.672
17, 50, 0.000, 0.681
17, 51, 0.000, 0.668
17, 52, 0.000, 0.682
17, 53, 0.000, 0.672
17, 54, 0.000, 0.677
17, 55, 0.000, 0.667
17, 56, 0.000, 0.681
17, 57, 0.000, 0.670
17, 58, 0.000, 0.681
17, 59, 0.000, 0.669
17, 60, 0.000, 0.679
17, 61, 0.000, 0.670
17, 62, 0.000, 0.682
17, 63, 0.000, 0.672
17, 64, 0.000, 0.681
17, 65, 0.000, 0.675
17, 66, 0.000, 0.680
17, 67, 0.000, 0.672
17, 68, 0.000, 0.683
17, 69, 0.000, 0.673
17, 70, 0.000, 0.683
17, 71, 0.000, 0.671
17, 72, 0.000, 0.679
17, 73, 0.000, 0.668
17, 74, 0.000, 0.681
17, 75, 0.000, 0.671
17, 76, 0.000, 0.680
17, 77, 0.000, 0.671
17, 78, 0.000, 0.681
17, 79, 0.000, 0.672
17, 80, 0.000, 0.680
17, 81, 0.000, 0.669
17, 82, 0.000, 0.681
17, 83, 0.000, 0.669
17, 84, 0.000, 0.682
17, 85, 0.000, 0.672
17, 86, 0.000, 0.681
17, 87, 0.000, 0.670
17, 88, 0.000, 0.683
17, 89, 0.000, 0.670
17, 90, 0.000, 0.682
17, 91, 0.000, 0.670
17, 92, 0.000, 0.685
17, 93, 0.000, 0.674
17, 94, 0.000, 0.679
17, 95, 0.000, 0.671
17, 96, 0.000, 0.681
17, 97, 0.000, 0.674
17, 98, 0.000, 0.681
17, 99, 0.000, 0.671
17, 100, 0.000, 0.681
18, 0, 98.517, 0.002
18, 1, 80.448, 0.685
18, 2, 73.274, 35.623
18, 3, 48.928, 0.671
18, 4, 48.928, 29.855
18, 5, 48.928, 0.670
18, 6, 48.928, 38.508
18, 7, 20.877, 113.555
18, 8, 20.877, 130.988
18, 9, 20.877, 164.417
18, 10, 0.000, 199.148
18, 11, 0.000, 0.673
18, 12, 0.000, 0.681
18, 13, 0.000, 0.668
18, 14, 0.000, 0.679
18, 15, 0.000, 0.669
18, 16, 0.000, 0.682
18, 17, 0.000, 0.673
18, 18, 0.000, 0.679
18, 19, 0.000, 0.670
18, 20, 0.000, 0.680
18, 21, 0.000, 510.274
18, 22, 0.000, 0.679
18, 23, 0.000, 0.672
18, 24, 0.000, 0.682
18, 25, 0.000, 0.670
18, 26, 0.000, 0.679
18, 27, 0.000, 0.671
18, 28, 0.000, 0.680
18, 29, 0.000, 0.673
18, 30, 0.000, 76.318
18, 31, 0.000, 0.671
18, 32, 0.000, 0.684
18, 33, 0.000, 0.667
18, 34, 0.000, 0.680
18, 35, 0.000, 0.672
18, 36, 0.000, 0.681
18, 37, 0.000, 0.672
18, 38, 0.000, 0.682
18, 39, 0.000, 0.669
18, 40, 0.000, 0.681
18, 41, 0.000, 0.674
18, 42, 0.000, 0.683
18, 43, 0.000, 0.671
18, 44, 0.000, 0.681
18, 45, 0.000, 0.668
18, 46, 0.000, 0.680
18, 47, 0.000, 0.671
18, 48, 0.000, 0.678
18, 49, 0.000, 0.675
18, 50, 0.000, 0.683
18, 51, 0.000, 0.666
18, 52, 0.000, 0.682
18, 53, 0.000, 0.671
18, 54, 0.000, 0.680
18, 55, 0.000, 0.669
18, 56, 0.000, 0.681
18, 57, 0.000, 0.669
18, 58, 0.000, 0.681
18, 59, 0.000, 0.666
18, 60, 0.000, 0.679
18, 61, 0.000, 0.673
18, 62, 0.000, 0.681
18, 63, 0.000, 0.668
18, 64, 0.000, 0.677
18, 65, 0.000, 0.672
18, 66, 0.000, 0.681
18, 67, 0.000, 0.673
18, 68, 0.000, 0.680
18, 69, 0.000, 0.672
18, 70, 0.000, 0.681
18, 71, 0.000, 0.673
18, 72, 0.000, 0.681
18, 73, 0.000, 0.670
18, 74, 0.000, 85.281
18, 75, 0.000, 0.674
18, 76, 0.000, 0.682
18, 77, 0.000, 0.671
18, 78, 0.000, 0.683
18, 79, 0.000, 0.672
18, 80, 0.000, 0.680
18, 81, 0.000, 0.672
18, 82, 0.000, 0.683
18, 83, 0.000, 0.675
18, 84, 0.000, 0.682
18, 85, 0.000, 0.673
18, 86, 0.000, 0.682
18, 87, 0.000, 0.675
18, 88, 0.000, 0.682
18, 89, 0.000, 0.674
18, 90, 0.000, 0.684
18, 91, 0.000, 0.673
18, 92, 0.000, 0.682
18, 93, 0.000, 0.673
18, 94, 0.000, 0.684
18, 95, 0.000, 0.674
18, 96, 0.000, 0.681
18, 97, 0.000, 0.673
18, 98, 0.000, 0.685
18, 99, 0.000, 0.672
18, 100, 0.000, 0.682
19, 0, 185.747, 0.002
19, 1, 83.621, 0.684
19, 2, 83.621, 0.680
19, 3, 83.621, 22.539
19, 4, 22.372, 0.672
19, 5, 22.372, 0.666
19, 6, 22.372, 85.864
19, 7, 22.372, 0.671
19, 8, 22.372, 0.669
19, 9, 22.372, 0.672
19, 10, 22.372, 0.668
19, 11, 22.372, 0.668
19, 12, 22.372, 171.696
19, 13, 22.372, 0.677
19, 14, 0.000, 233.022
19, 15, 0.000, 239.091
19, 16, 0.000, 0.680
19, 17, 0.000, 374.509
19, 18, 0.000, 0.682
19, 19, 0.000, 0.670
19, 20, 0.000, 0.680
19, 21, 0.000, 0.671
19, 22, 0.000, 0.681
19, 23, 0.000, 615.622
19, 24, 0.000, 0.680
19, 25, 0.000, 0.670
19, 26, 0.000, 0.679
19, 27, 0.000, 0.670
19, 28, 0.000, 0.679
19, 29, 0.000, 0.671
19, 30, 0.000, 158.619
19, 31, 0.000, 0.678
19, 32, 0.000, 0.680
19, 33, 0.000, 0.669
19, 34, 0.000, 0.681
19, 35, 0.000, 0.669
19, 36, 0.000, 0.679
19, 37, 0.000, 0.672
19, 38, 0.000, 0.682
19, 39, 0.000, 0.671
19, 40, 0.000, 0.682
19, 41, 0.000, 0.673
19, 42, 0.000, 0.681
19, 43, 0.000, 0.669
19, 44, 0.000, 0.682
19, 45, 0.000, 0.671
19, 46, 0.000, 0.678
19, 47, 0.000, 0.671
19, 48, 0.000, 0.681
19, 49, 0.000, 0.668
19, 50, 0.000, 134.990
19, 51, 0.000, 0.673
19, 52, 0.000, 0.680
19, 53, 0.000, 0.666
19, 54, 0.000, 0.682
19, 55, 0.000, 0.670
19, 56, 0.000, 0.678
19, 57, 0.000, 0.669
19, 58, 0.000, 0.681
19, 59, 0.000, 0.668
19, 60, 0.000, 0.681
19, 61, 0.000, 0.669
19, 62, 0.000, 0.682
19, 63, 0.000, 0.672
19, 64, 0.000, 0.682
19, 65, 0.000, 0.673
19, 66, 0.000, 0.681
19, 67, 0.000, 0.672
19, 68, 0.000, 0.681
19, 69, 0.000, 0.674
19, 70, 0.000, 0.683
19, 71, 0.000, 0.670
19, 72, 0.000, 0.681
19, 73, 0.000, 0.672
19, 74, 0.000, 0.678
19, 75, 0.000, 0.674
19, 76, 0.000, 0.680
19, 77, 0.000, 120.022
19, 78, 0.000, 0.680
19, 79, 0.000, 0.670
19, 80, 0.000, 0.684
19, 81, 0.000, 0.667
19, 82, 0.000, 0.682
19, 83, 0.000, 0.672
19, 84, 0.000, 0.680
19, 85, 0.000, 0.675
19, 86, 0.000, 0.683
19, 87, 0.000, 0.674
19, 88, 0.000, 0.681
19, 89, 0.000, 0.673
19, 90, 0.000, 0.682
19, 91, 0.000, 0.673
19, 92, 0.000, 0.683
19, 93, 0.000, 0.671
19, 94, 0.000, 0.680
19, 95, 0.000, 0.669
19, 96, 0.000, 0.684
19, 97, 0.000, 0.670
19, 98, 0.000, 0.682
19, 99, 0.000, 0.670
19, 100, 0.000, 0.680
20, 0, 42.918, 0.002
20, 1, 123.829, 0.687
20, 2, 3.572, 34.827
20, 3, 0.000, 0.667
20, 4, 0.000, 30.469
20, 5, 0.000, 0.671
20, 6, 0.000, 0.673
20, 7, 0.000, 36.552
20, 8, 0.000, 0.669
20, 9, 0.000, 0.669
20, 10, 0.000, 0.670
20, 11, 0.000, 0.668
20, 12, 0.000, 0.668
20, 13, 0.000, 0.666
20, 14, 0.000, 0.669
20, 15, 0.000, 0.664
20, 16, 0.000, 0.668
20, 17, 0.000, 0.665
20, 18, 0.000, 0.668
20, 19, 0.000, 0.667
20, 20, 0.000, 0.668
20, 21, 0.000, 0.665
20, 22, 0.000, 0.671
20, 23, 0.000, 0.671
20, 24, 0.000, 0.670
20, 25, 0.000, 557.773
20, 26, 0.000, 0.679
20, 27, 0.000, 0.670
20, 28, 0.000, 0.682
20, 29, 0.000, 0.668
20, 30, 0.000, 0.681
20, 31, 0.000, 0.671
20, 32, 0.000, 0.679
20, 33, 0.000, 0.671
20, 34, 0.000, 0.681
20, 35, 0.000, 0.671
20, 36, 0.000, 1054.475
20, 37, 0.000, 0.676
20, 38, 0.000, 0.680
20, 39, 0.000, 0.671
20, 40, 0.000, 0.679
20, 41, 0.000, 0.671
20, 42, 0.000, 0.680
20, 43, 0.000, 0.670
20, 44, 0.000, 193.810
20, 45, 0.000, 0.667
20, 46, 0.000, 0.679
20, 47, 0.000, 0.668
20, 48, 0.000, 0.681
20, 49, 0.000, 0.669
20, 50, 0.000, 0.679
20, 51, 0.000, 0.669
20, 52, 0.000, 0.681
20, 53, 0.000, 0.670
20, 54, 0.000, 0.680
20, 55, 0.000, 0.668
20, 56, 0.000, 0.680
20, 57, 0.000, 0.672
20, 58, 0.000, 0.682
20, 59, 0.000, 0.669
20, 60, 0.000, 0.679
20, 61, 0.000, 0.668
20, 62, 0.000, 0.679
20, 63, 0.000, 0.670
20, 64, 0.000, 0.683
20, 65, 0.000, 0.669
20, 66, 0.000, 0.677
20, 67, 0.000, 0.671
20, 68, 0.000, 0.682
20, 69, 0.000, 0.676
20, 70, 0.000, 0.681
20, 71, 0.000, 0.675
20, 72, 0.000, 0.684
20, 73, 0.000, 0.674
20, 74, 0.000, 0.683
20, 75, 0.000, 95.744
20, 76, 0.000, 0.684
20, 77, 0.000, 0.675
20, 78, 0.000, 0.682
20, 79, 0.000, 0.680
20, 80, 0.000, 0.681
20, 81, 0.000, 0.675
20, 82, 0.000, 0.682
20, 83, 0.000, 0.677
20, 84, 0.000, 0.681
20, 85, 0.000, 0.673
20, 86, 0.000, 0.681
20, 87, 0.000, 0.676
20, 88, 0.000, 0.680
20, 89, 0.000, 0.677
20, 90, 0.000, 0.683
20, 91, 0.000, 0.674
20, 92, 0.000, 0.681
20, 93, 0.000, 0.673
20, 94, 0.000, 0.681
20, 95, 0.000, 0.675
20, 96, 0.000, 0.682
20, 97, 0.000, 0.668
20, 98, 0.000, 0.681
20, 99, 0.000, 0.674
20, 100, 0.000, 0.681
