9.309689203898111401e-03 9.309689203898111401e-03 9.309689203898111401e-03 1.097504297892252546e-02 1.097504297892252546e-02 1.097504297892252546e-02
7.986942927042642651e-03 7.986942927042642651e-03 7.986942927042642651e-03 0.000000000000000000e+00 0.000000000000000000e+00 0.000000000000000000e+00
8.035024007161458912e-03 8.035024007161458912e-03 8.035024007161458912e-03 0.000000000000000000e+00 0.000000000000000000e+00 0.000000000000000000e+00
7.982015609741210938e-03 7.982015609741210938e-03 7.982015609741210938e-03 0.000000000000000000e+00 0.000000000000000000e+00 0.000000000000000000e+00
8.016029993693033276e-03 8.016029993693033276e-03 8.016029993693033276e-03 1.013803482055664062e-02 1.013803482055664062e-02 1.013803482055664062e-02
8.510033289591470776e-03 8.510033289591470776e-03 8.510033289591470776e-03 1.137606302897135359e-02 1.137606302897135359e-02 1.137606302897135359e-02
8.174657821655273438e-03 8.174657821655273438e-03 8.174657821655273438e-03 1.047333081563313860e-02 1.047333081563313860e-02 1.047333081563313860e-02
8.117993672688802662e-03 8.117993672688802662e-03 8.117993672688802662e-03 0.000000000000000000e+00 0.000000000000000000e+00 0.000000000000000000e+00
8.182048797607421875e-03 8.182048797607421875e-03 8.182048797607421875e-03 1.137797037760416609e-02 1.137797037760416609e-02 1.137797037760416609e-02
7.880687713623046875e-03 7.880687713623046875e-03 7.880687713623046875e-03 0.000000000000000000e+00 0.000000000000000000e+00 0.000000000000000000e+00
7.945060729980468750e-03 7.945060729980468750e-03 7.945060729980468750e-03 0.000000000000000000e+00 0.000000000000000000e+00 0.000000000000000000e+00
7.717927296956379919e-03 7.717927296956379919e-03 7.717927296956379919e-03 0.000000000000000000e+00 0.000000000000000000e+00 0.000000000000000000e+00
8.053938547770181713e-03 8.053938547770181713e-03 8.053938547770181713e-03 9.179274241129556713e-03 9.179274241129556713e-03 9.179274241129556713e-03
7.216374079386393518e-03 7.216374079386393518e-03 7.216374079386393518e-03 0.000000000000000000e+00 0.000000000000000000e+00 0.000000000000000000e+00
7.024685541788737268e-03 7.024685541788737268e-03 7.024685541788737268e-03 0.000000000000000000e+00 0.000000000000000000e+00 0.000000000000000000e+00
6.995360056559245081e-03 6.995360056559245081e-03 6.995360056559245081e-03 7.983366648356119213e-03 7.983366648356119213e-03 7.983366648356119213e-03
7.047335306803385706e-03 7.047335306803385706e-03 7.047335306803385706e-03 0.000000000000000000e+00 0.000000000000000000e+00 0.000000000000000000e+00
6.985028584798176794e-03 6.985028584798176794e-03 6.985028584798176794e-03 9.158611297607421875e-03 9.158611297607421875e-03 9.158611297607421875e-03
7.011334101359049768e-03 7.011334101359049768e-03 7.011334101359049768e-03 9.104649225870767651e-03 9.104649225870767651e-03 9.104649225870767651e-03
7.010618845621745081e-03 7.010618845621745081e-03 7.010618845621745081e-03 7.988691329956054688e-03 7.988691329956054688e-03 7.988691329956054688e-03
