9.513106666666666911e+01 5.198113333333333941e+01 8.831200000000002603e+00 5.887466666666669290e+00 2.943733333333334645e+00 0.000000000000000000e+00
9.218733333333334201e+01 4.609366666666667101e+01 0.000000000000000000e+00 0.000000000000000000e+00 0.000000000000000000e+00 0.000000000000000000e+00
9.218733333333334201e+01 4.609366666666667101e+01 0.000000000000000000e+00 0.000000000000000000e+00 0.000000000000000000e+00 0.000000000000000000e+00
9.218733333333334201e+01 4.609366666666667101e+01 0.000000000000000000e+00 0.000000000000000000e+00 0.000000000000000000e+00 0.000000000000000000e+00
1.279863333333333344e+02 1.176916666666666629e+02 1.073969999999999914e+02 7.159799999999999898e+01 3.579899999999999949e+01 0.000000000000000000e+00
1.153600666666666683e+02 9.243913333333333071e+01 6.951819999999999311e+01 4.634546666666666681e+01 2.317273333333333341e+01 0.000000000000000000e+00
1.382810000000000059e+02 1.382810000000000059e+02 1.382810000000000059e+02 9.218733333333334201e+01 4.609366666666667101e+01 0.000000000000000000e+00
9.218733333333334201e+01 4.609366666666667101e+01 0.000000000000000000e+00 0.000000000000000000e+00 0.000000000000000000e+00 0.000000000000000000e+00
9.329093333333334215e+01 4.830086666666667128e+01 3.310800000000000409e+00 2.207200000000000717e+00 1.103600000000000358e+00 0.000000000000000000e+00
9.218733333333334201e+01 4.609366666666667101e+01 0.000000000000000000e+00 0.000000000000000000e+00 0.000000000000000000e+00 0.000000000000000000e+00
9.218733333333334201e+01 4.609366666666667101e+01 0.000000000000000000e+00 0.000000000000000000e+00 0.000000000000000000e+00 0.000000000000000000e+00
9.218733333333334201e+01 4.609366666666667101e+01 0.000000000000000000e+00 0.000000000000000000e+00 0.000000000000000000e+00 0.000000000000000000e+00
1.104750000000000085e+02 8.266900000000001114e+01 5.486299999999999955e+01 3.657533333333334014e+01 1.828766666666667007e+01 0.000000000000000000e+00
9.218733333333334201e+01 4.609366666666667101e+01 0.000000000000000000e+00 0.000000000000000000e+00 0.000000000000000000e+00 0.000000000000000000e+00
9.218733333333334201e+01 4.609366666666667101e+01 0.000000000000000000e+00 0.000000000000000000e+00 0.000000000000000000e+00 0.000000000000000000e+00
9.272660000000000480e+01 4.717220000000000368e+01 1.617800000000002569e+00 1.078533333333335120e+00 5.392666666666675601e-01 0.000000000000000000e+00
9.218733333333334201e+01 4.609366666666667101e+01 0.000000000000000000e+00 0.000000000000000000e+00 0.000000000000000000e+00 0.000000000000000000e+00
1.026296666666666795e+02 6.697833333333333883e+01 3.132699999999999818e+01 2.088466666666666782e+01 1.044233333333333391e+01 0.000000000000000000e+00
1.006690000000000111e+02 6.305700000000000216e+01 2.544500000000000028e+01 1.696333333333333471e+01 8.481666666666667354e+00 0.000000000000000000e+00
1.203063333333333276e+02 1.023316666666666777e+02 8.435699999999999932e+01 5.623800000000000665e+01 2.811900000000000333e+01 0.000000000000000000e+00
