6.938060124715168982e-03 6.938060124715168982e-03 6.938060124715168982e-03 8.686621983846029224e-03 8.686621983846029224e-03 8.686621983846029224e-03
6.015062332153320312e-03 6.015062332153320312e-03 6.015062332153320312e-03 0.000000000000000000e+00 0.000000000000000000e+00 0.000000000000000000e+00
5.961020787556965857e-03 5.961020787556965857e-03 5.961020787556965857e-03 0.000000000000000000e+00 0.000000000000000000e+00 0.000000000000000000e+00
5.843003590901692419e-03 5.843003590901692419e-03 5.843003590901692419e-03 0.000000000000000000e+00 0.000000000000000000e+00 0.000000000000000000e+00
5.859295527140299768e-03 5.859295527140299768e-03 5.859295527140299768e-03 8.009990056355794849e-03 8.009990056355794849e-03 8.009990056355794849e-03
5.891005198160807581e-03 5.891005198160807581e-03 5.891005198160807581e-03 8.340994517008462963e-03 8.340994517008462963e-03 8.340994517008462963e-03
5.841334660847981482e-03 5.841334660847981482e-03 5.841334660847981482e-03 8.044322331746419849e-03 8.044322331746419849e-03 8.044322331746419849e-03
5.841334660847981482e-03 5.841334660847981482e-03 5.841334660847981482e-03 0.000000000000000000e+00 0.000000000000000000e+00 0.000000000000000000e+00
5.835294723510742188e-03 5.835294723510742188e-03 5.835294723510742188e-03 8.268992106119791088e-03 8.268992106119791088e-03 8.268992106119791088e-03
5.883057912190754919e-03 5.883057912190754919e-03 5.883057912190754919e-03 0.000000000000000000e+00 0.000000000000000000e+00 0.000000000000000000e+00
5.848407745361328125e-03 5.848407745361328125e-03 5.848407745361328125e-03 0.000000000000000000e+00 0.000000000000000000e+00 0.000000000000000000e+00
5.880991617838541956e-03 5.880991617838541956e-03 5.880991617838541956e-03 0.000000000000000000e+00 0.000000000000000000e+00 0.000000000000000000e+00
5.851348241170247107e-03 5.851348241170247107e-03 5.851348241170247107e-03 6.807724634806315393e-03 6.807724634806315393e-03 6.807724634806315393e-03
5.855003992716471643e-03 5.855003992716471643e-03 5.855003992716471643e-03 0.000000000000000000e+00 0.000000000000000000e+00 0.000000000000000000e+00
5.846023559570312500e-03 5.846023559570312500e-03 5.846023559570312500e-03 0.000000000000000000e+00 0.000000000000000000e+00 0.000000000000000000e+00
5.839665730794270544e-03 5.839665730794270544e-03 5.839665730794270544e-03 6.790320078531901331e-03 6.790320078531901331e-03 6.790320078531901331e-03
5.833705266316731482e-03 5.833705266316731482e-03 5.833705266316731482e-03 0.000000000000000000e+00 0.000000000000000000e+00 0.000000000000000000e+00
5.848010381062825232e-03 5.848010381062825232e-03 5.848010381062825232e-03 7.931629816691080151e-03 7.931629816691080151e-03 7.931629816691080151e-03
5.864381790161132812e-03 5.864381790161132812e-03 5.864381790161132812e-03 7.935365041097005787e-03 7.935365041097005787e-03 7.935365041097005787e-03
5.861997604370117188e-03 5.861997604370117188e-03 5.861997604370117188e-03 6.794611612955729456e-03 6.794611612955729456e-03 6.794611612955729456e-03
