1.091504096984863281e-02 1.098299026489257812e-02 3.117108345031738281e-02 1.147389411926269531e-02 2.866792678833007812e-02 1.991572856903076172e+00 5.552315711975097656e-02 3.702998161315917969e-02 3.307986259460449219e-02 2.666091918945312500e-02 2.369084835052490234e+00
1.016902923583984375e-02 1.082396507263183594e-02 2.833318710327148438e-02 0.000000000000000000e+00 0.000000000000000000e+00 0.000000000000000000e+00 0.000000000000000000e+00 0.000000000000000000e+00 0.000000000000000000e+00 0.000000000000000000e+00 0.000000000000000000e+00
1.069903373718261719e-02 1.094293594360351562e-02 2.673196792602539062e-02 1.145291328430175781e-02 3.881406784057617188e-02 0.000000000000000000e+00 0.000000000000000000e+00 0.000000000000000000e+00 0.000000000000000000e+00 0.000000000000000000e+00 0.000000000000000000e+00
1.067399978637695312e-02 1.138401031494140625e-02 2.923703193664550781e-02 3.195214271545410156e-02 0.000000000000000000e+00 0.000000000000000000e+00 0.000000000000000000e+00 0.000000000000000000e+00 0.000000000000000000e+00 0.000000000000000000e+00 0.000000000000000000e+00
1.012706756591796875e-02 1.084399223327636719e-02 3.318095207214355469e-02 3.087496757507324219e-02 4.331398010253906250e-02 1.970309972763061523e+00 3.446292877197265625e-02 4.211997985839843750e-02 4.850602149963378906e-02 0.000000000000000000e+00 0.000000000000000000e+00
1.025915145874023438e-02 1.084804534912109375e-02 3.677487373352050781e-02 1.278305053710937500e-02 3.486299514770507812e-02 1.967559099197387695e+00 4.374504089355468750e-02 3.836488723754882812e-02 0.000000000000000000e+00 0.000000000000000000e+00 0.000000000000000000e+00
1.031684875488281250e-02 1.082682609558105469e-02 0.000000000000000000e+00 0.000000000000000000e+00 0.000000000000000000e+00 0.000000000000000000e+00 0.000000000000000000e+00 0.000000000000000000e+00 0.000000000000000000e+00 0.000000000000000000e+00 0.000000000000000000e+00
1.008796691894531250e-02 1.084399223327636719e-02 2.556586265563964844e-02 3.511285781860351562e-02 0.000000000000000000e+00 0.000000000000000000e+00 0.000000000000000000e+00 0.000000000000000000e+00 0.000000000000000000e+00 0.000000000000000000e+00 0.000000000000000000e+00
1.022505760192871094e-02 1.091003417968750000e-02 3.976011276245117188e-02 3.302693367004394531e-02 0.000000000000000000e+00 0.000000000000000000e+00 0.000000000000000000e+00 0.000000000000000000e+00 0.000000000000000000e+00 0.000000000000000000e+00 0.000000000000000000e+00
1.021313667297363281e-02 0.000000000000000000e+00 0.000000000000000000e+00 0.000000000000000000e+00 0.000000000000000000e+00 0.000000000000000000e+00 0.000000000000000000e+00 0.000000000000000000e+00 0.000000000000000000e+00 0.000000000000000000e+00 0.000000000000000000e+00
1.001095771789550781e-02 1.078200340270996094e-02 2.238988876342773438e-02 3.509998321533203125e-02 0.000000000000000000e+00 0.000000000000000000e+00 0.000000000000000000e+00 0.000000000000000000e+00 0.000000000000000000e+00 0.000000000000000000e+00 0.000000000000000000e+00
1.021885871887207031e-02 1.090192794799804688e-02 3.203392028808593750e-02 1.266908645629882812e-02 3.324103355407714844e-02 0.000000000000000000e+00 0.000000000000000000e+00 0.000000000000000000e+00 0.000000000000000000e+00 0.000000000000000000e+00 0.000000000000000000e+00
1.015806198120117188e-02 0.000000000000000000e+00 0.000000000000000000e+00 0.000000000000000000e+00 0.000000000000000000e+00 0.000000000000000000e+00 0.000000000000000000e+00 0.000000000000000000e+00 0.000000000000000000e+00 0.000000000000000000e+00 0.000000000000000000e+00
1.062393188476562500e-02 1.131415367126464844e-02 2.777385711669921875e-02 1.236200332641601562e-02 2.718400955200195312e-02 1.955641031265258789e+00 4.301095008850097656e-02 3.603291511535644531e-02 0.000000000000000000e+00 0.000000000000000000e+00 0.000000000000000000e+00
1.079106330871582031e-02 1.192998886108398438e-02 2.761387825012207031e-02 1.936197280883789062e-02 2.998304367065429688e-02 1.992928028106689453e+00 4.057097434997558594e-02 6.145787239074707031e-02 6.183004379272460938e-02 0.000000000000000000e+00 0.000000000000000000e+00
1.026082038879394531e-02 1.084589958190917969e-02 2.314305305480957031e-02 1.138901710510253906e-02 3.788900375366210938e-02 1.951175928115844727e+00 0.000000000000000000e+00 0.000000000000000000e+00 0.000000000000000000e+00 0.000000000000000000e+00 0.000000000000000000e+00
1.013302803039550781e-02 1.085996627807617188e-02 3.064489364624023438e-02 1.237297058105468750e-02 4.352688789367675781e-02 0.000000000000000000e+00 0.000000000000000000e+00 0.000000000000000000e+00 0.000000000000000000e+00 0.000000000000000000e+00 0.000000000000000000e+00
1.043295860290527344e-02 1.085805892944335938e-02 2.996683120727539062e-02 1.133298873901367188e-02 3.039193153381347656e-02 1.955604076385498047e+00 5.376791954040527344e-02 4.454803466796875000e-02 0.000000000000000000e+00 0.000000000000000000e+00 0.000000000000000000e+00
1.017713546752929688e-02 1.105499267578125000e-02 2.950406074523925781e-02 0.000000000000000000e+00 0.000000000000000000e+00 0.000000000000000000e+00 0.000000000000000000e+00 0.000000000000000000e+00 0.000000000000000000e+00 0.000000000000000000e+00 0.000000000000000000e+00
1.027393341064453125e-02 1.088809967041015625e-02 2.443099021911621094e-02 0.000000000000000000e+00 0.000000000000000000e+00 0.000000000000000000e+00 0.000000000000000000e+00 0.000000000000000000e+00 0.000000000000000000e+00 0.000000000000000000e+00 0.000000000000000000e+00
