1.240992546081542969e-02 1.312088966369628906e-02 2.763485908508300781e-02 1.329803466796875000e-02 2.985906600952148438e-02 2.189929008483886719e+00 5.125617980957031250e-02 4.634904861450195312e-02 3.725719451904296875e-02 2.934789657592773438e-02 2.602979898452758789e+00
1.189184188842773438e-02 1.262307167053222656e-02 2.370595932006835938e-02 0.000000000000000000e+00 0.000000000000000000e+00 0.000000000000000000e+00 0.000000000000000000e+00 0.000000000000000000e+00 0.000000000000000000e+00 0.000000000000000000e+00 0.000000000000000000e+00
1.210403442382812500e-02 1.261401176452636719e-02 2.259397506713867188e-02 1.327800750732421875e-02 3.188705444335937500e-02 0.000000000000000000e+00 0.000000000000000000e+00 0.000000000000000000e+00 0.000000000000000000e+00 0.000000000000000000e+00 0.000000000000000000e+00
1.197314262390136719e-02 1.268005371093750000e-02 2.432489395141601562e-02 2.694582939147949219e-02 0.000000000000000000e+00 0.000000000000000000e+00 0.000000000000000000e+00 0.000000000000000000e+00 0.000000000000000000e+00 0.000000000000000000e+00 0.000000000000000000e+00
1.202487945556640625e-02 1.268291473388671875e-02 2.444505691528320312e-02 3.243303298950195312e-02 2.703309059143066406e-02 2.174751043319702148e+00 4.285216331481933594e-02 3.894090652465820312e-02 3.918409347534179688e-02 0.000000000000000000e+00 0.000000000000000000e+00
1.203393936157226562e-02 1.267409324645996094e-02 2.405691146850585938e-02 1.323103904724121094e-02 2.904605865478515625e-02 2.484091043472290039e+00 5.886793136596679688e-02 5.829596519470214844e-02 0.000000000000000000e+00 0.000000000000000000e+00 0.000000000000000000e+00
1.209521293640136719e-02 1.623415946960449219e-02 0.000000000000000000e+00 0.000000000000000000e+00 0.000000000000000000e+00 0.000000000000000000e+00 0.000000000000000000e+00 0.000000000000000000e+00 0.000000000000000000e+00 0.000000000000000000e+00 0.000000000000000000e+00
1.522898674011230469e-02 1.570105552673339844e-02 3.824782371520996094e-02 2.619481086730957031e-02 0.000000000000000000e+00 0.000000000000000000e+00 0.000000000000000000e+00 0.000000000000000000e+00 0.000000000000000000e+00 0.000000000000000000e+00 0.000000000000000000e+00
1.199889183044433594e-02 1.272392272949218750e-02 2.744483947753906250e-02 2.577900886535644531e-02 0.000000000000000000e+00 0.000000000000000000e+00 0.000000000000000000e+00 0.000000000000000000e+00 0.000000000000000000e+00 0.000000000000000000e+00 0.000000000000000000e+00
1.195907592773437500e-02 0.000000000000000000e+00 0.000000000000000000e+00 0.000000000000000000e+00 0.000000000000000000e+00 0.000000000000000000e+00 0.000000000000000000e+00 0.000000000000000000e+00 0.000000000000000000e+00 0.000000000000000000e+00 0.000000000000000000e+00
1.188492774963378906e-02 1.269006729125976562e-02 2.173304557800292969e-02 3.184700012207031250e-02 0.000000000000000000e+00 0.000000000000000000e+00 0.000000000000000000e+00 0.000000000000000000e+00 0.000000000000000000e+00 0.000000000000000000e+00 0.000000000000000000e+00
1.192498207092285156e-02 1.263594627380371094e-02 2.911305427551269531e-02 1.312899589538574219e-02 3.104591369628906250e-02 0.000000000000000000e+00 0.000000000000000000e+00 0.000000000000000000e+00 0.000000000000000000e+00 0.000000000000000000e+00 0.000000000000000000e+00
1.200914382934570312e-02 0.000000000000000000e+00 0.000000000000000000e+00 0.000000000000000000e+00 0.000000000000000000e+00 0.000000000000000000e+00 0.000000000000000000e+00 0.000000000000000000e+00 0.000000000000000000e+00 0.000000000000000000e+00 0.000000000000000000e+00
1.190114021301269531e-02 1.263403892517089844e-02 2.287888526916503906e-02 1.328802108764648438e-02 2.921605110168457031e-02 2.159608125686645508e+00 3.894591331481933594e-02 4.741501808166503906e-02 0.000000000000000000e+00 0.000000000000000000e+00 0.000000000000000000e+00
1.196408271789550781e-02 1.268100738525390625e-02 3.324890136718750000e-02 2.946400642395019531e-02 2.737712860107421875e-02 2.593356132507324219e+00 4.438495635986328125e-02 6.028103828430175781e-02 6.512594223022460938e-02 0.000000000000000000e+00 0.000000000000000000e+00
1.206898689270019531e-02 1.269507408142089844e-02 2.553701400756835938e-02 1.307082176208496094e-02 2.729010581970214844e-02 2.486014842987060547e+00 0.000000000000000000e+00 0.000000000000000000e+00 0.000000000000000000e+00 0.000000000000000000e+00 0.000000000000000000e+00
1.199388504028320312e-02 1.259589195251464844e-02 2.968811988830566406e-02 1.326298713684082031e-02 2.937602996826171875e-02 0.000000000000000000e+00 0.000000000000000000e+00 0.000000000000000000e+00 0.000000000000000000e+00 0.000000000000000000e+00 0.000000000000000000e+00
1.186895370483398438e-02 1.271319389343261719e-02 2.170801162719726562e-02 1.306295394897460938e-02 3.065490722656250000e-02 2.164824962615966797e+00 5.065894126892089844e-02 3.967499732971191406e-02 0.000000000000000000e+00 0.000000000000000000e+00 0.000000000000000000e+00
1.199603080749511719e-02 1.274394989013671875e-02 2.321290969848632812e-02 0.000000000000000000e+00 0.000000000000000000e+00 0.000000000000000000e+00 0.000000000000000000e+00 0.000000000000000000e+00 0.000000000000000000e+00 0.000000000000000000e+00 0.000000000000000000e+00
1.206803321838378906e-02 1.268315315246582031e-02 2.927517890930175781e-02 0.000000000000000000e+00 0.000000000000000000e+00 0.000000000000000000e+00 0.000000000000000000e+00 0.000000000000000000e+00 0.000000000000000000e+00 0.000000000000000000e+00 0.000000000000000000e+00
