1.117300987243652344e-02 1.169896125793457031e-02 3.238797187805175781e-02 0.000000000000000000e+00 0.000000000000000000e+00 0.000000000000000000e+00 0.000000000000000000e+00 0.000000000000000000e+00 0.000000000000000000e+00 0.000000000000000000e+00 0.000000000000000000e+00 0.000000000000000000e+00 0.000000000000000000e+00 0.000000000000000000e+00
1.053094863891601562e-02 1.101207733154296875e-02 2.692890167236328125e-02 2.618885040283203125e-02 0.000000000000000000e+00 0.000000000000000000e+00 0.000000000000000000e+00 0.000000000000000000e+00 0.000000000000000000e+00 0.000000000000000000e+00 0.000000000000000000e+00 0.000000000000000000e+00 0.000000000000000000e+00 0.000000000000000000e+00
1.040291786193847656e-02 1.104402542114257812e-02 3.343701362609863281e-02 1.287102699279785156e-02 2.383708953857421875e-02 2.021697998046875000e+00 0.000000000000000000e+00 0.000000000000000000e+00 0.000000000000000000e+00 0.000000000000000000e+00 0.000000000000000000e+00 0.000000000000000000e+00 0.000000000000000000e+00 0.000000000000000000e+00
1.017808914184570312e-02 1.092505455017089844e-02 3.899097442626953125e-02 2.791094779968261719e-02 2.000594139099121094e-02 2.107606172561645508e+00 4.287314414978027344e-02 0.000000000000000000e+00 0.000000000000000000e+00 0.000000000000000000e+00 0.000000000000000000e+00 0.000000000000000000e+00 0.000000000000000000e+00 0.000000000000000000e+00
1.034712791442871094e-02 1.093196868896484375e-02 3.032493591308593750e-02 2.367401123046875000e-02 1.990509033203125000e-02 2.396375894546508789e+00 1.206588745117187500e-02 1.229405403137207031e-02 1.251196861267089844e-02 1.409292221069335938e-02 2.558411121368408203e+00 0.000000000000000000e+00 0.000000000000000000e+00 0.000000000000000000e+00
1.013779640197753906e-02 1.085090637207031250e-02 0.000000000000000000e+00 0.000000000000000000e+00 0.000000000000000000e+00 0.000000000000000000e+00 0.000000000000000000e+00 0.000000000000000000e+00 0.000000000000000000e+00 0.000000000000000000e+00 0.000000000000000000e+00 0.000000000000000000e+00 0.000000000000000000e+00 0.000000000000000000e+00
1.001310348510742188e-02 1.081299781799316406e-02 2.455496788024902344e-02 3.185200691223144531e-02 3.661799430847167969e-02 1.972051143646240234e+00 3.999495506286621094e-02 4.988408088684082031e-02 0.000000000000000000e+00 0.000000000000000000e+00 0.000000000000000000e+00 0.000000000000000000e+00 0.000000000000000000e+00 0.000000000000000000e+00
1.037597656250000000e-02 1.098585128784179688e-02 3.332901000976562500e-02 4.486894607543945312e-02 4.515600204467773438e-02 2.039463043212890625e+00 4.004693031311035156e-02 3.896689414978027344e-02 4.415702819824218750e-02 3.730916976928710938e-02 0.000000000000000000e+00 0.000000000000000000e+00 0.000000000000000000e+00 0.000000000000000000e+00
1.015996932983398438e-02 1.089310646057128906e-02 2.680206298828125000e-02 2.792906761169433594e-02 2.357196807861328125e-02 2.701615095138549805e+00 1.202988624572753906e-02 1.231408119201660156e-02 1.258993148803710938e-02 1.283478736877441406e-02 2.872838020324707031e+00 3.943705558776855469e-02 4.954695701599121094e-02 4.260897636413574219e-02
1.028990745544433594e-02 1.095914840698242188e-02 3.316307067871093750e-02 0.000000000000000000e+00 0.000000000000000000e+00 0.000000000000000000e+00 0.000000000000000000e+00 0.000000000000000000e+00 0.000000000000000000e+00 0.000000000000000000e+00 0.000000000000000000e+00 0.000000000000000000e+00 0.000000000000000000e+00 0.000000000000000000e+00
1.082515716552734375e-02 1.104497909545898438e-02 2.467393875122070312e-02 0.000000000000000000e+00 0.000000000000000000e+00 0.000000000000000000e+00 0.000000000000000000e+00 0.000000000000000000e+00 0.000000000000000000e+00 0.000000000000000000e+00 0.000000000000000000e+00 0.000000000000000000e+00 0.000000000000000000e+00 0.000000000000000000e+00
1.024889945983886719e-02 1.089811325073242188e-02 0.000000000000000000e+00 0.000000000000000000e+00 0.000000000000000000e+00 0.000000000000000000e+00 0.000000000000000000e+00 0.000000000000000000e+00 0.000000000000000000e+00 0.000000000000000000e+00 0.000000000000000000e+00 0.000000000000000000e+00 0.000000000000000000e+00 0.000000000000000000e+00
1.007890701293945312e-02 0.000000000000000000e+00 0.000000000000000000e+00 0.000000000000000000e+00 0.000000000000000000e+00 0.000000000000000000e+00 0.000000000000000000e+00 0.000000000000000000e+00 0.000000000000000000e+00 0.000000000000000000e+00 0.000000000000000000e+00 0.000000000000000000e+00 0.000000000000000000e+00 0.000000000000000000e+00
1.009202003479003906e-02 1.091313362121582031e-02 2.807307243347167969e-02 0.000000000000000000e+00 0.000000000000000000e+00 0.000000000000000000e+00 0.000000000000000000e+00 0.000000000000000000e+00 0.000000000000000000e+00 0.000000000000000000e+00 0.000000000000000000e+00 0.000000000000000000e+00 0.000000000000000000e+00 0.000000000000000000e+00
1.012611389160156250e-02 1.090121269226074219e-02 4.087519645690917969e-02 2.902388572692871094e-02 2.925610542297363281e-02 2.312091827392578125e+00 4.359292984008789062e-02 4.819989204406738281e-02 0.000000000000000000e+00 0.000000000000000000e+00 0.000000000000000000e+00 0.000000000000000000e+00 0.000000000000000000e+00 0.000000000000000000e+00
1.033902168273925781e-02 1.091909408569335938e-02 2.671408653259277344e-02 0.000000000000000000e+00 0.000000000000000000e+00 0.000000000000000000e+00 0.000000000000000000e+00 0.000000000000000000e+00 0.000000000000000000e+00 0.000000000000000000e+00 0.000000000000000000e+00 0.000000000000000000e+00 0.000000000000000000e+00 0.000000000000000000e+00
1.086282730102539062e-02 1.099300384521484375e-02 3.043222427368164062e-02 1.135897636413574219e-02 3.409695625305175781e-02 2.412999153137207031e+00 4.124283790588378906e-02 0.000000000000000000e+00 0.000000000000000000e+00 0.000000000000000000e+00 0.000000000000000000e+00 0.000000000000000000e+00 0.000000000000000000e+00 0.000000000000000000e+00
1.034379005432128906e-02 0.000000000000000000e+00 0.000000000000000000e+00 0.000000000000000000e+00 0.000000000000000000e+00 0.000000000000000000e+00 0.000000000000000000e+00 0.000000000000000000e+00 0.000000000000000000e+00 0.000000000000000000e+00 0.000000000000000000e+00 0.000000000000000000e+00 0.000000000000000000e+00 0.000000000000000000e+00
1.021504402160644531e-02 1.135301589965820312e-02 0.000000000000000000e+00 0.000000000000000000e+00 0.000000000000000000e+00 0.000000000000000000e+00 0.000000000000000000e+00 0.000000000000000000e+00 0.000000000000000000e+00 0.000000000000000000e+00 0.000000000000000000e+00 0.000000000000000000e+00 0.000000000000000000e+00 0.000000000000000000e+00
1.032185554504394531e-02 1.099300384521484375e-02 3.786277770996093750e-02 0.000000000000000000e+00 0.000000000000000000e+00 0.000000000000000000e+00 0.000000000000000000e+00 0.000000000000000000e+00 0.000000000000000000e+00 0.000000000000000000e+00 0.000000000000000000e+00 0.000000000000000000e+00 0.000000000000000000e+00 0.000000000000000000e+00
