1.261401176452636719e-02 1.289796829223632812e-02 2.499794960021972656e-02 0.000000000000000000e+00 0.000000000000000000e+00 0.000000000000000000e+00 0.000000000000000000e+00 0.000000000000000000e+00 0.000000000000000000e+00 0.000000000000000000e+00 0.000000000000000000e+00 0.000000000000000000e+00 0.000000000000000000e+00 0.000000000000000000e+00
1.221513748168945312e-02 1.274800300598144531e-02 2.865219116210937500e-02 3.619098663330078125e-02 0.000000000000000000e+00 0.000000000000000000e+00 0.000000000000000000e+00 0.000000000000000000e+00 0.000000000000000000e+00 0.000000000000000000e+00 0.000000000000000000e+00 0.000000000000000000e+00 0.000000000000000000e+00 0.000000000000000000e+00
1.191592216491699219e-02 1.274800300598144531e-02 2.800798416137695312e-02 1.333999633789062500e-02 2.859401702880859375e-02 2.235383987426757812e+00 0.000000000000000000e+00 0.000000000000000000e+00 0.000000000000000000e+00 0.000000000000000000e+00 0.000000000000000000e+00 0.000000000000000000e+00 0.000000000000000000e+00 0.000000000000000000e+00
1.205992698669433594e-02 1.271700859069824219e-02 2.657485008239746094e-02 3.654003143310546875e-02 2.224087715148925781e-02 2.306268930435180664e+00 4.473400115966796875e-02 0.000000000000000000e+00 0.000000000000000000e+00 0.000000000000000000e+00 0.000000000000000000e+00 0.000000000000000000e+00 0.000000000000000000e+00 0.000000000000000000e+00
1.220703125000000000e-02 1.274299621582031250e-02 2.332997322082519531e-02 2.895188331604003906e-02 2.023911476135253906e-02 2.489009857177734375e+00 1.394605636596679688e-02 1.405501365661621094e-02 1.435089111328125000e-02 1.790904998779296875e-02 2.876288890838623047e+00 0.000000000000000000e+00 0.000000000000000000e+00 0.000000000000000000e+00
1.421594619750976562e-02 1.541304588317871094e-02 0.000000000000000000e+00 0.000000000000000000e+00 0.000000000000000000e+00 0.000000000000000000e+00 0.000000000000000000e+00 0.000000000000000000e+00 0.000000000000000000e+00 0.000000000000000000e+00 0.000000000000000000e+00 0.000000000000000000e+00 0.000000000000000000e+00 0.000000000000000000e+00
1.534295082092285156e-02 1.600193977355957031e-02 3.422689437866210938e-02 2.757716178894042969e-02 3.838396072387695312e-02 2.308268070220947266e+00 3.847098350524902344e-02 4.900383949279785156e-02 0.000000000000000000e+00 0.000000000000000000e+00 0.000000000000000000e+00 0.000000000000000000e+00 0.000000000000000000e+00 0.000000000000000000e+00
1.221418380737304688e-02 1.274704933166503906e-02 2.711582183837890625e-02 2.521920204162597656e-02 4.043793678283691406e-02 2.421421051025390625e+00 5.397009849548339844e-02 5.720996856689453125e-02 4.376697540283203125e-02 4.955983161926269531e-02 0.000000000000000000e+00 0.000000000000000000e+00 0.000000000000000000e+00 0.000000000000000000e+00
1.209115982055664062e-02 1.360797882080078125e-02 2.815508842468261719e-02 4.185390472412109375e-02 4.781985282897949219e-02 2.864284992218017578e+00 1.392912864685058594e-02 1.416397094726562500e-02 1.445198059082031250e-02 1.466894149780273438e-02 2.978386163711547852e+00 3.443789482116699219e-02 5.552911758422851562e-02 4.160404205322265625e-02
1.212096214294433594e-02 1.276206970214843750e-02 2.974295616149902344e-02 0.000000000000000000e+00 0.000000000000000000e+00 0.000000000000000000e+00 0.000000000000000000e+00 0.000000000000000000e+00 0.000000000000000000e+00 0.000000000000000000e+00 0.000000000000000000e+00 0.000000000000000000e+00 0.000000000000000000e+00 0.000000000000000000e+00
1.214599609375000000e-02 1.280903816223144531e-02 2.898383140563964844e-02 0.000000000000000000e+00 0.000000000000000000e+00 0.000000000000000000e+00 0.000000000000000000e+00 0.000000000000000000e+00 0.000000000000000000e+00 0.000000000000000000e+00 0.000000000000000000e+00 0.000000000000000000e+00 0.000000000000000000e+00 0.000000000000000000e+00
1.226592063903808594e-02 1.268291473388671875e-02 0.000000000000000000e+00 0.000000000000000000e+00 0.000000000000000000e+00 0.000000000000000000e+00 0.000000000000000000e+00 0.000000000000000000e+00 0.000000000000000000e+00 0.000000000000000000e+00 0.000000000000000000e+00 0.000000000000000000e+00 0.000000000000000000e+00 0.000000000000000000e+00
1.200008392333984375e-02 0.000000000000000000e+00 0.000000000000000000e+00 0.000000000000000000e+00 0.000000000000000000e+00 0.000000000000000000e+00 0.000000000000000000e+00 0.000000000000000000e+00 0.000000000000000000e+00 0.000000000000000000e+00 0.000000000000000000e+00 0.000000000000000000e+00 0.000000000000000000e+00 0.000000000000000000e+00
1.205301284790039062e-02 1.271796226501464844e-02 3.488898277282714844e-02 0.000000000000000000e+00 0.000000000000000000e+00 0.000000000000000000e+00 0.000000000000000000e+00 0.000000000000000000e+00 0.000000000000000000e+00 0.000000000000000000e+00 0.000000000000000000e+00 0.000000000000000000e+00 0.000000000000000000e+00 0.000000000000000000e+00
1.214194297790527344e-02 1.276993751525878906e-02 2.401399612426757812e-02 2.496218681335449219e-02 4.099798202514648438e-02 2.486819028854370117e+00 3.539490699768066406e-02 4.320287704467773438e-02 0.000000000000000000e+00 0.000000000000000000e+00 0.000000000000000000e+00 0.000000000000000000e+00 0.000000000000000000e+00 0.000000000000000000e+00
1.210904121398925781e-02 1.272702217102050781e-02 2.279591560363769531e-02 0.000000000000000000e+00 0.000000000000000000e+00 0.000000000000000000e+00 0.000000000000000000e+00 0.000000000000000000e+00 0.000000000000000000e+00 0.000000000000000000e+00 0.000000000000000000e+00 0.000000000000000000e+00 0.000000000000000000e+00 0.000000000000000000e+00
1.205110549926757812e-02 1.267194747924804688e-02 2.219200134277343750e-02 1.323819160461425781e-02 2.677607536315917969e-02 2.478551864624023438e+00 3.660798072814941406e-02 0.000000000000000000e+00 0.000000000000000000e+00 0.000000000000000000e+00 0.000000000000000000e+00 0.000000000000000000e+00 0.000000000000000000e+00 0.000000000000000000e+00
1.201581954956054688e-02 0.000000000000000000e+00 0.000000000000000000e+00 0.000000000000000000e+00 0.000000000000000000e+00 0.000000000000000000e+00 0.000000000000000000e+00 0.000000000000000000e+00 0.000000000000000000e+00 0.000000000000000000e+00 0.000000000000000000e+00 0.000000000000000000e+00 0.000000000000000000e+00 0.000000000000000000e+00
1.194691658020019531e-02 1.275491714477539062e-02 0.000000000000000000e+00 0.000000000000000000e+00 0.000000000000000000e+00 0.000000000000000000e+00 0.000000000000000000e+00 0.000000000000000000e+00 0.000000000000000000e+00 0.000000000000000000e+00 0.000000000000000000e+00 0.000000000000000000e+00 0.000000000000000000e+00 0.000000000000000000e+00
1.186490058898925781e-02 1.270985603332519531e-02 2.479100227355957031e-02 0.000000000000000000e+00 0.000000000000000000e+00 0.000000000000000000e+00 0.000000000000000000e+00 0.000000000000000000e+00 0.000000000000000000e+00 0.000000000000000000e+00 0.000000000000000000e+00 0.000000000000000000e+00 0.000000000000000000e+00 0.000000000000000000e+00
