7.990121841430664062e-03 7.532119750976562500e-03 1.046395301818847656e-02 1.278400421142578125e-02 1.651501655578613281e-02 1.878309249877929688e-02 2.303695678710937500e-02 1.820683479309082031e-02 2.118992805480957031e-02 2.271819114685058594e-02 2.239489555358886719e-02 2.520298957824707031e-02 2.496385574340820312e-02 2.793407440185546875e-02 2.999806404113769531e-02 2.946090698242187500e-02 3.092002868652343750e-02 4.450488090515136719e-02 3.383898735046386719e-02 3.439402580261230469e-02
6.093978881835937500e-03 7.699966430664062500e-03 1.189684867858886719e-02 1.083183288574218750e-02 1.210498809814453125e-02 1.453900337219238281e-02 1.528811454772949219e-02 1.671385765075683594e-02 1.782298088073730469e-02 2.041888236999511719e-02 2.298808097839355469e-02 2.210593223571777344e-02 2.428603172302246094e-02 2.472496032714843750e-02 2.891898155212402344e-02 2.805399894714355469e-02 3.042101860046386719e-02 3.161311149597167969e-02 3.299903869628906250e-02 3.414177894592285156e-02
6.188869476318359375e-03 7.916927337646484375e-03 1.187396049499511719e-02 1.140880584716796875e-02 1.277494430541992188e-02 1.461815834045410156e-02 1.545286178588867188e-02 1.712107658386230469e-02 1.822686195373535156e-02 2.206015586853027344e-02 2.425694465637207031e-02 2.436399459838867188e-02 2.688813209533691406e-02 2.688407897949218750e-02 2.749800682067871094e-02 2.986693382263183594e-02 3.333091735839843750e-02 3.341102600097656250e-02 3.346514701843261719e-02 3.579688072204589844e-02
6.083011627197265625e-03 8.239984512329101562e-03 1.382613182067871094e-02 1.727700233459472656e-02 2.042293548583984375e-02 1.922798156738281250e-02 1.736593246459960938e-02 1.714801788330078125e-02 1.859498023986816406e-02 2.188801765441894531e-02 2.382493019104003906e-02 2.489995956420898438e-02 2.643990516662597656e-02 2.699398994445800781e-02 2.928209304809570312e-02 3.043889999389648438e-02 3.262305259704589844e-02 3.328990936279296875e-02 3.452491760253906250e-02 3.728485107421875000e-02
6.253957748413085938e-03 8.162975311279296875e-03 1.204085350036621094e-02 1.127195358276367188e-02 1.284503936767578125e-02 1.406502723693847656e-02 1.660394668579101562e-02 1.720190048217773438e-02 1.879000663757324219e-02 2.084779739379882812e-02 2.456212043762207031e-02 2.380084991455078125e-02 2.866792678833007812e-02 2.769494056701660156e-02 2.765798568725585938e-02 3.146982192993164062e-02 3.053498268127441406e-02 3.376722335815429688e-02 3.447198867797851562e-02 3.642797470092773438e-02
6.262063980102539062e-03 1.112985610961914062e-02 9.422063827514648438e-03 1.191210746765136719e-02 1.564621925354003906e-02 1.609587669372558594e-02 1.676893234252929688e-02 1.816892623901367188e-02 2.193808555603027344e-02 2.002000808715820312e-02 2.009892463684082031e-02 2.412390708923339844e-02 2.328896522521972656e-02 2.590012550354003906e-02 3.152704238891601562e-02 2.968811988830566406e-02 3.036189079284667969e-02 3.387284278869628906e-02 3.292512893676757812e-02 3.390097618103027344e-02
6.202936172485351562e-03 1.109409332275390625e-02 8.869886398315429688e-03 1.996588706970214844e-02 1.388597488403320312e-02 1.332402229309082031e-02 1.418209075927734375e-02 1.566195487976074219e-02 1.908016204833984375e-02 2.169895172119140625e-02 2.284693717956542969e-02 2.252411842346191406e-02 2.645015716552734375e-02 2.506184577941894531e-02 2.737379074096679688e-02 2.807092666625976562e-02 2.964305877685546875e-02 3.169393539428710938e-02 3.328609466552734375e-02 3.441596031188964844e-02
6.436109542846679688e-03 8.741855621337890625e-03 1.142787933349609375e-02 1.038503646850585938e-02 1.274108886718750000e-02 1.476287841796875000e-02 1.682186126708984375e-02 1.740097999572753906e-02 1.824998855590820312e-02 1.988101005554199219e-02 2.270317077636718750e-02 2.391505241394042969e-02 3.415393829345703125e-02 3.094100952148437500e-02 2.729487419128417969e-02 3.074789047241210938e-02 3.162312507629394531e-02 3.277397155761718750e-02 3.385210037231445312e-02 3.486204147338867188e-02
6.515026092529296875e-03 7.819890975952148438e-03 1.016712188720703125e-02 1.449990272521972656e-02 1.538586616516113281e-02 1.534485816955566406e-02 1.740789413452148438e-02 1.907396316528320312e-02 2.050113677978515625e-02 2.198195457458496094e-02 2.064609527587890625e-02 2.410221099853515625e-02 2.402400970458984375e-02 2.646398544311523438e-02 2.752208709716796875e-02 2.854299545288085938e-02 3.156185150146484375e-02 3.157186508178710938e-02 3.258681297302246094e-02 3.444290161132812500e-02
6.227016448974609375e-03 7.761955261230468750e-03 1.045107841491699219e-02 1.282095909118652344e-02 1.504111289978027344e-02 1.603221893310546875e-02 1.711201667785644531e-02 1.879715919494628906e-02 2.119708061218261719e-02 2.142691612243652344e-02 2.315688133239746094e-02 2.512097358703613281e-02 2.320194244384765625e-02 2.813792228698730469e-02 2.796912193298339844e-02 2.730989456176757812e-02 3.082203865051269531e-02 3.337287902832031250e-02 3.379607200622558594e-02 3.399300575256347656e-02
