1.881784434708091147e-01 1.881784434708091147e-01 2.899464464161263105e-02 2.925282093121465699e-01 0.000000000000000000e+00 8.334472903895807916e-02 2.899464464161263105e-02 2.899464464161263105e-02 2.899464464161263105e-02 2.899464464161263105e-02 2.899464464161263105e-02 2.899464464161263105e-02 2.899464464161263105e-02 3.601263101748872208e-02 6.500727565910134620e-02 0.000000000000000000e+00 0.000000000000000000e+00 0.000000000000000000e+00 2.899464464161263105e-02 2.899464464161263105e-02
3.105785982194995618e-02 4.428131980663603680e-04 9.519554882809910801e-02 4.428131980663603680e-04 4.428131980663603680e-04 4.428131980663603680e-04 4.428131980663603680e-04 9.519554882809910801e-02 9.519554882809910801e-02 9.519554882809910801e-02 4.428131980663603680e-04 4.428131980663603680e-04 4.428131980663603680e-04 4.428131980663603680e-04 4.428131980663603680e-04 4.428131980663603680e-04 4.428131980663603680e-04 4.428131980663603680e-04 4.428131980663603680e-04 4.428131980663603680e-04
1.296467874713474189e-01 -1.748252962036784641e-16 3.826050087323352999e-02 3.826050087323352999e-02 3.426070631003210742e-01 3.426070631003210742e-01 3.426070631003210742e-01 3.426070631003210742e-01 3.426070631003210742e-01 3.426070631003210742e-01 3.426070631003210742e-01 3.426070631003210742e-01 1.679072883445807685e-01 1.679072883445807685e-01 1.679072883445807685e-01 1.679072883445807685e-01 1.679072883445807685e-01 1.679072883445807685e-01 1.679072883445807685e-01 1.679072883445807685e-01
3.427903574350223415e-01 3.112072056964140798e-01 0.000000000000000000e+00 0.000000000000000000e+00 0.000000000000000000e+00 0.000000000000000000e+00 0.000000000000000000e+00 0.000000000000000000e+00 0.000000000000000000e+00 0.000000000000000000e+00 0.000000000000000000e+00 0.000000000000000000e+00 0.000000000000000000e+00 0.000000000000000000e+00 0.000000000000000000e+00 0.000000000000000000e+00 0.000000000000000000e+00 0.000000000000000000e+00 0.000000000000000000e+00 0.000000000000000000e+00
1.069632596380300921e-01 0.000000000000000000e+00 8.767451684618014773e-02 0.000000000000000000e+00 1.069632596380300921e-01 1.069632596380300921e-01 0.000000000000000000e+00 0.000000000000000000e+00 0.000000000000000000e+00 0.000000000000000000e+00 0.000000000000000000e+00 1.069632596380300921e-01 0.000000000000000000e+00 0.000000000000000000e+00 0.000000000000000000e+00 0.000000000000000000e+00 0.000000000000000000e+00 0.000000000000000000e+00 0.000000000000000000e+00 0.000000000000000000e+00
0.000000000000000000e+00 6.503542689957288181e-02 1.671457356745745804e-01 6.503542689957288181e-02 3.003297968495552972e-01 3.003297968495552972e-01 3.003297968495552972e-01 0.000000000000000000e+00 0.000000000000000000e+00 0.000000000000000000e+00 0.000000000000000000e+00 0.000000000000000000e+00 0.000000000000000000e+00 0.000000000000000000e+00 0.000000000000000000e+00 0.000000000000000000e+00 0.000000000000000000e+00 0.000000000000000000e+00 0.000000000000000000e+00 0.000000000000000000e+00
3.419273835491628000e-01 4.165560130540877926e-01 7.462862950492486769e-02 7.462862950492486769e-02 0.000000000000000000e+00 0.000000000000000000e+00 0.000000000000000000e+00 4.866423295736689580e-02 0.000000000000000000e+00 7.462862950492486769e-02 7.462862950492486769e-02 7.462862950492486769e-02 0.000000000000000000e+00 0.000000000000000000e+00 0.000000000000000000e+00 0.000000000000000000e+00 0.000000000000000000e+00 0.000000000000000000e+00 0.000000000000000000e+00 0.000000000000000000e+00
3.621739709297997489e-01 3.621739709297997489e-01 9.218202030879167619e-02 1.479152876908902126e-01 1.479152876908902126e-01 1.479152876908902126e-01 1.479152876908902126e-01 5.573326738209827269e-02 5.573326738209827269e-02 5.573326738209827269e-02 5.573326738209827269e-02 5.573326738209827269e-02 5.573326738209827269e-02 5.573326738209827269e-02 0.000000000000000000e+00 0.000000000000000000e+00 0.000000000000000000e+00 0.000000000000000000e+00 0.000000000000000000e+00 0.000000000000000000e+00
4.979735306824199514e-01 1.530164951434903331e-01 0.000000000000000000e+00 0.000000000000000000e+00 3.449570355389295906e-01 3.449570355389295906e-01 0.000000000000000000e+00 0.000000000000000000e+00 1.951817151731632116e-01 0.000000000000000000e+00 0.000000000000000000e+00 0.000000000000000000e+00 0.000000000000000000e+00 0.000000000000000000e+00 0.000000000000000000e+00 0.000000000000000000e+00 0.000000000000000000e+00 0.000000000000000000e+00 0.000000000000000000e+00 0.000000000000000000e+00
0.000000000000000000e+00 1.231891772687030151e-01 2.841081755188568092e-01 1.231891772687030151e-01 5.198265545249754205e-02 5.198265545249754205e-02 5.198265545249754205e-02 5.198265545249754205e-02 5.198265545249754205e-02 5.198265545249754205e-02 5.198265545249754205e-02 5.198265545249754205e-02 5.198265545249754205e-02 5.198265545249754205e-02 0.000000000000000000e+00 0.000000000000000000e+00 0.000000000000000000e+00 0.000000000000000000e+00 0.000000000000000000e+00 0.000000000000000000e+00
