2.371668657830392213e-01
3.085955771726340280e-01
2.386778662230094605e-01
2.489231375099990873e-01
2.520643454595147825e-01
1.938139266436437746e-01
2.146999330068729561e-01
2.116357414021331484e-01
2.009840641134078565e-01
2.956354382120461310e-01
2.865385086616775712e-01
2.931723106414662050e-01
2.712815233955999661e-01
1.783648292963146142e-01
1.920122691342356913e-01
2.324694865689375112e-01
2.477417640594022086e-01
2.470933757333824698e-01
2.470933757333824698e-01
2.731362964696095741e-01
