1.663696883048558506e-01
1.721664085326800597e-01
1.095702297251656548e-01
1.106558172871172502e-01
1.368249315090892537e-01
1.111959412536119990e-01
5.719004032220362937e-02
1.312672074828369513e-02
8.235356518931775255e-03
0.000000000000000000e+00
0.000000000000000000e+00
0.000000000000000000e+00
0.000000000000000000e+00
0.000000000000000000e+00
0.000000000000000000e+00
0.000000000000000000e+00
0.000000000000000000e+00
0.000000000000000000e+00
0.000000000000000000e+00
0.000000000000000000e+00
