3.487491607666015625e-02
2.532100677490234375e-02
2.789092063903808594e-02
2.986598014831542969e-02
3.096294403076171875e-02
3.360295295715332031e-02
3.632116317749023438e-02
3.668999671936035156e-02
3.964900970458984375e-02
4.066610336303710938e-02
4.235196113586425781e-02
4.607295989990234375e-02
4.982185363769531250e-02
4.963517189025878906e-02
5.049490928649902344e-02
6.815886497497558594e-02
5.525183677673339844e-02
5.721783638000488281e-02
6.249499320983886719e-02
6.495785713195800781e-02
3.563308715820312500e-02
4.925608634948730469e-02
2.880692481994628906e-02
4.688906669616699219e-02
4.733490943908691406e-02
5.221509933471679688e-02
4.237794876098632812e-02
5.433011054992675781e-02
6.678986549377441406e-02
5.666613578796386719e-02
6.026911735534667969e-02
6.536507606506347656e-02
6.268882751464843750e-02
6.677508354187011719e-02
7.374811172485351562e-02
7.213020324707031250e-02
7.428312301635742188e-02
8.205389976501464844e-02
8.305382728576660156e-02
8.313202857971191406e-02
3.419899940490722656e-02
4.021191596984863281e-02
2.958106994628906250e-02
3.288602828979492188e-02
3.726601600646972656e-02
3.929305076599121094e-02
4.054498672485351562e-02
4.327487945556640625e-02
4.530096054077148438e-02
4.344391822814941406e-02
4.425215721130371094e-02
5.318689346313476562e-02
4.920697212219238281e-02
5.120897293090820312e-02
5.724978446960449219e-02
5.800199508666992188e-02
5.747509002685546875e-02
5.991482734680175781e-02
6.296610832214355469e-02
6.321287155151367188e-02
3.655791282653808594e-02
4.874300956726074219e-02
6.680798530578613281e-02
6.372499465942382812e-02
5.775380134582519531e-02
6.216692924499511719e-02
6.410002708435058594e-02
6.903910636901855469e-02
6.287693977355957031e-02
6.237292289733886719e-02
6.677699089050292969e-02
6.846380233764648438e-02
6.700992584228515625e-02
7.324290275573730469e-02
7.905793190002441406e-02
7.477903366088867188e-02
8.645701408386230469e-02
7.387614250183105469e-02
9.840703010559082031e-02
9.761905670166015625e-02
3.581619262695312500e-02
4.260706901550292969e-02
8.614206314086914062e-02
4.904294013977050781e-02
3.145694732666015625e-02
3.346180915832519531e-02
3.551602363586425781e-02
3.736495971679687500e-02
3.944587707519531250e-02
4.285883903503417969e-02
4.348397254943847656e-02
4.537105560302734375e-02
4.740500450134277344e-02
4.911398887634277344e-02
5.163097381591796875e-02
5.349206924438476562e-02
5.872607231140136719e-02
6.628799438476562500e-02
6.851100921630859375e-02
7.755494117736816406e-02
3.215193748474121094e-02
4.301404953002929688e-02
7.143378257751464844e-02
4.796195030212402344e-02
5.173087120056152344e-02
5.302500724792480469e-02
5.083394050598144531e-02
6.366300582885742188e-02
5.253314971923828125e-02
5.756378173828125000e-02
6.339001655578613281e-02
5.995392799377441406e-02
8.801007270812988281e-02
6.882095336914062500e-02
6.619000434875488281e-02
6.532597541809082031e-02
6.706094741821289062e-02
8.019018173217773438e-02
7.387089729309082031e-02
7.963585853576660156e-02
3.249716758728027344e-02
3.918004035949707031e-02
4.805898666381835938e-02
4.404497146606445312e-02
4.554009437561035156e-02
3.577804565429687500e-02
3.672909736633300781e-02
3.676509857177734375e-02
3.835606575012207031e-02
4.390001296997070312e-02
4.300379753112792969e-02
4.976201057434082031e-02
5.211806297302246094e-02
5.173611640930175781e-02
5.397105216979980469e-02
5.577611923217773438e-02
5.769419670104980469e-02
6.402897834777832031e-02
6.943917274475097656e-02
6.996798515319824219e-02
3.135585784912109375e-02
5.301594734191894531e-02
6.804490089416503906e-02
6.720399856567382812e-02
6.772780418395996094e-02
3.345203399658203125e-02
3.453516960144042969e-02
4.037976264953613281e-02
3.843116760253906250e-02
4.042100906372070312e-02
4.232692718505859375e-02
4.426693916320800781e-02
4.579091072082519531e-02
4.772281646728515625e-02
4.978418350219726562e-02
5.189418792724609375e-02
5.373907089233398438e-02
6.914591789245605469e-02
5.806803703308105469e-02
5.995798110961914062e-02
3.152894973754882812e-02
3.800296783447265625e-02
7.715201377868652344e-02
6.556892395019531250e-02
5.928897857666015625e-02
2.972292900085449219e-02
3.186392784118652344e-02
3.964114189147949219e-02
3.679704666137695312e-02
3.845310211181640625e-02
4.085206985473632812e-02
4.837799072265625000e-02
4.345202445983886719e-02
4.538512229919433594e-02
4.751205444335937500e-02
4.986000061035156250e-02
5.182409286499023438e-02
5.344700813293457031e-02
5.532097816467285156e-02
5.705714225769042969e-02
3.129506111145019531e-02
4.377198219299316406e-02
4.859399795532226562e-02
6.219911575317382812e-02
5.822515487670898438e-02
2.987909317016601562e-02
3.164291381835937500e-02
3.361010551452636719e-02
3.544807434082031250e-02
3.753709793090820312e-02
3.948402404785156250e-02
4.155397415161132812e-02
4.381299018859863281e-02
4.566788673400878906e-02
4.784488677978515625e-02
5.133891105651855469e-02
5.398201942443847656e-02
5.547785758972167969e-02
6.282806396484375000e-02
5.850195884704589844e-02
3.248500823974609375e-02
4.195094108581542969e-02
6.415605545043945312e-02
5.996799468994140625e-02
4.967498779296875000e-02
5.243396759033203125e-02
4.990100860595703125e-02
5.553412437438964844e-02
4.919314384460449219e-02
5.746698379516601562e-02
4.991388320922851562e-02
5.735516548156738281e-02
6.180095672607421875e-02
6.721091270446777344e-02
6.430292129516601562e-02
6.442999839782714844e-02
7.837700843811035156e-02
7.234692573547363281e-02
7.308292388916015625e-02
7.961201667785644531e-02
3.134703636169433594e-02
3.678989410400390625e-02
7.041001319885253906e-02
3.168702125549316406e-02
3.371000289916992188e-02
3.371596336364746094e-02
3.668117523193359375e-02
3.861188888549804688e-02
3.768801689147949219e-02
3.982400894165039062e-02
4.158496856689453125e-02
4.363799095153808594e-02
4.836988449096679688e-02
4.966902732849121094e-02
5.145502090454101562e-02
5.351209640502929688e-02
5.531191825866699219e-02
5.500602722167968750e-02
5.790519714355468750e-02
6.211805343627929688e-02
3.438806533813476562e-02
4.382205009460449219e-02
5.671501159667968750e-02
2.543687820434570312e-02
2.566289901733398438e-02
2.778887748718261719e-02
2.972292900085449219e-02
3.500199317932128906e-02
3.366994857788085938e-02
3.564620018005371094e-02
3.760695457458496094e-02
3.958201408386230469e-02
4.444599151611328125e-02
4.592609405517578125e-02
4.938006401062011719e-02
4.756999015808105469e-02
4.952692985534667969e-02
5.415987968444824219e-02
5.389380455017089844e-02
5.773091316223144531e-02
3.465604782104492188e-02
4.456496238708496094e-02
2.806997299194335938e-02
4.386997222900390625e-02
4.931592941284179688e-02
5.114293098449707031e-02
5.463409423828125000e-02
5.175995826721191406e-02
5.603981018066406250e-02
6.054306030273437500e-02
5.418395996093750000e-02
6.198501586914062500e-02
6.517100334167480469e-02
6.463718414306640625e-02
6.665802001953125000e-02
6.742882728576660156e-02
7.020306587219238281e-02
7.456302642822265625e-02
7.489490509033203125e-02
8.274602890014648438e-02
3.132200241088867188e-02
2.240085601806640625e-02
2.437186241149902344e-02
2.629303932189941406e-02
2.832508087158203125e-02
3.029704093933105469e-02
3.226900100708007812e-02
3.538584709167480469e-02
3.616094589233398438e-02
3.817200660705566406e-02
4.009819030761718750e-02
4.205107688903808594e-02
4.515099525451660156e-02
4.598617553710937500e-02
4.802203178405761719e-02
4.999804496765136719e-02
5.187892913818359375e-02
5.401992797851562500e-02
5.585694313049316406e-02
7.113480567932128906e-02
3.130102157592773438e-02
3.792905807495117188e-02
4.797792434692382812e-02
5.868411064147949219e-02
5.471706390380859375e-02
5.598688125610351562e-02
6.061100959777832031e-02
6.266188621520996094e-02
6.532883644104003906e-02
6.738710403442382812e-02
6.707501411437988281e-02
6.913495063781738281e-02
6.948089599609375000e-02
7.709622383117675781e-02
7.888507843017578125e-02
7.469487190246582031e-02
8.378601074218750000e-02
8.648896217346191406e-02
8.671617507934570312e-02
8.703804016113281250e-02
3.470182418823242188e-02
4.185509681701660156e-02
7.028985023498535156e-02
4.863095283508300781e-02
5.702304840087890625e-02
5.600500106811523438e-02
5.543518066406250000e-02
6.120896339416503906e-02
6.099700927734375000e-02
6.775093078613281250e-02
6.249499320983886719e-02
6.574892997741699219e-02
6.117296218872070312e-02
6.456589698791503906e-02
7.484102249145507812e-02
6.865000724792480469e-02
6.050109863281250000e-02
7.400393486022949219e-02
7.060909271240234375e-02
8.248400688171386719e-02
3.136587142944335938e-02
4.072403907775878906e-02
7.466006278991699219e-02
5.561399459838867188e-02
5.706691741943359375e-02
5.857300758361816406e-02
6.201910972595214844e-02
6.292605400085449219e-02
6.294393539428710938e-02
6.406998634338378906e-02
6.060099601745605469e-02
7.602119445800781250e-02
7.577490806579589844e-02
8.380293846130371094e-02
8.213210105895996094e-02
7.976698875427246094e-02
8.161211013793945312e-02
9.263205528259277344e-02
8.922600746154785156e-02
8.758521080017089844e-02
3.126406669616699219e-02
3.683400154113769531e-02
5.429482460021972656e-02
6.533408164978027344e-02
5.150699615478515625e-02
6.100606918334960938e-02
6.298708915710449219e-02
6.687808036804199219e-02
6.861615180969238281e-02
6.869196891784667969e-02
7.103300094604492188e-02
7.226610183715820312e-02
6.966209411621093750e-02
7.098507881164550781e-02
7.381105422973632812e-02
7.581996917724609375e-02
7.803988456726074219e-02
8.038997650146484375e-02
8.260393142700195312e-02
8.513712882995605469e-02
3.409504890441894531e-02
4.473495483398437500e-02
6.015396118164062500e-02
6.682682037353515625e-02
5.461907386779785156e-02
5.933403968811035156e-02
4.496383666992187500e-02
4.374408721923828125e-02
4.235792160034179688e-02
4.792094230651855469e-02
5.509114265441894531e-02
5.671191215515136719e-02
5.046606063842773438e-02
6.115603446960449219e-02
5.429887771606445312e-02
6.847000122070312500e-02
7.031202316284179688e-02
8.177876472473144531e-02
1.111481189727783203e-01
8.456611633300781250e-02
