1.451992988586425781e-02 1.811885833740234375e-02 2.964687347412109375e-02 3.547906875610351562e-02 3.791499137878417969e-02 4.251599311828613281e-02 3.741407394409179688e-02 3.788995742797851562e-02 3.571796417236328125e-02 4.114699363708496094e-02 2.907013893127441406e-02 3.048110008239746094e-02 3.199505805969238281e-02 3.350687026977539062e-02 3.490686416625976562e-02 3.645300865173339844e-02 3.782105445861816406e-02 3.949594497680664062e-02 4.083800315856933594e-02 4.242205619812011719e-02
1.221895217895507812e-02 1.752901077270507812e-02 2.973294258117675781e-02 3.400015830993652344e-02 3.009486198425292969e-02 3.905296325683593750e-02 4.513502120971679688e-02 3.947806358337402344e-02 4.334497451782226562e-02 4.070806503295898438e-02 3.837203979492187500e-02 3.904390335083007812e-02 4.045295715332031250e-02 4.195189476013183594e-02 4.353594779968261719e-02 4.502606391906738281e-02 4.644107818603515625e-02 4.799699783325195312e-02 4.940509796142578125e-02 5.095505714416503906e-02
1.224493980407714844e-02 1.739501953125000000e-02 3.074693679809570312e-02 4.194808006286621094e-02 5.128812789916992188e-02 4.664397239685058594e-02 3.503513336181640625e-02 4.747891426086425781e-02 3.925299644470214844e-02 4.175686836242675781e-02 3.956794738769531250e-02 3.173184394836425781e-02 3.189396858215332031e-02 3.328394889831542969e-02 3.488802909851074219e-02 3.636884689331054688e-02 3.782892227172851562e-02 3.959798812866210938e-02 4.076790809631347656e-02 4.224491119384765625e-02
1.216888427734375000e-02 1.780009269714355469e-02 3.052496910095214844e-02 3.211498260498046875e-02 3.749513626098632812e-02 6.443095207214355469e-02 5.432701110839843750e-02 4.176092147827148438e-02 3.753495216369628906e-02 4.047107696533203125e-02 4.257106781005859375e-02 4.466104507446289062e-02 4.551196098327636719e-02 4.908800125122070312e-02 5.281901359558105469e-02 3.985905647277832031e-02 4.120612144470214844e-02 4.075407981872558594e-02 4.208803176879882812e-02 4.357695579528808594e-02
1.221108436584472656e-02 1.750302314758300781e-02 2.958798408508300781e-02 3.399205207824707031e-02 2.949500083923339844e-02 3.937888145446777344e-02 3.247189521789550781e-02 3.482294082641601562e-02 3.506207466125488281e-02 3.847384452819824219e-02 3.971910476684570312e-02 3.154706954956054688e-02 3.192019462585449219e-02 3.326106071472167969e-02 3.474903106689453125e-02 3.617978096008300781e-02 3.759479522705078125e-02 3.908610343933105469e-02 4.056000709533691406e-02 4.205083847045898438e-02
1.229000091552734375e-02 1.775813102722167969e-02 2.943110466003417969e-02 3.512501716613769531e-02 3.765201568603515625e-02 4.262685775756835938e-02 3.538703918457031250e-02 4.234910011291503906e-02 4.295301437377929688e-02 4.684901237487792969e-02 3.100085258483886719e-02 3.260493278503417969e-02 3.260993957519531250e-02 3.412699699401855469e-02 3.551602363586425781e-02 3.706693649291992188e-02 3.843283653259277344e-02 3.990101814270019531e-02 4.152297973632812500e-02 4.290294647216796875e-02
1.225113868713378906e-02 1.733613014221191406e-02 2.956199645996093750e-02 3.384184837341308594e-02 2.943301200866699219e-02 3.791117668151855469e-02 3.912496566772460938e-02 3.931307792663574219e-02 4.252600669860839844e-02 4.366898536682128906e-02 4.763913154602050781e-02 3.283309936523437500e-02 3.170204162597656250e-02 3.304195404052734375e-02 3.458189964294433594e-02 3.603196144104003906e-02 3.742504119873046875e-02 3.888106346130371094e-02 4.041099548339843750e-02 4.194188117980957031e-02
1.215291023254394531e-02 1.764607429504394531e-02 3.085207939147949219e-02 3.383183479309082031e-02 3.080081939697265625e-02 3.947496414184570312e-02 3.863501548767089844e-02 4.363989830017089844e-02 4.027700424194335938e-02 4.028010368347167969e-02 3.124713897705078125e-02 3.277587890625000000e-02 3.424906730651855469e-02 3.580904006958007812e-02 3.727602958679199219e-02 3.851008415222167969e-02 4.007601737976074219e-02 4.149198532104492188e-02 4.299306869506835938e-02 4.448699951171875000e-02
1.222801208496093750e-02 1.792287826538085938e-02 2.943587303161621094e-02 3.518390655517578125e-02 3.804206848144531250e-02 4.567193984985351562e-02 3.716397285461425781e-02 3.758406639099121094e-02 3.566718101501464844e-02 4.091596603393554688e-02 2.888011932373046875e-02 3.038692474365234375e-02 3.200387954711914062e-02 3.342700004577636719e-02 3.481698036193847656e-02 3.632402420043945312e-02 3.774404525756835938e-02 3.922200202941894531e-02 4.071402549743652344e-02 4.232692718505859375e-02
1.224493980407714844e-02 1.778411865234375000e-02 2.938890457153320312e-02 3.530216217041015625e-02 3.772306442260742188e-02 4.228901863098144531e-02 3.638696670532226562e-02 3.676295280456542969e-02 3.959894180297851562e-02 4.221582412719726562e-02 4.121899604797363281e-02 3.180313110351562500e-02 3.225398063659667969e-02 3.360700607299804688e-02 3.501510620117187500e-02 3.668808937072753906e-02 3.794598579406738281e-02 3.960084915161132812e-02 4.116892814636230469e-02 4.265594482421875000e-02
