1.446199417114257812e-02 1.749897003173828125e-02 3.215980529785156250e-02 3.484582901000976562e-02 3.161001205444335938e-02 4.196000099182128906e-02 3.707098960876464844e-02 4.051804542541503906e-02 4.418706893920898438e-02 4.588699340820312500e-02 3.522396087646484375e-02 4.815793037414550781e-02 4.046201705932617188e-02 4.254198074340820312e-02 5.238604545593261719e-02 5.445981025695800781e-02 5.479502677917480469e-02 5.503320693969726562e-02 5.657505989074707031e-02 6.044793128967285156e-02
1.218795776367187500e-02 1.782894134521484375e-02 2.935814857482910156e-02 3.493404388427734375e-02 3.761005401611328125e-02 4.222822189331054688e-02 3.625416755676269531e-02 3.571796417236328125e-02 3.901910781860351562e-02 4.097509384155273438e-02 3.935003280639648438e-02 4.245495796203613281e-02 4.624295234680175781e-02 4.882383346557617188e-02 4.999899864196777344e-02 5.098891258239746094e-02 5.349016189575195312e-02 5.155277252197265625e-02 5.146908760070800781e-02 5.662202835083007812e-02
1.205515861511230469e-02 1.734781265258789062e-02 3.050804138183593750e-02 3.415608406066894531e-02 3.965497016906738281e-02 4.097795486450195312e-02 4.559087753295898438e-02 3.514409065246582031e-02 3.768110275268554688e-02 3.469300270080566406e-02 3.838682174682617188e-02 3.949785232543945312e-02 4.140210151672363281e-02 4.380512237548828125e-02 4.512596130371093750e-02 4.792594909667968750e-02 4.924392700195312500e-02 5.034303665161132812e-02 4.993510246276855469e-02 5.346894264221191406e-02
1.200103759765625000e-02 1.819586753845214844e-02 2.926087379455566406e-02 3.493404388427734375e-02 3.750586509704589844e-02 4.208898544311523438e-02 3.626418113708496094e-02 3.661203384399414062e-02 3.941011428833007812e-02 4.205822944641113281e-02 4.102897644042968750e-02 4.312086105346679688e-02 4.588222503662109375e-02 5.048108100891113281e-02 4.807209968566894531e-02 4.898500442504882812e-02 5.154013633728027344e-02 5.483794212341308594e-02 5.367183685302734375e-02 5.684399604797363281e-02
1.218700408935546875e-02 1.768302917480468750e-02 3.038501739501953125e-02 3.190398216247558594e-02 3.875899314880371094e-02 3.713703155517578125e-02 3.932690620422363281e-02 3.305315971374511719e-02 3.813195228576660156e-02 3.835797309875488281e-02 3.958797454833984375e-02 4.741883277893066406e-02 4.276490211486816406e-02 4.532217979431152344e-02 4.738497734069824219e-02 5.146694183349609375e-02 5.422711372375488281e-02 5.526494979858398438e-02 5.541682243347167969e-02 5.769801139831542969e-02
1.203393936157226562e-02 1.756310462951660156e-02 2.917289733886718750e-02 3.493189811706542969e-02 3.023695945739746094e-02 3.985309600830078125e-02 3.728103637695312500e-02 4.245400428771972656e-02 3.985905647277832031e-02 4.484510421752929688e-02 4.891180992126464844e-02 4.682421684265136719e-02 4.627394676208496094e-02 4.810404777526855469e-02 5.194520950317382812e-02 5.608797073364257812e-02 5.588507652282714844e-02 5.600190162658691406e-02 5.828404426574707031e-02 6.184792518615722656e-02
1.205682754516601562e-02 1.755380630493164062e-02 2.923893928527832031e-02 3.376698493957519531e-02 3.788685798645019531e-02 4.206705093383789062e-02 3.196597099304199219e-02 3.419899940490722656e-02 3.788018226623535156e-02 3.710794448852539062e-02 4.105997085571289062e-02 3.912901878356933594e-02 4.152083396911621094e-02 4.066300392150878906e-02 4.361391067504882812e-02 4.597091674804687500e-02 4.959011077880859375e-02 5.385398864746093750e-02 5.155611038208007812e-02 5.311489105224609375e-02
1.212882995605468750e-02 1.759886741638183594e-02 3.057098388671875000e-02 3.362107276916503906e-02 4.044914245605468750e-02 4.164409637451171875e-02 3.419089317321777344e-02 4.244899749755859375e-02 3.704094886779785156e-02 5.738210678100585938e-02 3.952693939208984375e-02 4.098200798034667969e-02 4.213500022888183594e-02 4.473519325256347656e-02 4.640197753906250000e-02 4.946780204772949219e-02 5.079793930053710938e-02 5.373096466064453125e-02 5.540990829467773438e-02 7.431006431579589844e-02
1.206898689270019531e-02 1.759219169616699219e-02 3.033113479614257812e-02 3.198719024658203125e-02 3.879714012145996094e-02 3.713393211364746094e-02 3.941106796264648438e-02 3.756213188171386719e-02 3.771400451660156250e-02 4.627799987792968750e-02 4.581117630004882812e-02 4.686379432678222656e-02 4.347205162048339844e-02 4.489183425903320312e-02 4.596400260925292969e-02 4.768490791320800781e-02 4.935693740844726562e-02 5.553698539733886719e-02 5.691909790039062500e-02 5.453085899353027344e-02
1.204109191894531250e-02 1.757311820983886719e-02 2.914500236511230469e-02 3.385519981384277344e-02 3.579998016357421875e-02 4.110288619995117188e-02 4.081201553344726562e-02 3.834700584411621094e-02 3.361892700195312500e-02 3.812193870544433594e-02 4.353094100952148438e-02 4.118800163269042969e-02 4.239296913146972656e-02 4.349994659423828125e-02 4.554200172424316406e-02 4.599189758300781250e-02 4.720497131347656250e-02 5.279803276062011719e-02 5.207705497741699219e-02 5.421113967895507812e-02
