1.498913764953613281e-02 1.481699943542480469e-02 3.275513648986816406e-02 2.730202674865722656e-02 4.113912582397460938e-02 4.258799552917480469e-02 4.480004310607910156e-02 4.658985137939453125e-02 5.792880058288574219e-02 5.405402183532714844e-02 5.603384971618652344e-02 6.139683723449707031e-02 5.927085876464843750e-02 6.199288368225097656e-02 6.449580192565917969e-02 7.112503051757812500e-02 7.313799858093261719e-02 7.665801048278808594e-02 7.614588737487792969e-02 7.243585586547851562e-02
1.238894462585449219e-02 1.448202133178710938e-02 1.974010467529296875e-02 3.190588951110839844e-02 4.191112518310546875e-02 3.522992134094238281e-02 4.063701629638671875e-02 4.603600502014160156e-02 4.817318916320800781e-02 4.772901535034179688e-02 5.508589744567871094e-02 6.003308296203613281e-02 6.012296676635742188e-02 6.688594818115234375e-02 7.073688507080078125e-02 7.365393638610839844e-02 7.120800018310546875e-02 7.975196838378906250e-02 8.399701118469238281e-02 8.789896965026855469e-02
1.211285591125488281e-02 1.440095901489257812e-02 2.653002738952636719e-02 2.969813346862792969e-02 4.588699340820312500e-02 4.921913146972656250e-02 5.126619338989257812e-02 5.253481864929199219e-02 6.400609016418457031e-02 6.353998184204101562e-02 6.307291984558105469e-02 6.857895851135253906e-02 8.108377456665039062e-02 7.620310783386230469e-02 7.500600814819335938e-02 8.852100372314453125e-02 9.038400650024414062e-02 8.727693557739257812e-02 9.972381591796875000e-02 9.779500961303710938e-02
1.227402687072753906e-02 1.444411277770996094e-02 3.362488746643066406e-02 2.870011329650878906e-02 5.094385147094726562e-02 6.456303596496582031e-02 4.834699630737304688e-02 4.817795753479003906e-02 5.262804031372070312e-02 5.063080787658691406e-02 5.721402168273925781e-02 5.755996704101562500e-02 6.140112876892089844e-02 6.861186027526855469e-02 6.880903244018554688e-02 7.023406028747558594e-02 7.132911682128906250e-02 8.408188819885253906e-02 7.692098617553710938e-02 8.344006538391113281e-02
1.219892501831054688e-02 1.420497894287109375e-02 1.921892166137695312e-02 3.182101249694824219e-02 4.461693763732910156e-02 4.123401641845703125e-02 5.475807189941406250e-02 5.124497413635253906e-02 5.754685401916503906e-02 5.466508865356445312e-02 5.670690536499023438e-02 5.919480323791503906e-02 6.506299972534179688e-02 7.973408699035644531e-02 8.184599876403808594e-02 7.305312156677246094e-02 8.993983268737792969e-02 9.584093093872070312e-02 9.147310256958007812e-02 9.581303596496582031e-02
1.218199729919433594e-02 1.464295387268066406e-02 2.463102340698242188e-02 3.074097633361816406e-02 3.924107551574707031e-02 4.234910011291503906e-02 4.361987113952636719e-02 4.960203170776367188e-02 4.688405990600585938e-02 5.366611480712890625e-02 5.461692810058593750e-02 6.529307365417480469e-02 6.683897972106933594e-02 7.013511657714843750e-02 6.661391258239746094e-02 8.118605613708496094e-02 8.296489715576171875e-02 8.583498001098632812e-02 9.066605567932128906e-02 9.740304946899414062e-02
1.224303245544433594e-02 1.411509513854980469e-02 2.004814147949218750e-02 3.715705871582031250e-02 4.563593864440917969e-02 3.891396522521972656e-02 4.393696784973144531e-02 6.116104125976562500e-02 6.787300109863281250e-02 5.168700218200683594e-02 6.085991859436035156e-02 6.598806381225585938e-02 6.764793395996093750e-02 7.297492027282714844e-02 7.057404518127441406e-02 7.982802391052246094e-02 8.358597755432128906e-02 8.779501914978027344e-02 8.352184295654296875e-02 9.055399894714355469e-02
1.223707199096679688e-02 2.116799354553222656e-02 2.362608909606933594e-02 3.924417495727539062e-02 3.963708877563476562e-02 3.953289985656738281e-02 4.906296730041503906e-02 4.732108116149902344e-02 5.680704116821289062e-02 6.288599967956542969e-02 6.105804443359375000e-02 6.920003890991210938e-02 7.343196868896484375e-02 7.300090789794921875e-02 8.361697196960449219e-02 7.819318771362304688e-02 7.797288894653320312e-02 8.447408676147460938e-02 9.508991241455078125e-02 1.060731410980224609e-01
1.224088668823242188e-02 1.446390151977539062e-02 3.193497657775878906e-02 2.685117721557617188e-02 3.674101829528808594e-02 4.095888137817382812e-02 3.748917579650878906e-02 5.173897743225097656e-02 4.715609550476074219e-02 5.083799362182617188e-02 5.837488174438476562e-02 6.699109077453613281e-02 6.501412391662597656e-02 6.958985328674316406e-02 7.703804969787597656e-02 7.466912269592285156e-02 7.961487770080566406e-02 8.253002166748046875e-02 9.021592140197753906e-02 8.946418762207031250e-02
1.220107078552246094e-02 1.442193984985351562e-02 2.446103096008300781e-02 3.068685531616210938e-02 3.921985626220703125e-02 4.243612289428710938e-02 4.975914955139160156e-02 6.302189826965332031e-02 6.271004676818847656e-02 5.679702758789062500e-02 6.705093383789062500e-02 6.487393379211425781e-02 7.121300697326660156e-02 8.250904083251953125e-02 8.238506317138671875e-02 1.052439212799072266e-01 9.076094627380371094e-02 9.949684143066406250e-02 1.037230491638183594e-01 9.646892547607421875e-02
