1.515431539711427633e-01
1.148613484372811716e-01
1.006910164551734072e-01
5.548416900955245590e-02
5.325072234244675878e-02
5.325072234244675878e-02
5.325072234244675878e-02
5.325072234244675878e-02
5.325072234244675878e-02
0.000000000000000000e+00
0.000000000000000000e+00
0.000000000000000000e+00
0.000000000000000000e+00
0.000000000000000000e+00
0.000000000000000000e+00
0.000000000000000000e+00
0.000000000000000000e+00
0.000000000000000000e+00
0.000000000000000000e+00
0.000000000000000000e+00
