7.951021194458007812e-03 1.050686836242675781e-02 9.539127349853515625e-03 1.107501983642578125e-02 1.625514030456542969e-02 1.825404167175292969e-02 2.047014236450195312e-02 1.781320571899414062e-02 1.733303070068359375e-02 2.241301536560058594e-02 2.402591705322265625e-02 2.120995521545410156e-02 2.695798873901367188e-02 2.775502204895019531e-02 2.761697769165039062e-02 2.934098243713378906e-02 3.249716758728027344e-02 3.329110145568847656e-02 3.427600860595703125e-02 3.599286079406738281e-02
6.068944931030273438e-03 7.709980010986328125e-03 1.321411132812500000e-02 1.079201698303222656e-02 1.212692260742187500e-02 1.355504989624023438e-02 1.472687721252441406e-02 1.595306396484375000e-02 1.755094528198242188e-02 2.299714088439941406e-02 2.249002456665039062e-02 2.546906471252441406e-02 2.452301979064941406e-02 2.738809585571289062e-02 2.870488166809082031e-02 2.806186676025390625e-02 3.023910522460937500e-02 3.260898590087890625e-02 3.346896171569824219e-02 3.471302986145019531e-02
6.154775619506835938e-03 8.969068527221679688e-03 1.010513305664062500e-02 1.067781448364257812e-02 1.215791702270507812e-02 1.564979553222656250e-02 1.725506782531738281e-02 1.775503158569335938e-02 1.728701591491699219e-02 2.201199531555175781e-02 2.431106567382812500e-02 2.141094207763671875e-02 2.658987045288085938e-02 2.558302879333496094e-02 2.479100227355957031e-02 2.814483642578125000e-02 2.713704109191894531e-02 3.077888488769531250e-02 2.965903282165527344e-02 3.105616569519042969e-02
5.955934524536132812e-03 7.519006729125976562e-03 1.152992248535156250e-02 1.064586639404296875e-02 1.203012466430664062e-02 1.375102996826171875e-02 1.761102676391601562e-02 1.626706123352050781e-02 1.758599281311035156e-02 1.893687248229980469e-02 2.003693580627441406e-02 2.363491058349609375e-02 2.265405654907226562e-02 2.614498138427734375e-02 2.526283264160156250e-02 2.852582931518554688e-02 2.771401405334472656e-02 3.071117401123046875e-02 3.375387191772460938e-02 3.155016899108886719e-02
7.708072662353515625e-03 7.457017898559570312e-03 9.432077407836914062e-03 1.055598258972167969e-02 1.256012916564941406e-02 1.482105255126953125e-02 1.804304122924804688e-02 1.773500442504882812e-02 1.736307144165039062e-02 2.221608161926269531e-02 2.487802505493164062e-02 2.098298072814941406e-02 2.433896064758300781e-02 2.355194091796875000e-02 2.709507942199707031e-02 2.610802650451660156e-02 2.965497970581054688e-02 2.868080139160156250e-02 3.015208244323730469e-02 3.126406669616699219e-02
6.146192550659179688e-03 7.479906082153320312e-03 9.313821792602539062e-03 1.069402694702148438e-02 1.220607757568359375e-02 1.418781280517578125e-02 1.462817192077636719e-02 1.867890357971191406e-02 1.782894134521484375e-02 1.932096481323242188e-02 2.068996429443359375e-02 2.504801750183105469e-02 2.339291572570800781e-02 2.380704879760742188e-02 2.472305297851562500e-02 2.971887588500976562e-02 2.734398841857910156e-02 2.870798110961914062e-02 3.137016296386718750e-02 3.323602676391601562e-02
6.098985671997070312e-03 7.732152938842773438e-03 1.551103591918945312e-02 1.124405860900878906e-02 1.289796829223632812e-02 1.439714431762695312e-02 1.666498184204101562e-02 1.548814773559570312e-02 1.674389839172363281e-02 2.033019065856933594e-02 1.975393295288085938e-02 2.064085006713867188e-02 2.433180809020996094e-02 2.338385581970214844e-02 2.657604217529296875e-02 2.773904800415039062e-02 2.698898315429687500e-02 3.125810623168945312e-02 3.459000587463378906e-02 3.565788269042968750e-02
6.036996841430664062e-03 7.520198822021484375e-03 9.305000305175781250e-03 1.338696479797363281e-02 2.467203140258789062e-02 2.154684066772460938e-02 1.800012588500976562e-02 1.700282096862792969e-02 2.093195915222167969e-02 1.931405067443847656e-02 2.057003974914550781e-02 2.194714546203613281e-02 2.326393127441406250e-02 2.470898628234863281e-02 2.590608596801757812e-02 2.724003791809082031e-02 2.828311920166015625e-02 2.959489822387695312e-02 3.348898887634277344e-02 3.211784362792968750e-02
6.126165390014648438e-03 7.529973983764648438e-03 9.377956390380859375e-03 1.062822341918945312e-02 1.262187957763671875e-02 1.401805877685546875e-02 2.939796447753906250e-02 2.177405357360839844e-02 1.773285865783691406e-02 1.899909973144531250e-02 2.043199539184570312e-02 2.284717559814453125e-02 2.465200424194335938e-02 2.725291252136230469e-02 2.937412261962890625e-02 2.902984619140625000e-02 2.793192863464355469e-02 3.464007377624511719e-02 3.330588340759277344e-02 3.568100929260253906e-02
6.201028823852539062e-03 7.596969604492187500e-03 9.570837020874023438e-03 1.504898071289062500e-02 1.253795623779296875e-02 1.339316368103027344e-02 1.473402976989746094e-02 1.614499092102050781e-02 1.813697814941406250e-02 2.260303497314453125e-02 2.364087104797363281e-02 2.330803871154785156e-02 2.579188346862792969e-02 2.363491058349609375e-02 2.481293678283691406e-02 2.615189552307128906e-02 2.730894088745117188e-02 2.871489524841308594e-02 3.219103813171386719e-02 3.111791610717773438e-02
