2.040947272127175416e-01
2.251401946784434005e-01
7.078767218206497014e-02
9.247421907786634865e-02
1.081234848483235700e-01
7.515758558923804622e-02
3.023436644358942077e-02
5.691716738585831693e-03
3.067481410860437192e-03
0.000000000000000000e+00
0.000000000000000000e+00
0.000000000000000000e+00
0.000000000000000000e+00
0.000000000000000000e+00
0.000000000000000000e+00
0.000000000000000000e+00
0.000000000000000000e+00
0.000000000000000000e+00
0.000000000000000000e+00
0.000000000000000000e+00
