3.758729383511045241e-01
3.758729383511045241e-01
3.758729383511045241e-01
3.758729383511045241e-01
3.758729383511045241e-01
3.758729383511045241e-01
3.758729383511045241e-01
3.758729383511045241e-01
3.758729383511045241e-01
3.758729383511045241e-01
3.758729383511045241e-01
3.758729383511045241e-01
3.758729383511045241e-01
3.758729383511045241e-01
3.758729383511045241e-01
3.758729383511045241e-01
3.758729383511045241e-01
3.758729383511045241e-01
3.758729383511045241e-01
3.758729383511045241e-01
0.000000000000000000e+00
3.490976945335501069e-01
3.947792987053261315e-01
3.947792987053261315e-01
3.947792987053261315e-01
3.490976945335501069e-01
3.490976945335501069e-01
3.947792987053261315e-01
3.490976945335501069e-01
3.490976945335501069e-01
3.490976945335501069e-01
3.490976945335501069e-01
3.947792987053261315e-01
3.947792987053261315e-01
3.947792987053261315e-01
3.947792987053261315e-01
3.947792987053261315e-01
3.947792987053261315e-01
3.947792987053261315e-01
3.947792987053261315e-01
1.594865657612197229e-01
2.127358530145692095e-01
2.127358530145692095e-01
2.127358530145692095e-01
2.127358530145692095e-01
2.127358530145692095e-01
2.127358530145692095e-01
2.127358530145692095e-01
2.127358530145692095e-01
2.127358530145692095e-01
2.127358530145692095e-01
2.127358530145692095e-01
2.127358530145692095e-01
2.127358530145692095e-01
2.127358530145692095e-01
2.127358530145692095e-01
2.127358530145692095e-01
2.127358530145692095e-01
2.127358530145692095e-01
2.127358530145692095e-01
9.648901383279805122e-02
3.994920213436968237e-01
3.994920213436968237e-01
5.160680838513120178e-02
3.994920213436968237e-01
3.994920213436968237e-01
3.994920213436968237e-01
3.994920213436968237e-01
3.994920213436968237e-01
3.994920213436968237e-01
3.994920213436968237e-01
3.994920213436968237e-01
3.994920213436968237e-01
3.994920213436968237e-01
3.994920213436968237e-01
3.994920213436968237e-01
4.443742267913635691e-01
5.160680838513120178e-02
5.160680838513120178e-02
5.160680838513120178e-02
1.867179970821270796e-01
1.931079000476575436e-01
4.440933146776232521e-01
4.440933146776232521e-01
3.221099250453463569e-01
3.221099250453463569e-01
3.221099250453463569e-01
3.221099250453463569e-01
3.221099250453463569e-01
3.221099250453463569e-01
3.221099250453463569e-01
3.221099250453463569e-01
3.221099250453463569e-01
3.221099250453463569e-01
3.221099250453463569e-01
3.221099250453463569e-01
3.221099250453463569e-01
3.221099250453463569e-01
3.221099250453463569e-01
3.221099250453463569e-01
4.792507674738617496e-01
2.802156867433483467e-01
4.518998864342842481e-01
4.518998864342842481e-01
4.792507674738617496e-01
4.792507674738617496e-01
4.792507674738617496e-01
4.792507674738617496e-01
4.792507674738617496e-01
4.792507674738617496e-01
4.792507674738617496e-01
4.792507674738617496e-01
4.792507674738617496e-01
4.792507674738617496e-01
4.792507674738617496e-01
4.792507674738617496e-01
4.792507674738617496e-01
4.792507674738617496e-01
2.802156867433483467e-01
4.792507674738617496e-01
8.341455441201159338e-02
0.000000000000000000e+00
8.341455441201159338e-02
8.341455441201159338e-02
8.341455441201159338e-02
8.341455441201159338e-02
8.341455441201159338e-02
8.341455441201159338e-02
8.341455441201159338e-02
8.341455441201159338e-02
8.341455441201159338e-02
8.341455441201159338e-02
8.341455441201159338e-02
8.341455441201159338e-02
8.341455441201159338e-02
8.341455441201159338e-02
8.341455441201159338e-02
8.341455441201159338e-02
8.341455441201159338e-02
8.341455441201159338e-02
3.354112758633815972e-01
0.000000000000000000e+00
1.243642446256843365e-01
1.243642446256843365e-01
3.354112758633815972e-01
3.354112758633815972e-01
3.354112758633815972e-01
3.354112758633815972e-01
3.354112758633815972e-01
3.354112758633815972e-01
3.354112758633815972e-01
3.354112758633815972e-01
3.354112758633815972e-01
3.354112758633815972e-01
3.354112758633815972e-01
3.354112758633815972e-01
3.354112758633815972e-01
3.354112758633815972e-01
3.354112758633815972e-01
3.354112758633815972e-01
5.241943629023534390e-01
2.882790705280002808e-01
0.000000000000000000e+00
0.000000000000000000e+00
0.000000000000000000e+00
0.000000000000000000e+00
0.000000000000000000e+00
0.000000000000000000e+00
0.000000000000000000e+00
0.000000000000000000e+00
0.000000000000000000e+00
0.000000000000000000e+00
0.000000000000000000e+00
0.000000000000000000e+00
0.000000000000000000e+00
0.000000000000000000e+00
0.000000000000000000e+00
0.000000000000000000e+00
0.000000000000000000e+00
0.000000000000000000e+00
9.812309755887044238e-02
3.934391491213728997e-02
3.934391491213728997e-02
3.934391491213728997e-02
3.934391491213728997e-02
3.934391491213728997e-02
3.934391491213728997e-02
3.934391491213728997e-02
3.934391491213728997e-02
3.934391491213728997e-02
3.934391491213728997e-02
3.934391491213728997e-02
3.934391491213728997e-02
3.934391491213728997e-02
3.934391491213728997e-02
3.934391491213728997e-02
3.934391491213728997e-02
3.934391491213728997e-02
3.934391491213728997e-02
3.934391491213728997e-02
9.877304068535690262e-02
1.149405382473369791e-01
6.098104488221961494e-01
7.203912988735475809e-01
6.098104488221961494e-01
7.203912988735475809e-01
7.203912988735475809e-01
1.149405382473369791e-01
1.149405382473369791e-01
7.203912988735475809e-01
4.359688195985721160e-03
7.203912988735475809e-01
7.203912988735475809e-01
1.149405382473369791e-01
1.149405382473369791e-01
4.359688195985721160e-03
4.359688195985721160e-03
4.359688195985721160e-03
4.359688195985721160e-03
1.149405382473369791e-01
2.299314353519019832e-02
2.299314353519019832e-02
5.456518119254197968e-02
3.197777878001095697e-01
3.197777878001095697e-01
3.197777878001095697e-01
3.197777878001095697e-01
5.456518119254197968e-02
5.456518119254197968e-02
5.456518119254197968e-02
5.456518119254197968e-02
5.456518119254197968e-02
5.456518119254197968e-02
5.456518119254197968e-02
5.456518119254197968e-02
5.456518119254197968e-02
5.456518119254197968e-02
5.456518119254197968e-02
5.456518119254197968e-02
5.456518119254197968e-02
7.324169491851779679e-01
8.144598692896610759e-01
8.144598692896610759e-01
8.144598692896610759e-01
8.144598692896610759e-01
8.144598692896610759e-01
8.144598692896610759e-01
8.144598692896610759e-01
8.144598692896610759e-01
8.144598692896610759e-01
8.144598692896610759e-01
8.144598692896610759e-01
8.144598692896610759e-01
8.144598692896610759e-01
8.144598692896610759e-01
8.144598692896610759e-01
8.144598692896610759e-01
8.144598692896610759e-01
8.144598692896610759e-01
8.144598692896610759e-01
3.973356687199878778e-01
3.973356687199878778e-01
3.973356687199878778e-01
3.973356687199878778e-01
3.973356687199878778e-01
3.973356687199878778e-01
3.973356687199878778e-01
3.973356687199878778e-01
3.973356687199878778e-01
3.973356687199878778e-01
3.973356687199878778e-01
3.973356687199878778e-01
3.973356687199878778e-01
3.973356687199878778e-01
4.827891930362790407e-01
4.827891930362790407e-01
3.973356687199878778e-01
4.827891930362790407e-01
4.827891930362790407e-01
3.973356687199878778e-01
1.493075883944996185e-01
1.493075883944996185e-01
1.493075883944996185e-01
1.493075883944996185e-01
1.493075883944996185e-01
1.493075883944996185e-01
1.493075883944996185e-01
1.493075883944996185e-01
1.493075883944996185e-01
1.493075883944996185e-01
1.493075883944996185e-01
1.493075883944996185e-01
1.493075883944996185e-01
1.493075883944996185e-01
1.493075883944996185e-01
1.493075883944996185e-01
1.493075883944996185e-01
1.493075883944996185e-01
1.493075883944996185e-01
1.493075883944996185e-01
5.106219656370938331e-01
1.556569830520808106e-01
1.851106787734874692e-01
1.851106787734874692e-01
1.851106787734874692e-01
1.851106787734874692e-01
1.851106787734874692e-01
1.851106787734874692e-01
1.851106787734874692e-01
1.851106787734874692e-01
1.851106787734874692e-01
1.851106787734874692e-01
1.851106787734874692e-01
1.851106787734874692e-01
1.851106787734874692e-01
1.851106787734874692e-01
1.851106787734874692e-01
1.851106787734874692e-01
1.851106787734874692e-01
4.012690708072149670e-01
3.008201744816089707e-01
2.797240399617990092e-01
2.797240399617990092e-01
3.008201744816089707e-01
3.008201744816089707e-01
3.008201744816089707e-01
0.000000000000000000e+00
3.008201744816089707e-01
3.008201744816089707e-01
3.008201744816089707e-01
0.000000000000000000e+00
3.008201744816089707e-01
3.008201744816089707e-01
3.008201744816089707e-01
0.000000000000000000e+00
3.008201744816089707e-01
3.008201744816089707e-01
3.008201744816089707e-01
3.008201744816089707e-01
3.008201744816089707e-01
3.482281033295615558e-01
6.670222271632504363e-01
6.670222271632504363e-01
4.763596249745530864e-01
4.763596249745530864e-01
4.763596249745530864e-01
4.763596249745530864e-01
4.763596249745530864e-01
4.763596249745530864e-01
4.763596249745530864e-01
4.763596249745530864e-01
4.763596249745530864e-01
4.763596249745530864e-01
4.763596249745530864e-01
4.763596249745530864e-01
4.763596249745530864e-01
3.482281033295615558e-01
1.575655011408642336e-01
1.575655011408642336e-01
1.575655011408642336e-01
3.956957269923823683e-01
3.956957269923823683e-01
0.000000000000000000e+00
0.000000000000000000e+00
0.000000000000000000e+00
0.000000000000000000e+00
0.000000000000000000e+00
0.000000000000000000e+00
0.000000000000000000e+00
0.000000000000000000e+00
0.000000000000000000e+00
0.000000000000000000e+00
0.000000000000000000e+00
0.000000000000000000e+00
0.000000000000000000e+00
0.000000000000000000e+00
0.000000000000000000e+00
0.000000000000000000e+00
0.000000000000000000e+00
0.000000000000000000e+00
2.102143449416795096e-01
2.604133603459572455e-01
5.636872345818624286e-01
5.134882191775849147e-01
5.134882191775849147e-01
2.102143449416795096e-01
2.102143449416795096e-01
2.604133603459572455e-01
2.604133603459572455e-01
2.604133603459572455e-01
2.604133603459572455e-01
2.604133603459572455e-01
5.134882191775849147e-01
5.134882191775849147e-01
5.134882191775849147e-01
2.604133603459572455e-01
2.102143449416795096e-01
5.134882191775849147e-01
2.102143449416795096e-01
2.604133603459572455e-01
