1.491689682006835938e-02 1.441788673400878906e-02 2.036499977111816406e-02 3.770899772644042969e-02 4.598093032836914062e-02 3.939104080200195312e-02 4.387998580932617188e-02 5.644083023071289062e-02 5.652809143066406250e-02 6.622695922851562500e-02 7.037091255187988281e-02 7.098603248596191406e-02 7.217812538146972656e-02 7.833290100097656250e-02 7.125496864318847656e-02 8.687996864318847656e-02 8.792781829833984375e-02 9.189510345458984375e-02 9.219884872436523438e-02 9.957122802734375000e-02
1.232910156250000000e-02 1.475405693054199219e-02 3.106999397277832031e-02 3.302192687988281250e-02 4.241681098937988281e-02 4.459810256958007812e-02 4.267120361328125000e-02 4.753208160400390625e-02 5.450201034545898438e-02 5.980587005615234375e-02 6.444191932678222656e-02 6.872820854187011719e-02 7.953095436096191406e-02 7.938694953918457031e-02 8.326196670532226562e-02 8.978486061096191406e-02 8.808588981628417969e-02 8.573198318481445312e-02 1.075551509857177734e-01 9.537482261657714844e-02
1.238203048706054688e-02 1.466512680053710938e-02 3.102803230285644531e-02 3.618812561035156250e-02 4.116821289062500000e-02 3.739190101623535156e-02 4.268288612365722656e-02 5.169606208801269531e-02 4.522991180419921875e-02 5.792188644409179688e-02 5.135202407836914062e-02 6.172299385070800781e-02 6.716895103454589844e-02 7.118010520935058594e-02 7.743382453918457031e-02 7.908296585083007812e-02 7.620310783386230469e-02 8.082389831542968750e-02 8.630394935607910156e-02 8.607721328735351562e-02
1.226782798767089844e-02 1.473116874694824219e-02 3.186011314392089844e-02 2.477192878723144531e-02 3.538513183593750000e-02 4.340887069702148438e-02 5.107307434082031250e-02 5.004882812500000000e-02 5.222105979919433594e-02 5.596208572387695312e-02 5.716109275817871094e-02 5.865192413330078125e-02 6.122398376464843750e-02 6.439113616943359375e-02 7.345795631408691406e-02 7.253003120422363281e-02 7.267117500305175781e-02 7.634401321411132812e-02 7.697892189025878906e-02 8.210897445678710938e-02
1.232504844665527344e-02 1.460695266723632812e-02 3.206706047058105469e-02 2.710294723510742188e-02 3.700399398803710938e-02 4.157400131225585938e-02 4.599404335021972656e-02 4.925107955932617188e-02 5.243992805480957031e-02 5.633306503295898438e-02 5.633497238159179688e-02 5.558514595031738281e-02 6.121802330017089844e-02 6.705212593078613281e-02 6.638193130493164062e-02 7.075190544128417969e-02 7.407999038696289062e-02 8.904218673706054688e-02 8.598995208740234375e-02 9.085512161254882812e-02
1.237106323242187500e-02 1.474213600158691406e-02 3.188204765319824219e-02 2.710819244384765625e-02 3.708791732788085938e-02 4.056096076965332031e-02 4.225087165832519531e-02 4.408693313598632812e-02 5.277609825134277344e-02 6.014895439147949219e-02 6.481885910034179688e-02 6.136703491210937500e-02 6.759905815124511719e-02 7.130503654479980469e-02 7.484292984008789062e-02 7.744884490966796875e-02 7.695102691650390625e-02 9.114408493041992188e-02 9.622097015380859375e-02 9.116601943969726562e-02
1.266598701477050781e-02 1.487398147583007812e-02 3.578495979309082031e-02 4.231095314025878906e-02 4.564595222473144531e-02 4.113602638244628906e-02 4.236793518066406250e-02 4.485583305358886719e-02 4.262685775756835938e-02 5.524420738220214844e-02 8.361196517944335938e-02 7.149410247802734375e-02 7.669115066528320312e-02 8.362889289855957031e-02 9.175586700439453125e-02 8.300089836120605469e-02 8.156418800354003906e-02 9.241485595703125000e-02 9.318184852600097656e-02 8.614301681518554688e-02
1.238393783569335938e-02 1.437282562255859375e-02 1.944303512573242188e-02 3.219199180603027344e-02 4.164314270019531250e-02 3.539514541625976562e-02 3.392481803894042969e-02 4.366493225097656250e-02 5.401301383972167969e-02 6.768488883972167969e-02 6.211996078491210938e-02 7.085800170898437500e-02 6.162214279174804688e-02 7.071995735168457031e-02 7.189488410949707031e-02 7.754111289978027344e-02 7.384705543518066406e-02 7.690382003784179688e-02 9.148979187011718750e-02 8.164310455322265625e-02
1.234507560729980469e-02 1.481795310974121094e-02 3.099417686462402344e-02 3.723883628845214844e-02 4.218411445617675781e-02 4.239106178283691406e-02 4.396295547485351562e-02 4.387187957763671875e-02 5.618810653686523438e-02 4.943919181823730469e-02 5.788421630859375000e-02 6.575703620910644531e-02 7.063412666320800781e-02 7.311010360717773438e-02 7.801795005798339844e-02 7.425189018249511719e-02 7.783007621765136719e-02 7.896304130554199219e-02 8.651995658874511719e-02 9.803104400634765625e-02
1.234006881713867188e-02 1.472210884094238281e-02 3.185892105102539062e-02 2.702307701110839844e-02 3.758907318115234375e-02 4.039883613586425781e-02 4.232001304626464844e-02 4.404592514038085938e-02 5.076098442077636719e-02 4.990315437316894531e-02 5.518412590026855469e-02 6.824493408203125000e-02 6.973385810852050781e-02 7.552218437194824219e-02 6.878995895385742188e-02 7.598018646240234375e-02 9.018182754516601562e-02 8.637118339538574219e-02 8.428311347961425781e-02 8.529019355773925781e-02
