4.666462921856734392e-01 2.798631301307150654e-01 2.798631301307150654e-01 1.859139057436675346e-01 2.757571069637062000e-01 1.859139057436675346e-01 1.859139057436675346e-01 1.859139057436675346e-01 1.859139057436675346e-01 1.859139057436675346e-01 1.859139057436675346e-01 1.859139057436675346e-01 1.859139057436675346e-01 1.859139057436675346e-01 1.859139057436675346e-01 1.859139057436675346e-01 1.859139057436675346e-01 1.859139057436675346e-01 1.859139057436675346e-01 1.859139057436675346e-01
2.693609263071644611e-01 2.693609263071644611e-01 2.693609263071644611e-01 1.546882417736575310e-01 2.201815906691480529e-01 1.546882417736575310e-01 1.546882417736575310e-01 1.546882417736575310e-01 1.546882417736575310e-01 1.546882417736575310e-01 1.546882417736575310e-01 1.546882417736575310e-01 1.546882417736575310e-01 1.546882417736575310e-01 1.546882417736575310e-01 1.546882417736575310e-01 1.546882417736575310e-01 1.546882417736575310e-01 1.546882417736575310e-01 1.546882417736575310e-01
4.954061488939151547e-02 1.169929031905854802e-03 1.169929031905854802e-03 1.169929031905854802e-03 3.511975964062299949e-02 5.071054392129752120e-02 0.000000000000000000e+00 0.000000000000000000e+00 0.000000000000000000e+00 0.000000000000000000e+00 0.000000000000000000e+00 0.000000000000000000e+00 0.000000000000000000e+00 0.000000000000000000e+00 0.000000000000000000e+00 0.000000000000000000e+00 0.000000000000000000e+00 0.000000000000000000e+00 0.000000000000000000e+00 0.000000000000000000e+00
1.246828201489630777e-01 2.768236795223539271e-01 4.506823751454532706e-02 4.506823751454532706e-02 4.506823751454532706e-02 4.506823751454532706e-02 2.946091754554912012e-01 1.360220502055038416e-01 1.360220502055038416e-01 1.360220502055038416e-01 1.360220502055038416e-01 1.360220502055038416e-01 1.360220502055038416e-01 1.360220502055038416e-01 1.360220502055038416e-01 1.360220502055038416e-01 1.360220502055038416e-01 1.360220502055038416e-01 1.360220502055038416e-01 1.360220502055038416e-01
1.396195364697839503e-01 1.396195364697839503e-01 3.797569211921761334e-01 2.413995925977200085e-01 2.413995925977200085e-01 2.413995925977200085e-01 2.413995925977200085e-01 2.413995925977200085e-01 2.413995925977200085e-01 2.413995925977200085e-01 2.413995925977200085e-01 1.396195364697839503e-01 2.336595437654183371e-01 1.396195364697839503e-01 1.396195364697839503e-01 1.396195364697839503e-01 1.396195364697839503e-01 1.396195364697839503e-01 1.396195364697839503e-01 1.396195364697839503e-01
1.205982952795729563e-01 1.205982952795729563e-01 1.205982952795729563e-01 1.205982952795729563e-01 1.702396526630136353e-01 1.137007142511076846e-01 2.905384774285166838e-01 1.205982952795729563e-01 1.205982952795729563e-01 1.205982952795729563e-01 1.205982952795729563e-01 1.205982952795729563e-01 1.205982952795729563e-01 1.205982952795729563e-01 1.205982952795729563e-01 1.205982952795729563e-01 1.205982952795729563e-01 1.205982952795729563e-01 1.205982952795729563e-01 1.205982952795729563e-01
1.707975759497150914e-01 1.707975759497150914e-01 1.707975759497150914e-01 1.707975759497150914e-01 1.707975759497150914e-01 1.707975759497150914e-01 1.707975759497150914e-01 1.707975759497150914e-01 1.707975759497150914e-01 1.707975759497150914e-01 1.707975759497150914e-01 1.707975759497150914e-01 1.707975759497150914e-01 1.707975759497150914e-01 1.707975759497150914e-01 1.707975759497150914e-01 1.707975759497150914e-01 1.707975759497150914e-01 1.707975759497150914e-01 1.707975759497150914e-01
1.120016147812592233e-01 1.120016147812592233e-01 1.120016147812592233e-01 1.120016147812592233e-01 1.120016147812592233e-01 1.120016147812592233e-01 1.120016147812592233e-01 1.120016147812592233e-01 1.120016147812592233e-01 1.120016147812592233e-01 1.120016147812592233e-01 1.120016147812592233e-01 1.120016147812592233e-01 1.120016147812592233e-01 1.120016147812592233e-01 1.120016147812592233e-01 1.120016147812592233e-01 1.120016147812592233e-01 1.120016147812592233e-01 1.120016147812592233e-01
4.618137921401193058e-01 1.660881225460497934e-01 1.660881225460497934e-01 4.466847033072769008e-02 0.000000000000000000e+00 0.000000000000000000e+00 0.000000000000000000e+00 0.000000000000000000e+00 0.000000000000000000e+00 0.000000000000000000e+00 0.000000000000000000e+00 0.000000000000000000e+00 0.000000000000000000e+00 0.000000000000000000e+00 0.000000000000000000e+00 0.000000000000000000e+00 0.000000000000000000e+00 0.000000000000000000e+00 0.000000000000000000e+00 0.000000000000000000e+00
1.546608215124561370e-01 1.546608215124561370e-01 1.546608215124561370e-01 1.546608215124561370e-01 1.546608215124561370e-01 3.048032139949735653e-01 1.569270268546275049e-01 6.154840579367304443e-02 6.154840579367304443e-02 6.154840579367304443e-02 6.154840579367304443e-02 6.154840579367304443e-02 6.154840579367304443e-02 6.154840579367304443e-02 6.154840579367304443e-02 6.154840579367304443e-02 6.154840579367304443e-02 6.154840579367304443e-02 6.154840579367304443e-02 6.154840579367304443e-02
