1.076571559541823625e-01 0.000000000000000000e+00 0.000000000000000000e+00 0.000000000000000000e+00 0.000000000000000000e+00 1.076571559541823625e-01 0.000000000000000000e+00 0.000000000000000000e+00 0.000000000000000000e+00 0.000000000000000000e+00 0.000000000000000000e+00 0.000000000000000000e+00 0.000000000000000000e+00 0.000000000000000000e+00 0.000000000000000000e+00 0.000000000000000000e+00 0.000000000000000000e+00 0.000000000000000000e+00 0.000000000000000000e+00 0.000000000000000000e+00
1.360107074525946647e-01 1.360107074525946647e-01 1.573168373797498576e-01 5.800766280378934214e-03 1.360107074525946647e-01 5.800766280378934214e-03 5.800766280378934214e-03 0.000000000000000000e+00 0.000000000000000000e+00 0.000000000000000000e+00 0.000000000000000000e+00 0.000000000000000000e+00 0.000000000000000000e+00 0.000000000000000000e+00 0.000000000000000000e+00 0.000000000000000000e+00 0.000000000000000000e+00 0.000000000000000000e+00 0.000000000000000000e+00 0.000000000000000000e+00
1.994368504238280826e-01 1.994368504238280826e-01 0.000000000000000000e+00 4.484821998044143110e-02 1.164093917885527379e-01 4.484821998044143110e-02 4.484821998044143110e-02 0.000000000000000000e+00 0.000000000000000000e+00 0.000000000000000000e+00 0.000000000000000000e+00 0.000000000000000000e+00 0.000000000000000000e+00 0.000000000000000000e+00 0.000000000000000000e+00 0.000000000000000000e+00 0.000000000000000000e+00 0.000000000000000000e+00 0.000000000000000000e+00 0.000000000000000000e+00
1.323326582100254056e-01 2.719618285985946904e-01 3.181067204941409599e-02 3.181067204941409599e-02 3.181067204941409599e-02 3.181067204941409599e-02 3.181067204941409599e-02 3.181067204941409599e-02 0.000000000000000000e+00 0.000000000000000000e+00 0.000000000000000000e+00 0.000000000000000000e+00 0.000000000000000000e+00 0.000000000000000000e+00 0.000000000000000000e+00 0.000000000000000000e+00 0.000000000000000000e+00 0.000000000000000000e+00 0.000000000000000000e+00 0.000000000000000000e+00
2.376235909666361834e-01 2.376235909666361834e-01 0.000000000000000000e+00 4.928227463261514521e-03 2.079174185531359187e-01 0.000000000000000000e+00 4.928227463261514521e-03 4.928227463261514521e-03 4.928227463261514521e-03 4.928227463261514521e-03 4.928227463261514521e-03 4.928227463261514521e-03 4.928227463261514521e-03 4.928227463261514521e-03 4.928227463261514521e-03 4.928227463261514521e-03 4.928227463261514521e-03 4.928227463261514521e-03 4.928227463261514521e-03 4.928227463261514521e-03
0.000000000000000000e+00 2.835597392210609247e-02 2.835597392210609247e-02 2.835597392210609247e-02 1.452452181762937111e-01 0.000000000000000000e+00 0.000000000000000000e+00 0.000000000000000000e+00 0.000000000000000000e+00 0.000000000000000000e+00 0.000000000000000000e+00 0.000000000000000000e+00 0.000000000000000000e+00 0.000000000000000000e+00 0.000000000000000000e+00 0.000000000000000000e+00 0.000000000000000000e+00 0.000000000000000000e+00 0.000000000000000000e+00 0.000000000000000000e+00
2.172653038449316731e-01 2.172653038449316731e-01 1.362821637984812373e-01 0.000000000000000000e+00 2.081785855118150896e-01 1.362821637984812373e-01 0.000000000000000000e+00 0.000000000000000000e+00 0.000000000000000000e+00 0.000000000000000000e+00 0.000000000000000000e+00 0.000000000000000000e+00 0.000000000000000000e+00 0.000000000000000000e+00 0.000000000000000000e+00 0.000000000000000000e+00 0.000000000000000000e+00 0.000000000000000000e+00 0.000000000000000000e+00 0.000000000000000000e+00
1.672120846534848881e-01 1.386735009444995670e-01 4.673363349115230991e-02 8.098937069794111265e-02 4.673363349115230991e-02 0.000000000000000000e+00 0.000000000000000000e+00 0.000000000000000000e+00 4.673363349115230991e-02 4.673363349115230991e-02 0.000000000000000000e+00 0.000000000000000000e+00 0.000000000000000000e+00 0.000000000000000000e+00 0.000000000000000000e+00 0.000000000000000000e+00 0.000000000000000000e+00 4.673363349115230991e-02 4.673363349115230991e-02 4.673363349115230991e-02
1.214686170979262410e-02 0.000000000000000000e+00 0.000000000000000000e+00 0.000000000000000000e+00 0.000000000000000000e+00 0.000000000000000000e+00 1.214686170979262410e-02 0.000000000000000000e+00 0.000000000000000000e+00 0.000000000000000000e+00 0.000000000000000000e+00 0.000000000000000000e+00 0.000000000000000000e+00 0.000000000000000000e+00 0.000000000000000000e+00 0.000000000000000000e+00 0.000000000000000000e+00 0.000000000000000000e+00 0.000000000000000000e+00 0.000000000000000000e+00
0.000000000000000000e+00 0.000000000000000000e+00 1.438864196626094688e-02 3.975666238623065674e-02 6.555262054014436568e-02 6.555262054014436568e-02 3.975666238623065674e-02 0.000000000000000000e+00 0.000000000000000000e+00 0.000000000000000000e+00 3.975666238623065674e-02 0.000000000000000000e+00 0.000000000000000000e+00 0.000000000000000000e+00 0.000000000000000000e+00 0.000000000000000000e+00 0.000000000000000000e+00 0.000000000000000000e+00 0.000000000000000000e+00 0.000000000000000000e+00
