1.444387435913085938e-02 1.416993141174316406e-02 2.016782760620117188e-02 3.739500045776367188e-02 4.568099975585937500e-02 3.864097595214843750e-02 4.257488250732421875e-02 5.213904380798339844e-02 4.770803451538085938e-02 5.167007446289062500e-02 5.928802490234375000e-02 7.118082046508789062e-02 7.049512863159179688e-02 7.108998298645019531e-02 8.201003074645996094e-02 8.125805854797363281e-02 8.348202705383300781e-02 8.834981918334960938e-02 9.434604644775390625e-02 9.719991683959960938e-02
1.361894607543945312e-02 1.508116722106933594e-02 3.197598457336425781e-02 3.715610504150390625e-02 3.740406036376953125e-02 4.161000251770019531e-02 4.164290428161621094e-02 5.042004585266113281e-02 5.645394325256347656e-02 5.577683448791503906e-02 6.008696556091308594e-02 6.187319755554199219e-02 6.517601013183593750e-02 6.550908088684082031e-02 7.142686843872070312e-02 6.772398948669433594e-02 8.008313179016113281e-02 7.856798171997070312e-02 7.465100288391113281e-02 8.532595634460449219e-02
1.283812522888183594e-02 1.470899581909179688e-02 1.996707916259765625e-02 4.164314270019531250e-02 3.647398948669433594e-02 4.098701477050781250e-02 4.363799095153808594e-02 4.929995536804199219e-02 5.378890037536621094e-02 6.281495094299316406e-02 6.890916824340820312e-02 7.109689712524414062e-02 8.232998847961425781e-02 7.560205459594726562e-02 8.229279518127441406e-02 8.140110969543457031e-02 8.393907546997070312e-02 9.049296379089355469e-02 9.405779838562011719e-02 9.765911102294921875e-02
1.231718063354492188e-02 1.447296142578125000e-02 3.093600273132324219e-02 3.602910041809082031e-02 3.725290298461914062e-02 4.161000251770019531e-02 4.367303848266601562e-02 4.857707023620605469e-02 5.118107795715332031e-02 5.864405632019042969e-02 6.277704238891601562e-02 5.648493766784667969e-02 6.511020660400390625e-02 7.402300834655761719e-02 7.267689704895019531e-02 7.762503623962402344e-02 7.468676567077636719e-02 8.538794517517089844e-02 8.530712127685546875e-02 8.627796173095703125e-02
1.325106620788574219e-02 1.552295684814453125e-02 3.327202796936035156e-02 2.792716026306152344e-02 3.833508491516113281e-02 4.158520698547363281e-02 4.238700866699218750e-02 4.889678955078125000e-02 5.026292800903320312e-02 6.819701194763183594e-02 5.342912673950195312e-02 6.029605865478515625e-02 6.625390052795410156e-02 6.521677970886230469e-02 7.312488555908203125e-02 8.233594894409179688e-02 8.331489562988281250e-02 8.301806449890136719e-02 9.348297119140625000e-02 1.075420379638671875e-01
1.293182373046875000e-02 1.546692848205566406e-02 3.347611427307128906e-02 2.839589118957519531e-02 4.315900802612304688e-02 4.444789886474609375e-02 4.399490356445312500e-02 5.039811134338378906e-02 5.739998817443847656e-02 5.728602409362792969e-02 6.007695198059082031e-02 6.668305397033691406e-02 7.877397537231445312e-02 7.426595687866210938e-02 7.335615158081054688e-02 8.337807655334472656e-02 8.423900604248046875e-02 9.738302230834960938e-02 8.375191688537597656e-02 8.735609054565429688e-02
1.222610473632812500e-02 1.471710205078125000e-02 3.083610534667968750e-02 3.595399856567382812e-02 3.759193420410156250e-02 4.211807250976562500e-02 4.193401336669921875e-02 4.565596580505371094e-02 4.877877235412597656e-02 5.411911010742187500e-02 5.988693237304687500e-02 5.705022811889648438e-02 6.750702857971191406e-02 6.996989250183105469e-02 6.607484817504882812e-02 7.917380332946777344e-02 8.509397506713867188e-02 8.156704902648925781e-02 8.959817886352539062e-02 8.970284461975097656e-02
1.286602020263671875e-02 1.565599441528320312e-02 2.485895156860351562e-02 3.504395484924316406e-02 3.730893135070800781e-02 4.105806350708007812e-02 4.603290557861328125e-02 5.322790145874023438e-02 5.223989486694335938e-02 7.609701156616210938e-02 6.373500823974609375e-02 7.043004035949707031e-02 6.464815139770507812e-02 9.413003921508789062e-02 8.425593376159667969e-02 7.768201828002929688e-02 8.820700645446777344e-02 8.031702041625976562e-02 8.861017227172851562e-02 9.032607078552246094e-02
1.229882240295410156e-02 1.454496383666992188e-02 3.084897994995117188e-02 3.276085853576660156e-02 4.326891899108886719e-02 4.419708251953125000e-02 4.161000251770019531e-02 5.118393898010253906e-02 5.523991584777832031e-02 5.244708061218261719e-02 5.903792381286621094e-02 6.251502037048339844e-02 6.969594955444335938e-02 7.284808158874511719e-02 7.319903373718261719e-02 7.621598243713378906e-02 7.780098915100097656e-02 8.294701576232910156e-02 8.197999000549316406e-02 8.298301696777343750e-02
1.219582557678222656e-02 1.457214355468750000e-02 3.081011772155761719e-02 3.293204307556152344e-02 4.206895828247070312e-02 4.421186447143554688e-02 4.171705245971679688e-02 5.104708671569824219e-02 5.095195770263671875e-02 5.664086341857910156e-02 5.628895759582519531e-02 5.909895896911621094e-02 5.849099159240722656e-02 7.124781608581542969e-02 6.425595283508300781e-02 7.250499725341796875e-02 6.913781166076660156e-02 7.810211181640625000e-02 7.716298103332519531e-02 8.423304557800292969e-02
