1.881784434708091147e-01 1.881784434708091147e-01 2.899464464161263105e-02 2.925282093121465699e-01 0.000000000000000000e+00 0.000000000000000000e+00 6.500727565910134620e-02 6.500727565910134620e-02 0.000000000000000000e+00 0.000000000000000000e+00 3.601263101748872208e-02 3.601263101748872208e-02 3.601263101748872208e-02 3.601263101748872208e-02 3.601263101748872208e-02 3.601263101748872208e-02 3.601263101748872208e-02 3.601263101748872208e-02 3.601263101748872208e-02 3.601263101748872208e-02
2.609797551777702229e-01 3.152114544449996503e-01 2.923761692845850413e-01 3.152114544449996503e-01 2.609797551777702229e-01 2.609797551777702229e-01 2.283528516041464715e-02 2.283528516041464715e-02 2.283528516041464715e-02 2.283528516041464715e-02 2.283528516041464715e-02 2.283528516041464715e-02 2.283528516041464715e-02 2.283528516041464715e-02 2.283528516041464715e-02 2.283528516041464715e-02 2.283528516041464715e-02 2.283528516041464715e-02 2.283528516041464715e-02 2.283528516041464715e-02
8.730769509322462707e-02 8.730769509322462707e-02 1.319956084993914314e-01 1.319956084993914314e-01 1.319956084993914314e-01 1.319956084993914314e-01 8.730769509322462707e-02 8.730769509322462707e-02 8.730769509322462707e-02 0.000000000000000000e+00 0.000000000000000000e+00 0.000000000000000000e+00 0.000000000000000000e+00 0.000000000000000000e+00 0.000000000000000000e+00 0.000000000000000000e+00 0.000000000000000000e+00 0.000000000000000000e+00 4.468791340616678348e-02 0.000000000000000000e+00
0.000000000000000000e+00 9.165606714229779239e-02 1.795124814469474528e-01 9.165606714229779239e-02 0.000000000000000000e+00 9.165606714229779239e-02 9.165606714229779239e-02 9.165606714229779239e-02 9.165606714229779239e-02 9.165606714229779239e-02 9.165606714229779239e-02 8.785641430464966040e-02 8.785641430464966040e-02 8.785641430464966040e-02 8.785641430464966040e-02 8.785641430464966040e-02 8.785641430464966040e-02 0.000000000000000000e+00 8.785641430464966040e-02 8.785641430464966040e-02
1.869355663189313788e-01 2.637162875060063659e-03 1.454042310612570221e-01 2.637162875060063659e-03 1.869355663189313788e-01 1.869355663189313788e-01 2.637162875060063659e-03 1.454042310612570221e-01 2.637162875060063659e-03 2.637162875060063659e-03 2.637162875060063659e-03 2.637162875060063659e-03 2.637162875060063659e-03 2.637162875060063659e-03 2.637162875060063659e-03 2.637162875060063659e-03 2.637162875060063659e-03 0.000000000000000000e+00 0.000000000000000000e+00 0.000000000000000000e+00
5.411123207001692359e-01 4.911541772034273001e-01 3.667423203278514232e-01 3.667423203278514232e-01 3.667423203278514232e-01 5.411123207001692359e-01 5.411123207001692359e-01 0.000000000000000000e+00 0.000000000000000000e+00 0.000000000000000000e+00 0.000000000000000000e+00 0.000000000000000000e+00 0.000000000000000000e+00 0.000000000000000000e+00 0.000000000000000000e+00 0.000000000000000000e+00 0.000000000000000000e+00 0.000000000000000000e+00 0.000000000000000000e+00 0.000000000000000000e+00
1.662889327652741500e-01 0.000000000000000000e+00 3.498869077467596234e-01 0.000000000000000000e+00 1.662889327652741500e-01 1.662889327652741500e-01 1.662889327652741500e-01 1.662889327652741500e-01 1.662889327652741500e-01 0.000000000000000000e+00 0.000000000000000000e+00 4.162695788587674611e-02 4.162695788587674611e-02 4.162695788587674611e-02 4.162695788587674611e-02 0.000000000000000000e+00 0.000000000000000000e+00 0.000000000000000000e+00 0.000000000000000000e+00 0.000000000000000000e+00
8.335106160230612571e-02 8.335106160230612571e-02 0.000000000000000000e+00 5.291533244978612327e-01 3.514181422816448769e-02 0.000000000000000000e+00 0.000000000000000000e+00 0.000000000000000000e+00 0.000000000000000000e+00 0.000000000000000000e+00 0.000000000000000000e+00 0.000000000000000000e+00 0.000000000000000000e+00 0.000000000000000000e+00 0.000000000000000000e+00 0.000000000000000000e+00 0.000000000000000000e+00 0.000000000000000000e+00 0.000000000000000000e+00 0.000000000000000000e+00
2.390517204017023750e-02 0.000000000000000000e+00 2.527476361148243700e-01 0.000000000000000000e+00 0.000000000000000000e+00 0.000000000000000000e+00 0.000000000000000000e+00 1.344124969258925217e-01 1.344124969258925217e-01 2.390517204017023750e-02 0.000000000000000000e+00 0.000000000000000000e+00 0.000000000000000000e+00 0.000000000000000000e+00 0.000000000000000000e+00 0.000000000000000000e+00 0.000000000000000000e+00 0.000000000000000000e+00 0.000000000000000000e+00 0.000000000000000000e+00
4.178378879253253908e-01 0.000000000000000000e+00 2.203495142030467147e-01 0.000000000000000000e+00 0.000000000000000000e+00 0.000000000000000000e+00 0.000000000000000000e+00 0.000000000000000000e+00 0.000000000000000000e+00 0.000000000000000000e+00 0.000000000000000000e+00 0.000000000000000000e+00 0.000000000000000000e+00 0.000000000000000000e+00 0.000000000000000000e+00 0.000000000000000000e+00 0.000000000000000000e+00 0.000000000000000000e+00 0.000000000000000000e+00 0.000000000000000000e+00
