1.881784434708091147e-01 1.881784434708091147e-01 6.500727565910134620e-02 2.899464464161263105e-02 2.899464464161263105e-02 2.899464464161263105e-02 2.899464464161263105e-02 2.899464464161263105e-02 2.899464464161263105e-02 0.000000000000000000e+00 0.000000000000000000e+00 0.000000000000000000e+00 2.899464464161263105e-02 2.899464464161263105e-02 2.899464464161263105e-02 2.899464464161263105e-02 2.899464464161263105e-02 2.899464464161263105e-02 2.899464464161263105e-02 2.899464464161263105e-02
3.105785982194995618e-02 1.258105954519825598e-01 0.000000000000000000e+00 0.000000000000000000e+00 0.000000000000000000e+00 0.000000000000000000e+00 0.000000000000000000e+00 4.428131980663603680e-04 4.428131980663603680e-04 4.428131980663603680e-04 4.428131980663603680e-04 4.428131980663603680e-04 4.428131980663603680e-04 4.428131980663603680e-04 4.428131980663603680e-04 4.428131980663603680e-04 4.428131980663603680e-04 4.428131980663603680e-04 4.428131980663603680e-04 4.428131980663603680e-04
1.296467874713474189e-01 1.679072883445807685e-01 -1.748252962036784641e-16 3.560901533163600141e-01 3.943506541895935302e-01 3.943506541895935302e-01 3.826050087323352999e-02 -1.748252962036784641e-16 -1.748252962036784641e-16 3.826050087323352999e-02 -1.748252962036784641e-16 -1.748252962036784641e-16 3.826050087323352999e-02 3.826050087323352999e-02 3.826050087323352999e-02 3.826050087323352999e-02 3.826050087323352999e-02 3.826050087323352999e-02 3.826050087323352999e-02 3.826050087323352999e-02
3.427903574350223415e-01 3.158315173860840042e-02 3.158315173860840042e-02 0.000000000000000000e+00 0.000000000000000000e+00 0.000000000000000000e+00 0.000000000000000000e+00 0.000000000000000000e+00 0.000000000000000000e+00 0.000000000000000000e+00 0.000000000000000000e+00 0.000000000000000000e+00 0.000000000000000000e+00 0.000000000000000000e+00 0.000000000000000000e+00 0.000000000000000000e+00 0.000000000000000000e+00 0.000000000000000000e+00 0.000000000000000000e+00 0.000000000000000000e+00
1.069632596380300921e-01 2.459006528374456657e-01 0.000000000000000000e+00 0.000000000000000000e+00 0.000000000000000000e+00 0.000000000000000000e+00 0.000000000000000000e+00 0.000000000000000000e+00 0.000000000000000000e+00 0.000000000000000000e+00 0.000000000000000000e+00 0.000000000000000000e+00 0.000000000000000000e+00 0.000000000000000000e+00 0.000000000000000000e+00 0.000000000000000000e+00 0.000000000000000000e+00 0.000000000000000000e+00 0.000000000000000000e+00 0.000000000000000000e+00
0.000000000000000000e+00 1.021103087750014765e-01 1.021103087750014765e-01 1.021103087750014765e-01 1.021103087750014765e-01 0.000000000000000000e+00 0.000000000000000000e+00 0.000000000000000000e+00 0.000000000000000000e+00 0.000000000000000000e+00 0.000000000000000000e+00 0.000000000000000000e+00 0.000000000000000000e+00 0.000000000000000000e+00 0.000000000000000000e+00 0.000000000000000000e+00 0.000000000000000000e+00 0.000000000000000000e+00 0.000000000000000000e+00 0.000000000000000000e+00
3.419273835491628000e-01 0.000000000000000000e+00 0.000000000000000000e+00 4.866423295736689580e-02 4.866423295736689580e-02 0.000000000000000000e+00 0.000000000000000000e+00 0.000000000000000000e+00 0.000000000000000000e+00 0.000000000000000000e+00 0.000000000000000000e+00 0.000000000000000000e+00 0.000000000000000000e+00 0.000000000000000000e+00 0.000000000000000000e+00 0.000000000000000000e+00 0.000000000000000000e+00 0.000000000000000000e+00 0.000000000000000000e+00 0.000000000000000000e+00
3.621739709297997489e-01 3.621739709297997489e-01 1.479152876908902126e-01 1.479152876908902126e-01 9.218202030879167619e-02 5.573326738209827269e-02 5.573326738209827269e-02 5.573326738209827269e-02 0.000000000000000000e+00 0.000000000000000000e+00 0.000000000000000000e+00 0.000000000000000000e+00 0.000000000000000000e+00 0.000000000000000000e+00 0.000000000000000000e+00 0.000000000000000000e+00 0.000000000000000000e+00 0.000000000000000000e+00 0.000000000000000000e+00 5.573326738209827269e-02
4.979735306824199514e-01 3.449570355389295906e-01 1.530164951434903331e-01 3.481982103166535447e-01 1.951817151731632116e-01 1.951817151731632116e-01 0.000000000000000000e+00 0.000000000000000000e+00 0.000000000000000000e+00 0.000000000000000000e+00 0.000000000000000000e+00 0.000000000000000000e+00 0.000000000000000000e+00 0.000000000000000000e+00 0.000000000000000000e+00 0.000000000000000000e+00 0.000000000000000000e+00 0.000000000000000000e+00 0.000000000000000000e+00 0.000000000000000000e+00
0.000000000000000000e+00 5.198265545249754205e-02 5.198265545249754205e-02 1.751718327212005433e-01 1.751718327212005433e-01 1.751718327212005433e-01 5.198265545249754205e-02 5.198265545249754205e-02 0.000000000000000000e+00 0.000000000000000000e+00 0.000000000000000000e+00 0.000000000000000000e+00 0.000000000000000000e+00 0.000000000000000000e+00 0.000000000000000000e+00 0.000000000000000000e+00 0.000000000000000000e+00 0.000000000000000000e+00 0.000000000000000000e+00 0.000000000000000000e+00
