1.510000228881835938e-02 1.489186286926269531e-02 3.180503845214843750e-02 2.661800384521484375e-02 4.004597663879394531e-02 4.161977767944335938e-02 4.364395141601562500e-02 4.618906974792480469e-02 5.762410163879394531e-02 5.377101898193359375e-02 5.407309532165527344e-02 5.952596664428710938e-02 5.757093429565429688e-02 5.997204780578613281e-02 6.261897087097167969e-02 6.924605369567871094e-02 7.041311264038085938e-02 7.573199272155761719e-02 7.420492172241210938e-02 8.072113990783691406e-02
1.226592063903808594e-02 1.441001892089843750e-02 3.187012672424316406e-02 2.460098266601562500e-02 3.940582275390625000e-02 4.344797134399414062e-02 4.860401153564453125e-02 4.653811454772949219e-02 4.862093925476074219e-02 5.568599700927734375e-02 5.750393867492675781e-02 5.858111381530761719e-02 5.836105346679687500e-02 6.510686874389648438e-02 7.362914085388183594e-02 7.546806335449218750e-02 7.169795036315917969e-02 8.288788795471191406e-02 9.018898010253906250e-02 8.409404754638671875e-02
1.212191581726074219e-02 1.397705078125000000e-02 1.898503303527832031e-02 4.092597961425781250e-02 3.808283805847167969e-02 4.094791412353515625e-02 4.000282287597656250e-02 4.895281791687011719e-02 5.723714828491210938e-02 5.719208717346191406e-02 6.380295753479003906e-02 5.913400650024414062e-02 6.089401245117187500e-02 6.479692459106445312e-02 6.163787841796875000e-02 7.163596153259277344e-02 7.397103309631347656e-02 7.589101791381835938e-02 8.573603630065917969e-02 8.753800392150878906e-02
1.204681396484375000e-02 1.427698135375976562e-02 3.066897392272949219e-02 3.247690200805664062e-02 4.203200340270996094e-02 4.028797149658203125e-02 4.279804229736328125e-02 4.740405082702636719e-02 4.974412918090820312e-02 5.330681800842285156e-02 5.663990974426269531e-02 5.820679664611816406e-02 5.925798416137695312e-02 6.547689437866210938e-02 7.351016998291015625e-02 7.736706733703613281e-02 7.433199882507324219e-02 7.645797729492187500e-02 7.827806472778320312e-02 8.252882957458496094e-02
1.210498809814453125e-02 1.427197456359863281e-02 3.060293197631835938e-02 3.243994712829589844e-02 4.193687438964843750e-02 4.755806922912597656e-02 4.211997985839843750e-02 5.211901664733886719e-02 5.246496200561523438e-02 6.333398818969726562e-02 7.075691223144531250e-02 6.086492538452148438e-02 6.831097602844238281e-02 7.391905784606933594e-02 8.805298805236816406e-02 8.663892745971679688e-02 8.799314498901367188e-02 7.875895500183105469e-02 1.047630310058593750e-01 9.735512733459472656e-02
1.210403442382812500e-02 1.451802253723144531e-02 3.151512145996093750e-02 2.703213691711425781e-02 4.583597183227539062e-02 5.484604835510253906e-02 5.794501304626464844e-02 5.019783973693847656e-02 4.836893081665039062e-02 5.398201942443847656e-02 6.868696212768554688e-02 6.622099876403808594e-02 6.605601310729980469e-02 6.891202926635742188e-02 8.688592910766601562e-02 7.330489158630371094e-02 7.580518722534179688e-02 7.905077934265136719e-02 8.554506301879882812e-02 8.467793464660644531e-02
1.404786109924316406e-02 1.466608047485351562e-02 1.916384696960449219e-02 3.175497055053710938e-02 3.474807739257812500e-02 3.892493247985839844e-02 4.890799522399902344e-02 5.105996131896972656e-02 4.814291000366210938e-02 6.232881546020507812e-02 5.414891242980957031e-02 6.132292747497558594e-02 6.934285163879394531e-02 6.439089775085449219e-02 6.784701347351074219e-02 7.457304000854492188e-02 8.024501800537109375e-02 7.476305961608886719e-02 7.852602005004882812e-02 8.261013031005859375e-02
1.244902610778808594e-02 1.557111740112304688e-02 3.233218193054199219e-02 3.336596488952636719e-02 4.296016693115234375e-02 4.150700569152832031e-02 4.538512229919433594e-02 4.326295852661132812e-02 4.189300537109375000e-02 5.008196830749511719e-02 5.524587631225585938e-02 6.149411201477050781e-02 6.612992286682128906e-02 6.736302375793457031e-02 8.256888389587402344e-02 6.408691406250000000e-02 7.145094871520996094e-02 7.141685485839843750e-02 7.557106018066406250e-02 9.481000900268554688e-02
1.209187507629394531e-02 1.445102691650390625e-02 3.145480155944824219e-02 2.657508850097656250e-02 3.665804862976074219e-02 4.060292243957519531e-02 4.199409484863281250e-02 4.849290847778320312e-02 5.126214027404785156e-02 4.803895950317382812e-02 5.509114265441894531e-02 6.027507781982421875e-02 6.598901748657226562e-02 6.023192405700683594e-02 7.350707054138183594e-02 7.352805137634277344e-02 8.943510055541992188e-02 7.662701606750488281e-02 9.031796455383300781e-02 8.794999122619628906e-02
1.281309127807617188e-02 1.481199264526367188e-02 2.036976814270019531e-02 4.321002960205078125e-02 3.866004943847656250e-02 4.251003265380859375e-02 3.278589248657226562e-02 4.480099678039550781e-02 4.916119575500488281e-02 5.256390571594238281e-02 5.185294151306152344e-02 5.803394317626953125e-02 8.489298820495605469e-02 6.484079360961914062e-02 7.018303871154785156e-02 7.784891128540039062e-02 8.084297180175781250e-02 8.256292343139648438e-02 8.696007728576660156e-02 8.931899070739746094e-02
