8.126974105834960938e-03 7.583141326904296875e-03 9.315967559814453125e-03 1.076316833496093750e-02 1.200604438781738281e-02 1.367592811584472656e-02 1.555609703063964844e-02 1.606392860412597656e-02 1.714801788330078125e-02 1.842498779296875000e-02 1.971292495727539062e-02 2.109599113464355469e-02 2.305006980895996094e-02 2.438092231750488281e-02 2.554798126220703125e-02 2.691507339477539062e-02 2.818608283996582031e-02 2.945208549499511719e-02 3.076696395874023438e-02 3.206300735473632812e-02
6.176948547363281250e-03 7.552146911621093750e-03 9.329080581665039062e-03 1.076912879943847656e-02 1.199603080749511719e-02 1.347804069519042969e-02 1.467299461364746094e-02 1.589107513427734375e-02 1.734399795532226562e-02 1.919913291931152344e-02 2.028393745422363281e-02 2.173399925231933594e-02 2.247500419616699219e-02 2.381682395935058594e-02 2.498912811279296875e-02 2.629208564758300781e-02 2.751207351684570312e-02 2.887320518493652344e-02 3.049516677856445312e-02 3.143310546875000000e-02
6.165027618408203125e-03 7.578134536743164062e-03 9.354829788208007812e-03 1.069211959838867188e-02 1.204109191894531250e-02 1.340508460998535156e-02 1.455020904541015625e-02 1.598191261291503906e-02 1.721596717834472656e-02 1.879596710205078125e-02 1.989293098449707031e-02 2.101993560791015625e-02 2.251791954040527344e-02 2.369594573974609375e-02 2.498793601989746094e-02 2.632808685302734375e-02 2.736806869506835938e-02 2.858090400695800781e-02 2.990698814392089844e-02 3.120398521423339844e-02
6.269216537475585938e-03 7.528781890869140625e-03 9.480953216552734375e-03 1.065993309020996094e-02 1.212596893310546875e-02 1.392412185668945312e-02 1.528501510620117188e-02 1.655888557434082031e-02 1.769995689392089844e-02 1.907706260681152344e-02 2.012109756469726562e-02 2.149510383605957031e-02 2.288508415222167969e-02 2.425909042358398438e-02 2.545809745788574219e-02 2.668690681457519531e-02 2.803301811218261719e-02 2.930784225463867188e-02 3.243803977966308594e-02 3.695821762084960938e-02
6.230115890502929688e-03 7.555961608886718750e-03 9.452104568481445312e-03 1.080894470214843750e-02 1.268410682678222656e-02 1.321196556091308594e-02 1.465296745300292969e-02 1.604199409484863281e-02 1.732897758483886719e-02 1.853895187377929688e-02 2.080702781677246094e-02 2.123498916625976562e-02 2.260994911193847656e-02 2.384090423583984375e-02 3.793692588806152344e-02 2.904105186462402344e-02 2.778196334838867188e-02 2.892804145812988281e-02 3.302192687988281250e-02 3.157997131347656250e-02
6.237983703613281250e-03 7.487058639526367188e-03 9.428024291992187500e-03 1.068711280822753906e-02 1.219701766967773438e-02 1.434993743896484375e-02 1.488900184631347656e-02 1.676893234252929688e-02 1.827406883239746094e-02 1.941299438476562500e-02 2.085494995117187500e-02 2.220892906188964844e-02 2.340412139892578125e-02 2.371096611022949219e-02 2.491402626037597656e-02 2.618098258972167969e-02 2.743077278137207031e-02 2.880907058715820312e-02 3.015780448913574219e-02 3.123688697814941406e-02
6.211996078491210938e-03 7.498025894165039062e-03 9.413003921508789062e-03 1.051688194274902344e-02 1.184582710266113281e-02 1.381707191467285156e-02 1.450395584106445312e-02 1.579904556274414062e-02 1.700210571289062500e-02 1.831197738647460938e-02 1.952910423278808594e-02 2.081084251403808594e-02 2.219295501708984375e-02 2.343511581420898438e-02 2.472305297851562500e-02 2.597212791442871094e-02 2.726578712463378906e-02 2.866291999816894531e-02 2.988100051879882812e-02 3.133893013000488281e-02
6.206989288330078125e-03 7.591962814331054688e-03 9.418964385986328125e-03 1.088500022888183594e-02 1.198697090148925781e-02 1.322889328002929688e-02 1.794719696044921875e-02 1.595497131347656250e-02 1.826000213623046875e-02 1.951098442077636719e-02 2.076697349548339844e-02 2.220988273620605469e-02 2.352499961853027344e-02 2.469587326049804688e-02 2.603220939636230469e-02 2.789902687072753906e-02 2.856898307800292969e-02 2.981400489807128906e-02 3.114986419677734375e-02 3.224587440490722656e-02
6.211042404174804688e-03 7.610082626342773438e-03 9.323835372924804688e-03 1.070094108581542969e-02 1.278400421142578125e-02 1.403403282165527344e-02 1.533389091491699219e-02 1.657891273498535156e-02 1.796388626098632812e-02 1.917409896850585938e-02 2.063298225402832031e-02 2.346277236938476562e-02 2.487683296203613281e-02 2.744007110595703125e-02 2.960395812988281250e-02 2.705192565917968750e-02 2.828097343444824219e-02 2.943992614746093750e-02 3.081917762756347656e-02 3.225398063659667969e-02
6.196022033691406250e-03 7.723093032836914062e-03 9.398937225341796875e-03 1.075077056884765625e-02 1.219701766967773438e-02 1.323699951171875000e-02 1.472997665405273438e-02 1.591897010803222656e-02 1.721215248107910156e-02 1.854801177978515625e-02 1.991391181945800781e-02 2.170896530151367188e-02 2.233982086181640625e-02 2.357602119445800781e-02 2.481389045715332031e-02 2.626895904541015625e-02 2.752709388732910156e-02 2.883982658386230469e-02 3.009486198425292969e-02 3.141403198242187500e-02
