1.446700096130371094e-02 1.777505874633789062e-02 3.093099594116210938e-02 3.403806686401367188e-02 3.076696395874023438e-02 4.040408134460449219e-02 3.689885139465332031e-02 4.001808166503906250e-02 4.362702369689941406e-02 4.547595977783203125e-02 3.536391258239746094e-02 3.432893753051757812e-02 3.396511077880859375e-02 3.553295135498046875e-02 3.696012496948242188e-02 3.849911689758300781e-02 3.987097740173339844e-02 4.159617424011230469e-02 4.299402236938476562e-02 4.438209533691406250e-02
1.222300529479980469e-02 1.786518096923828125e-02 3.053712844848632812e-02 3.327608108520507812e-02 3.633594512939453125e-02 3.885102272033691406e-02 4.776906967163085938e-02 3.599095344543457031e-02 4.276704788208007812e-02 4.307389259338378906e-02 3.677797317504882812e-02 4.000806808471679688e-02 4.125404357910156250e-02 4.235506057739257812e-02 4.371714591979980469e-02 4.968404769897460938e-02 4.594898223876953125e-02 4.866814613342285156e-02 5.026483535766601562e-02 5.046606063842773438e-02
1.217412948608398438e-02 1.783394813537597656e-02 2.929210662841796875e-02 3.424882888793945312e-02 3.593516349792480469e-02 4.113912582397460938e-02 4.090690612792968750e-02 3.855800628662109375e-02 3.390717506408691406e-02 3.834509849548339844e-02 3.163290023803710938e-02 3.742098808288574219e-02 4.185509681701660156e-02 3.828501701354980469e-02 3.772497177124023438e-02 3.922390937805175781e-02 4.284620285034179688e-02 4.456877708435058594e-02 4.588985443115234375e-02 4.714393615722656250e-02
1.223492622375488281e-02 1.788997650146484375e-02 3.052902221679687500e-02 3.460311889648437500e-02 3.900599479675292969e-02 4.192209243774414062e-02 4.105591773986816406e-02 4.052495956420898438e-02 4.663395881652832031e-02 4.771900177001953125e-02 2.852702140808105469e-02 2.993416786193847656e-02 3.146886825561523438e-02 3.303194046020507812e-02 3.451395034790039062e-02 3.611397743225097656e-02 3.744792938232421875e-02 3.904390335083007812e-02 4.044795036315917969e-02 4.193806648254394531e-02
1.223111152648925781e-02 1.776218414306640625e-02 4.039788246154785156e-02 4.989194869995117188e-02 4.202699661254882812e-02 3.881502151489257812e-02 4.788303375244140625e-02 4.184079170227050781e-02 3.763413429260253906e-02 3.707599639892578125e-02 4.090499877929687500e-02 3.192806243896484375e-02 3.307795524597167969e-02 3.458809852600097656e-02 3.608798980712890625e-02 3.763699531555175781e-02 3.897213935852050781e-02 4.044198989868164062e-02 4.212617874145507812e-02 4.357981681823730469e-02
1.215386390686035156e-02 1.779699325561523438e-02 2.946281433105468750e-02 3.513598442077636719e-02 3.769707679748535156e-02 4.226613044738769531e-02 3.665781021118164062e-02 3.686094284057617188e-02 3.953409194946289062e-02 4.220199584960937500e-02 4.643893241882324219e-02 3.181910514831542969e-02 3.232288360595703125e-02 3.386116027832031250e-02 3.526496887207031250e-02 3.682112693786621094e-02 3.818106651306152344e-02 3.971695899963378906e-02 4.133510589599609375e-02 4.284811019897460938e-02
1.228117942810058594e-02 1.775813102722167969e-02 2.947807312011718750e-02 3.853106498718261719e-02 3.045201301574707031e-02 3.872084617614746094e-02 3.369784355163574219e-02 3.527116775512695312e-02 3.859591484069824219e-02 3.893399238586425781e-02 2.907800674438476562e-02 3.051090240478515625e-02 3.206396102905273438e-02 3.353810310363769531e-02 3.498888015747070312e-02 3.646802902221679688e-02 3.865098953247070312e-02 3.945803642272949219e-02 4.102802276611328125e-02 4.258298873901367188e-02
1.218795776367187500e-02 1.742196083068847656e-02 2.963805198669433594e-02 3.392195701599121094e-02 3.715014457702636719e-02 3.857612609863281250e-02 4.196715354919433594e-02 4.504394531250000000e-02 4.634785652160644531e-02 4.733300209045410156e-02 3.990793228149414062e-02 4.583477973937988281e-02 4.488396644592285156e-02 4.628896713256835938e-02 4.783701896667480469e-02 4.923391342163085938e-02 5.100917816162109375e-02 5.247592926025390625e-02 5.409502983093261719e-02 5.544304847717285156e-02
1.226782798767089844e-02 1.780796051025390625e-02 2.946186065673828125e-02 3.403902053833007812e-02 3.601813316345214844e-02 4.099011421203613281e-02 4.084300994873046875e-02 3.842997550964355469e-02 4.347896575927734375e-02 4.479384422302246094e-02 4.093599319458007812e-02 3.194808959960937500e-02 3.284096717834472656e-02 3.428196907043457031e-02 3.593397140502929688e-02 3.722810745239257812e-02 3.874778747558593750e-02 4.020190238952636719e-02 4.181909561157226562e-02 4.323720932006835938e-02
1.222991943359375000e-02 1.792812347412109375e-02 3.052210807800292969e-02 3.432011604309082031e-02 3.907394409179687500e-02 4.195499420166015625e-02 4.090809822082519531e-02 3.449201583862304688e-02 4.074716567993164062e-02 4.060792922973632812e-02 4.017996788024902344e-02 3.182291984558105469e-02 3.296089172363281250e-02 3.443813323974609375e-02 3.597307205200195312e-02 3.736805915832519531e-02 3.877806663513183594e-02 4.041099548339843750e-02 4.207706451416015625e-02 5.520081520080566406e-02
