8.140802383422851562e-03 7.539987564086914062e-03 9.272098541259765625e-03 1.067090034484863281e-02 1.189279556274414062e-02 1.319408416748046875e-02 1.447296142578125000e-02 1.581311225891113281e-02 1.712203025817871094e-02 1.843690872192382812e-02 1.962304115295410156e-02 2.051591873168945312e-02 2.185583114624023438e-02 2.300310134887695312e-02 2.434301376342773438e-02 2.564311027526855469e-02 2.686595916748046875e-02 2.815580368041992188e-02 2.955818176269531250e-02 3.073883056640625000e-02
6.127834320068359375e-03 7.591962814331054688e-03 9.351015090942382812e-03 1.070809364318847656e-02 1.192307472229003906e-02 1.320791244506835938e-02 1.444697380065917969e-02 1.577401161193847656e-02 1.703286170959472656e-02 1.833081245422363281e-02 1.963400840759277344e-02 2.093219757080078125e-02 2.178692817687988281e-02 2.322602272033691406e-02 2.449393272399902344e-02 2.571296691894531250e-02 2.696299552917480469e-02 2.818417549133300781e-02 2.969598770141601562e-02 3.121089935302734375e-02
6.126165390014648438e-03 7.541894912719726562e-03 9.325027465820312500e-03 1.062917709350585938e-02 1.198410987854003906e-02 1.312398910522460938e-02 1.449704170227050781e-02 1.578402519226074219e-02 1.703119277954101562e-02 1.840186119079589844e-02 1.967287063598632812e-02 2.127695083618164062e-02 2.207899093627929688e-02 2.344703674316406250e-02 2.463793754577636719e-02 2.599811553955078125e-02 2.727699279785156250e-02 2.847290039062500000e-02 2.980399131774902344e-02 3.104901313781738281e-02
6.230115890502929688e-03 7.477998733520507812e-03 9.342908859252929688e-03 1.056098937988281250e-02 1.188302040100097656e-02 1.329612731933593750e-02 1.451110839843750000e-02 1.582813262939453125e-02 1.714587211608886719e-02 1.834893226623535156e-02 1.964306831359863281e-02 2.042198181152343750e-02 2.189898490905761719e-02 2.306699752807617188e-02 2.446699142456054688e-02 2.566504478454589844e-02 2.688980102539062500e-02 2.819299697875976562e-02 2.944922447204589844e-02 3.070783615112304688e-02
6.223917007446289062e-03 7.513999938964843750e-03 1.005196571350097656e-02 1.128101348876953125e-02 1.259493827819824219e-02 1.389408111572265625e-02 1.521110534667968750e-02 1.649713516235351562e-02 1.776695251464843750e-02 1.897597312927246094e-02 2.041101455688476562e-02 2.159309387207031250e-02 2.286100387573242188e-02 2.426886558532714844e-02 2.548003196716308594e-02 2.680587768554687500e-02 2.809619903564453125e-02 2.932095527648925781e-02 3.060388565063476562e-02 3.145408630371093750e-02
6.248950958251953125e-03 7.504940032958984375e-03 9.396076202392578125e-03 1.063585281372070312e-02 1.188898086547851562e-02 1.314711570739746094e-02 1.452898979187011719e-02 1.587915420532226562e-02 1.708889007568359375e-02 1.835608482360839844e-02 1.959419250488281250e-02 2.100205421447753906e-02 2.230596542358398438e-02 2.362298965454101562e-02 2.482199668884277344e-02 2.622818946838378906e-02 2.736592292785644531e-02 2.873206138610839844e-02 2.996897697448730469e-02 3.128504753112792969e-02
6.151199340820312500e-03 7.718801498413085938e-03 8.957862854003906250e-03 1.032686233520507812e-02 1.155304908752441406e-02 1.278185844421386719e-02 1.407694816589355469e-02 1.537609100341796875e-02 1.669001579284667969e-02 1.794505119323730469e-02 1.927113533020019531e-02 2.057099342346191406e-02 2.192115783691406250e-02 2.314996719360351562e-02 2.446007728576660156e-02 2.575492858886718750e-02 2.704310417175292969e-02 2.837681770324707031e-02 2.951407432556152344e-02 3.083181381225585938e-02
6.115198135375976562e-03 7.614850997924804688e-03 9.319782257080078125e-03 1.073694229125976562e-02 1.195311546325683594e-02 1.323294639587402344e-02 1.442289352416992188e-02 1.581406593322753906e-02 1.698112487792968750e-02 1.828908920288085938e-02 1.971983909606933594e-02 2.099704742431640625e-02 2.212810516357421875e-02 2.342677116394042969e-02 2.472710609436035156e-02 2.599096298217773438e-02 2.723813056945800781e-02 2.850890159606933594e-02 2.981996536254882812e-02 3.320407867431640625e-02
6.155014038085937500e-03 7.553815841674804688e-03 9.245872497558593750e-03 1.054382324218750000e-02 1.192808151245117188e-02 1.310014724731445312e-02 1.436996459960937500e-02 1.564502716064453125e-02 1.695799827575683594e-02 1.822614669799804688e-02 1.966094970703125000e-02 2.051687240600585938e-02 2.333092689514160156e-02 2.365303039550781250e-02 2.548003196716308594e-02 2.697396278381347656e-02 2.841019630432128906e-02 2.927398681640625000e-02 2.992606163024902344e-02 3.066301345825195312e-02
6.202220916748046875e-03 7.519960403442382812e-03 9.420871734619140625e-03 1.058912277221679688e-02 1.189208030700683594e-02 1.323223114013671875e-02 1.456594467163085938e-02 1.585006713867187500e-02 1.707983016967773438e-02 1.832103729248046875e-02 1.965594291687011719e-02 2.086186408996582031e-02 2.218389511108398438e-02 2.351498603820800781e-02 2.473998069763183594e-02 2.598786354064941406e-02 2.728104591369628906e-02 2.855610847473144531e-02 2.982401847839355469e-02 3.106999397277832031e-02
