1.159191131591796875e-02
1.751685142517089844e-02
2.841997146606445312e-02
2.960491180419921875e-02
2.685904502868652344e-02
3.534793853759765625e-02
3.026795387268066406e-02
3.551316261291503906e-02
2.870082855224609375e-02
2.875399589538574219e-02
2.831196784973144531e-02
2.758812904357910156e-02
2.842593193054199219e-02
2.930617332458496094e-02
2.983999252319335938e-02
3.014612197875976562e-02
3.091096878051757812e-02
3.223490715026855469e-02
3.254699707031250000e-02
3.281807899475097656e-02
1.073908805847167969e-02
1.651406288146972656e-02
2.933216094970703125e-02
3.232383728027343750e-02
3.287887573242187500e-02
3.946805000305175781e-02
4.016995429992675781e-02
2.884602546691894531e-02
3.325009346008300781e-02
3.276395797729492188e-02
2.505397796630859375e-02
3.241705894470214844e-02
2.819395065307617188e-02
1.966190338134765625e-02
2.003312110900878906e-02
2.209997177124023438e-02
1.950907707214355469e-02
2.379512786865234375e-02
2.212500572204589844e-02
2.310299873352050781e-02
9.085893630981445312e-03
1.397395133972167969e-02
2.795100212097167969e-02
3.259301185607910156e-02
2.525496482849121094e-02
3.712797164916992188e-02
2.597594261169433594e-02
2.920389175415039062e-02
3.284907341003417969e-02
3.117108345031738281e-02
1.943707466125488281e-02
2.087187767028808594e-02
2.109193801879882812e-02
2.167415618896484375e-02
2.196788787841796875e-02
2.017807960510253906e-02
2.068209648132324219e-02
2.140808105468750000e-02
2.418303489685058594e-02
2.375793457031250000e-02
9.868144989013671875e-03
1.726102828979492188e-02
2.888011932373046875e-02
3.167200088500976562e-02
3.567099571228027344e-02
3.799414634704589844e-02
2.908110618591308594e-02
2.901697158813476562e-02
2.863287925720214844e-02
2.862000465393066406e-02
2.253508567810058594e-02
2.567291259765625000e-02
2.575302124023437500e-02
2.361989021301269531e-02
2.345514297485351562e-02
2.768111228942871094e-02
2.401208877563476562e-02
3.024792671203613281e-02
2.609705924987792969e-02
2.645587921142578125e-02
8.943080902099609375e-03
1.581001281738281250e-02
2.791810035705566406e-02
3.115582466125488281e-02
3.295493125915527344e-02
3.590989112854003906e-02
3.573107719421386719e-02
3.368496894836425781e-02
3.348898887634277344e-02
2.546095848083496094e-02
2.371692657470703125e-02
2.428698539733886719e-02
2.463698387145996094e-02
2.387189865112304688e-02
2.306509017944335938e-02
2.517199516296386719e-02
2.607703208923339844e-02
2.393198013305664062e-02
2.659893035888671875e-02
2.709484100341796875e-02
9.652853012084960938e-03
1.487779617309570312e-02
2.666091918945312500e-02
3.030586242675781250e-02
2.887105941772460938e-02
3.444409370422363281e-02
3.118610382080078125e-02
3.705096244812011719e-02
3.350687026977539062e-02
2.609801292419433594e-02
3.181099891662597656e-02
3.191399574279785156e-02
3.256201744079589844e-02
3.251504898071289062e-02
3.456306457519531250e-02
3.425192832946777344e-02
4.354190826416015625e-02
3.510618209838867188e-02
3.520703315734863281e-02
3.661394119262695312e-02
1.139402389526367188e-02
2.421498298645019531e-02
3.183102607727050781e-02
2.977705001831054688e-02
2.627110481262207031e-02
3.947997093200683594e-02
3.422617912292480469e-02
3.786802291870117188e-02
2.682709693908691406e-02
3.292894363403320312e-02
1.896810531616210938e-02
2.100586891174316406e-02
2.067685127258300781e-02
2.102398872375488281e-02
2.739906311035156250e-02
2.434802055358886719e-02
2.105903625488281250e-02
2.603292465209960938e-02
2.401590347290039062e-02
2.591109275817871094e-02
9.843111038208007812e-03
1.805877685546875000e-02
2.859902381896972656e-02
3.084206581115722656e-02
3.490495681762695312e-02
3.612494468688964844e-02
3.047108650207519531e-02
3.646683692932128906e-02
2.968907356262207031e-02
2.768182754516601562e-02
2.317905426025390625e-02
2.124595642089843750e-02
3.138613700866699219e-02
1.904606819152832031e-02
2.006506919860839844e-02
2.292394638061523438e-02
2.355384826660156250e-02
2.066087722778320312e-02
2.388119697570800781e-02
2.222394943237304688e-02
9.722948074340820312e-03
1.541709899902343750e-02
2.881503105163574219e-02
3.134989738464355469e-02
2.593517303466796875e-02
3.707098960876464844e-02
2.382111549377441406e-02
2.860188484191894531e-02
3.008198738098144531e-02
3.300023078918457031e-02
1.785492897033691406e-02
1.860809326171875000e-02
1.892805099487304688e-02
1.922297477722167969e-02
1.983499526977539062e-02
1.924800872802734375e-02
2.063798904418945312e-02
1.897501945495605469e-02
1.902794837951660156e-02
1.999306678771972656e-02
8.975028991699218750e-03
1.423907279968261719e-02
2.831387519836425781e-02
3.044295310974121094e-02
3.377318382263183594e-02
3.092789649963378906e-02
3.758907318115234375e-02
3.481698036193847656e-02
3.288602828979492188e-02
2.374696731567382812e-02
2.390193939208984375e-02
2.004003524780273438e-02
1.817798614501953125e-02
2.047085762023925781e-02
1.896309852600097656e-02
2.177405357360839844e-02
2.366685867309570312e-02
2.129983901977539062e-02
2.068901062011718750e-02
2.502012252807617188e-02
1.219606399536132812e-02
1.326203346252441406e-02
2.824783325195312500e-02
2.906107902526855469e-02
3.424620628356933594e-02
3.091502189636230469e-02
3.301692008972167969e-02
3.131198883056640625e-02
4.257893562316894531e-02
1.614689826965332031e-02
1.777982711791992188e-02
1.772308349609375000e-02
1.973319053649902344e-02
2.106690406799316406e-02
1.990294456481933594e-02
1.907491683959960938e-02
1.987004280090332031e-02
2.123212814331054688e-02
2.357983589172363281e-02
2.068686485290527344e-02
1.098394393920898438e-02
1.779508590698242188e-02
2.982187271118164062e-02
3.075218200683593750e-02
3.939914703369140625e-02
4.087710380554199219e-02
3.143000602722167969e-02
4.374790191650390625e-02
3.908419609069824219e-02
3.672480583190917969e-02
1.930809020996093750e-02
1.942610740661621094e-02
1.992082595825195312e-02
1.973390579223632812e-02
2.027416229248046875e-02
2.274203300476074219e-02
2.052021026611328125e-02
2.123689651489257812e-02
2.215695381164550781e-02
2.175188064575195312e-02
1.528000831604003906e-02
1.748800277709960938e-02
2.997493743896484375e-02
3.273892402648925781e-02
3.695678710937500000e-02
3.361487388610839844e-02
3.829312324523925781e-02
2.931284904479980469e-02
5.312013626098632812e-02
3.293800354003906250e-02
3.004479408264160156e-02
4.037690162658691406e-02
3.300881385803222656e-02
2.838015556335449219e-02
2.855300903320312500e-02
2.984023094177246094e-02
3.650999069213867188e-02
3.284192085266113281e-02
3.415608406066894531e-02
3.176903724670410156e-02
8.984088897705078125e-03
1.329898834228515625e-02
2.665710449218750000e-02
3.113603591918945312e-02
2.493190765380859375e-02
3.811693191528320312e-02
3.023004531860351562e-02
2.928996086120605469e-02
4.355788230895996094e-02
2.891492843627929688e-02
2.963900566101074219e-02
2.356290817260742188e-02
2.265119552612304688e-02
2.244305610656738281e-02
2.411818504333496094e-02
2.112793922424316406e-02
2.410697937011718750e-02
2.540707588195800781e-02
2.542805671691894531e-02
2.494406700134277344e-02
9.881973266601562500e-03
1.803517341613769531e-02
3.014111518859863281e-02
3.053617477416992188e-02
2.502298355102539062e-02
3.595590591430664062e-02
3.642416000366210938e-02
3.328418731689453125e-02
3.273916244506835938e-02
3.731393814086914062e-02
3.042101860046386719e-02
3.207802772521972656e-02
3.200697898864746094e-02
3.249096870422363281e-02
3.256797790527343750e-02
3.202104568481445312e-02
3.269791603088378906e-02
3.321504592895507812e-02
3.458404541015625000e-02
3.492116928100585938e-02
1.074790954589843750e-02
1.495790481567382812e-02
2.885007858276367188e-02
3.138399124145507812e-02
3.955507278442382812e-02
4.013204574584960938e-02
4.147505760192871094e-02
3.420901298522949219e-02
3.143882751464843750e-02
2.028894424438476562e-02
1.564097404479980469e-02
1.821398735046386719e-02
1.871895790100097656e-02
2.007198333740234375e-02
1.893806457519531250e-02
1.900696754455566406e-02
2.176403999328613281e-02
2.260017395019531250e-02
2.100491523742675781e-02
2.298688888549804688e-02
1.063013076782226562e-02
1.687097549438476562e-02
2.966809272766113281e-02
3.047299385070800781e-02
3.239798545837402344e-02
3.469681739807128906e-02
3.941392898559570312e-02
3.496694564819335938e-02
3.738594055175781250e-02
4.460096359252929688e-02
3.457903861999511719e-02
3.496694564819335938e-02
3.275585174560546875e-02
3.460812568664550781e-02
3.490591049194335938e-02
3.458213806152343750e-02
3.429198265075683594e-02
3.505206108093261719e-02
3.438997268676757812e-02
3.497505187988281250e-02
8.960008621215820312e-03
1.436710357666015625e-02
2.659606933593750000e-02
3.009200096130371094e-02
2.390694618225097656e-02
3.235983848571777344e-02
3.526806831359863281e-02
2.920889854431152344e-02
2.730178833007812500e-02
2.433109283447265625e-02
1.713895797729492188e-02
1.679801940917968750e-02
1.977920532226562500e-02
1.924896240234375000e-02
1.862788200378417969e-02
2.044010162353515625e-02
2.070093154907226562e-02
2.064609527587890625e-02
1.886200904846191406e-02
2.180910110473632812e-02
8.829116821289062500e-03
1.293396949768066406e-02
2.812194824218750000e-02
3.239703178405761719e-02
2.755498886108398438e-02
3.550696372985839844e-02
3.489112854003906250e-02
3.261208534240722656e-02
3.226590156555175781e-02
2.974891662597656250e-02
3.045582771301269531e-02
2.758216857910156250e-02
3.019690513610839844e-02
3.203988075256347656e-02
2.996206283569335938e-02
3.349900245666503906e-02
3.103494644165039062e-02
3.081083297729492188e-02
3.138804435729980469e-02
3.057789802551269531e-02
1.062917709350585938e-02
1.502513885498046875e-02
2.659893035888671875e-02
3.137803077697753906e-02
3.691697120666503906e-02
3.807902336120605469e-02
3.585410118103027344e-02
2.954697608947753906e-02
1.623392105102539062e-02
1.884984970092773438e-02
1.527714729309082031e-02
1.873302459716796875e-02
1.693797111511230469e-02
1.782989501953125000e-02
1.819610595703125000e-02
2.063703536987304688e-02
2.081894874572753906e-02
1.816296577453613281e-02
2.132701873779296875e-02
2.153301239013671875e-02
