2.480244899962439076e-01
2.700828877790354965e-01
2.981782532467092683e-01
2.935451435115933871e-01
2.897191897866787658e-01
2.622415576192284048e-01
2.624912192005119937e-01
2.554442427934656701e-01
2.444732888178793861e-01
2.791196928792191168e-01
2.722691488361907997e-01
2.771678959278207066e-01
2.890580519936370441e-01
2.177397696766449064e-01
2.384078557762712158e-01
2.363346309302453430e-01
2.610216526596496611e-01
2.592849524352826007e-01
2.592849524352826007e-01
2.849013596508171431e-01
