1.958957758163119567e-01
2.104913209122451223e-01
2.372714325442618066e-01
2.313903829514867838e-01
2.097271501208034794e-01
2.151239138461973066e-01
2.259356592400072195e-01
2.026050320810279526e-01
2.013755167210105612e-01
2.217151994354183975e-01
2.150206230921965223e-01
2.217151994354183975e-01
2.272773098060690000e-01
2.097652423020980872e-01
2.224364849787935083e-01
2.121904646764050661e-01
2.057109100790193434e-01
2.183527694432356170e-01
2.015229598102877551e-01
2.026918901676655616e-01
