8.040904998779296875e-03 7.542133331298828125e-03 1.011610031127929688e-02 1.159095764160156250e-02 1.261997222900390625e-02 1.395893096923828125e-02 1.559615135192871094e-02 1.681709289550781250e-02 1.800394058227539062e-02 1.933407783508300781e-02 2.059912681579589844e-02 2.179908752441406250e-02 2.309393882751464844e-02 2.431297302246093750e-02 2.558493614196777344e-02 2.683401107788085938e-02 2.802705764770507812e-02 2.925300598144531250e-02 3.452897071838378906e-02 3.191018104553222656e-02
6.117105484008789062e-03 7.498979568481445312e-03 1.008009910583496094e-02 1.132082939147949219e-02 1.195192337036132812e-02 1.333689689636230469e-02 1.457595825195312500e-02 1.751518249511718750e-02 1.869916915893554688e-02 1.980900764465332031e-02 2.278804779052734375e-02 2.712106704711914062e-02 2.486801147460937500e-02 2.618622779846191406e-02 2.737212181091308594e-02 2.849006652832031250e-02 2.970099449157714844e-02 3.100800514221191406e-02 3.210020065307617188e-02 3.359007835388183594e-02
6.064891815185546875e-03 7.510185241699218750e-03 9.428977966308593750e-03 1.076292991638183594e-02 1.256108283996582031e-02 1.332020759582519531e-02 1.525998115539550781e-02 1.824307441711425781e-02 1.806116104125976562e-02 1.946282386779785156e-02 2.059388160705566406e-02 2.191781997680664062e-02 2.325296401977539062e-02 2.444219589233398438e-02 2.571105957031250000e-02 2.695918083190917969e-02 2.824783325195312500e-02 2.951002120971679688e-02 3.073596954345703125e-02 3.376007080078125000e-02
6.072044372558593750e-03 7.575035095214843750e-03 1.016902923583984375e-02 1.158809661865234375e-02 1.285696029663085938e-02 1.344990730285644531e-02 1.533913612365722656e-02 1.695895195007324219e-02 1.816082000732421875e-02 1.938414573669433594e-02 2.064800262451171875e-02 2.200603485107421875e-02 2.319192886352539062e-02 2.442193031311035156e-02 2.579712867736816406e-02 2.695894241333007812e-02 2.851009368896484375e-02 2.946090698242187500e-02 3.068804740905761719e-02 3.184103965759277344e-02
6.092786788940429688e-03 7.568120956420898438e-03 9.454011917114257812e-03 1.067113876342773438e-02 1.270294189453125000e-02 1.407122611999511719e-02 1.564884185791015625e-02 1.693701744079589844e-02 1.812100410461425781e-02 1.936602592468261719e-02 2.053308486938476562e-02 2.185511589050292969e-02 2.352309226989746094e-02 2.447104454040527344e-02 2.559614181518554688e-02 2.685189247131347656e-02 2.819705009460449219e-02 2.937698364257812500e-02 3.057217597961425781e-02 3.187704086303710938e-02
6.088972091674804688e-03 7.558107376098632812e-03 9.407043457031250000e-03 1.075506210327148438e-02 1.192307472229003906e-02 1.320505142211914062e-02 1.457786560058593750e-02 1.728296279907226562e-02 1.718091964721679688e-02 1.834392547607421875e-02 1.953196525573730469e-02 2.087187767028808594e-02 2.213883399963378906e-02 2.336001396179199219e-02 2.460598945617675781e-02 2.579307556152343750e-02 2.708697319030761719e-02 2.840495109558105469e-02 3.310108184814453125e-02 3.095197677612304688e-02
6.276130676269531250e-03 7.577896118164062500e-03 8.696079254150390625e-03 1.005697250366210938e-02 1.125788688659667969e-02 1.254010200500488281e-02 1.374411582946777344e-02 1.509308815002441406e-02 1.638102531433105469e-02 1.756596565246582031e-02 1.883387565612792969e-02 2.017021179199218750e-02 2.171587944030761719e-02 2.311801910400390625e-02 2.397012710571289062e-02 2.543187141418457031e-02 2.666497230529785156e-02 2.849411964416503906e-02 2.909493446350097656e-02 3.044700622558593750e-02
6.064891815185546875e-03 7.441997528076171875e-03 8.906841278076171875e-03 1.000118255615234375e-02 1.127195358276367188e-02 1.260495185852050781e-02 1.438498497009277344e-02 1.514101028442382812e-02 1.636004447937011719e-02 1.770997047424316406e-02 1.895594596862792969e-02 2.090477943420410156e-02 2.134299278259277344e-02 2.261710166931152344e-02 2.422094345092773438e-02 2.531695365905761719e-02 2.635908126831054688e-02 2.770400047302246094e-02 2.899599075317382812e-02 3.021597862243652344e-02
6.016969680786132812e-03 7.659912109375000000e-03 9.341001510620117188e-03 1.072502136230468750e-02 1.196312904357910156e-02 1.314806938171386719e-02 1.442718505859375000e-02 1.572299003601074219e-02 1.699209213256835938e-02 1.857495307922363281e-02 1.960897445678710938e-02 2.091097831726074219e-02 2.208304405212402344e-02 2.365398406982421875e-02 2.470493316650390625e-02 2.610611915588378906e-02 2.709388732910156250e-02 2.871394157409667969e-02 2.978110313415527344e-02 3.107404708862304688e-02
6.102800369262695312e-03 7.631063461303710938e-03 9.587049484252929688e-03 1.085209846496582031e-02 1.203107833862304688e-02 1.345109939575195312e-02 1.472616195678710938e-02 1.617789268493652344e-02 1.722598075866699219e-02 1.864004135131835938e-02 1.981782913208007812e-02 2.105188369750976562e-02 2.230286598205566406e-02 2.404904365539550781e-02 2.473211288452148438e-02 2.600407600402832031e-02 2.723884582519531250e-02 2.860593795776367188e-02 2.988004684448242188e-02 3.144097328186035156e-02
