1.098603073965091631e-01
2.891256933511238483e-02
2.891256933511238483e-02
2.064034708369813856e-02
2.064034708369813856e-02
1.436888270795843268e-02
1.371888791682172350e-02
1.349688107175089913e-02
1.349688107175089913e-02
1.286098320042705612e-04
1.286098320042705612e-04
2.170366110820477062e-02
2.170366110820477062e-02
2.170366110820477062e-02
1.374458019254833074e-02
1.374458019254833074e-02
1.599784912116665112e-02
1.351537509926882888e-02
1.286098320042705612e-04
1.286098320042705612e-04
