1.431202888488769531e-02 1.800394058227539062e-02 2.939081192016601562e-02 3.497600555419921875e-02 3.744697570800781250e-02 4.213500022888183594e-02 3.695082664489746094e-02 3.745508193969726562e-02 3.545212745666503906e-02 4.078912734985351562e-02 3.982210159301757812e-02 4.525494575500488281e-02 4.544281959533691406e-02 4.801416397094726562e-02 4.613208770751953125e-02 4.883599281311035156e-02 5.101704597473144531e-02 5.076789855957031250e-02 5.337595939636230469e-02 5.582094192504882812e-02
1.208591461181640625e-02 1.763296127319335938e-02 3.034496307373046875e-02 3.200292587280273438e-02 3.625202178955078125e-02 3.727197647094726562e-02 4.222702980041503906e-02 4.034304618835449219e-02 4.372692108154296875e-02 5.112004280090332031e-02 4.399609565734863281e-02 4.730510711669921875e-02 4.670500755310058594e-02 5.061411857604980469e-02 5.780005455017089844e-02 5.497312545776367188e-02 5.546498298645019531e-02 5.730390548706054688e-02 5.750083923339843750e-02 6.696414947509765625e-02
1.210689544677734375e-02 1.730990409851074219e-02 2.949714660644531250e-02 3.377699851989746094e-02 3.692603111267089844e-02 3.820705413818359375e-02 4.121589660644531250e-02 4.568219184875488281e-02 4.792714118957519531e-02 4.573392868041992188e-02 4.271388053894042969e-02 4.288005828857421875e-02 4.602599143981933594e-02 4.776310920715332031e-02 5.877304077148437500e-02 5.272603034973144531e-02 5.110597610473632812e-02 5.182313919067382812e-02 6.810283660888671875e-02 5.846500396728515625e-02
1.207900047302246094e-02 1.766991615295410156e-02 3.039097785949707031e-02 3.411602973937988281e-02 3.767108917236328125e-02 4.240393638610839844e-02 4.362487792968750000e-02 3.945398330688476562e-02 3.852701187133789062e-02 4.098510742187500000e-02 4.596686363220214844e-02 4.491114616394042969e-02 4.598999023437500000e-02 4.965996742248535156e-02 5.029797554016113281e-02 5.107998847961425781e-02 5.253195762634277344e-02 5.608296394348144531e-02 5.241489410400390625e-02 5.883693695068359375e-02
2.031803131103515625e-02 2.725911140441894531e-02 3.484797477722167969e-02 3.457498550415039062e-02 3.589487075805664062e-02 4.095196723937988281e-02 4.086399078369140625e-02 3.579711914062500000e-02 3.725504875183105469e-02 4.363393783569335938e-02 4.000401496887207031e-02 4.376411437988281250e-02 4.289984703063964844e-02 4.399418830871582031e-02 4.566216468811035156e-02 4.791092872619628906e-02 4.971194267272949219e-02 5.120110511779785156e-02 5.289196968078613281e-02 5.567789077758789062e-02
1.204800605773925781e-02 1.770496368408203125e-02 3.050994873046875000e-02 3.189802169799804688e-02 3.635597229003906250e-02 3.861284255981445312e-02 4.770207405090332031e-02 4.161000251770019531e-02 4.639101028442382812e-02 4.437017440795898438e-02 4.550600051879882812e-02 4.875397682189941406e-02 4.828000068664550781e-02 5.058884620666503906e-02 5.130505561828613281e-02 5.085778236389160156e-02 5.137300491333007812e-02 5.791306495666503906e-02 6.015396118164062500e-02 9.337592124938964844e-02
1.352310180664062500e-02 1.770710945129394531e-02 3.074002265930175781e-02 3.375411033630371094e-02 4.063892364501953125e-02 3.907799720764160156e-02 3.452301025390625000e-02 4.028081893920898438e-02 4.201507568359375000e-02 4.350113868713378906e-02 5.087685585021972656e-02 4.481697082519531250e-02 4.479193687438964844e-02 4.659199714660644531e-02 5.131196975708007812e-02 5.206298828125000000e-02 5.560302734375000000e-02 5.650877952575683594e-02 5.828905105590820312e-02 6.828498840332031250e-02
1.206016540527343750e-02 1.767897605895996094e-02 3.035402297973632812e-02 3.408193588256835938e-02 3.817915916442871094e-02 4.230904579162597656e-02 4.348015785217285156e-02 3.939318656921386719e-02 4.245185852050781250e-02 4.253196716308593750e-02 4.120588302612304688e-02 4.462790489196777344e-02 4.398989677429199219e-02 4.947614669799804688e-02 5.048704147338867188e-02 4.930615425109863281e-02 5.040001869201660156e-02 5.553507804870605469e-02 5.475211143493652344e-02 5.612182617187500000e-02
1.205301284790039062e-02 1.772308349609375000e-02 2.930283546447753906e-02 3.381800651550292969e-02 3.580594062805175781e-02 4.054880142211914062e-02 3.901314735412597656e-02 4.483294486999511719e-02 4.241299629211425781e-02 4.333496093750000000e-02 4.372215270996093750e-02 4.639697074890136719e-02 5.585289001464843750e-02 5.232000350952148438e-02 5.303096771240234375e-02 5.208206176757812500e-02 5.459308624267578125e-02 5.946803092956542969e-02 6.099414825439453125e-02 6.502199172973632812e-02
1.214098930358886719e-02 1.730799674987792969e-02 2.951002120971679688e-02 3.334689140319824219e-02 3.187084197998046875e-02 4.038977622985839844e-02 3.283810615539550781e-02 3.667902946472167969e-02 4.078698158264160156e-02 4.162597656250000000e-02 4.757690429687500000e-02 4.769182205200195312e-02 5.091691017150878906e-02 5.034804344177246094e-02 5.181884765625000000e-02 5.058407783508300781e-02 5.556511878967285156e-02 5.627512931823730469e-02 5.939483642578125000e-02 5.693888664245605469e-02
