1.076571559541823625e-01 1.859139057436675346e-01 7.825674978948518601e-02 7.825674978948518601e-02 7.825674978948518601e-02 7.825674978948518601e-02 0.000000000000000000e+00 0.000000000000000000e+00 0.000000000000000000e+00 0.000000000000000000e+00 0.000000000000000000e+00 0.000000000000000000e+00 0.000000000000000000e+00 0.000000000000000000e+00 0.000000000000000000e+00 0.000000000000000000e+00 0.000000000000000000e+00 0.000000000000000000e+00 0.000000000000000000e+00 0.000000000000000000e+00
1.272986695671672053e-01 1.076344678378690356e-01 1.323590290119340540e-01 1.076344678378690356e-01 2.472456117406513637e-02 0.000000000000000000e+00 0.000000000000000000e+00 0.000000000000000000e+00 0.000000000000000000e+00 0.000000000000000000e+00 0.000000000000000000e+00 0.000000000000000000e+00 0.000000000000000000e+00 0.000000000000000000e+00 0.000000000000000000e+00 0.000000000000000000e+00 0.000000000000000000e+00 0.000000000000000000e+00 0.000000000000000000e+00 0.000000000000000000e+00
4.439865175897170224e-01 4.439865175897170224e-01 3.199868695751573733e-01 3.199868695751573733e-01 0.000000000000000000e+00 0.000000000000000000e+00 0.000000000000000000e+00 0.000000000000000000e+00 0.000000000000000000e+00 0.000000000000000000e+00 0.000000000000000000e+00 0.000000000000000000e+00 0.000000000000000000e+00 0.000000000000000000e+00 0.000000000000000000e+00 0.000000000000000000e+00 0.000000000000000000e+00 0.000000000000000000e+00 0.000000000000000000e+00 0.000000000000000000e+00
1.790315475655238631e-01 2.021201964086379865e-01 2.308864884311397775e-02 0.000000000000000000e+00 0.000000000000000000e+00 0.000000000000000000e+00 0.000000000000000000e+00 0.000000000000000000e+00 0.000000000000000000e+00 0.000000000000000000e+00 0.000000000000000000e+00 0.000000000000000000e+00 0.000000000000000000e+00 0.000000000000000000e+00 0.000000000000000000e+00 0.000000000000000000e+00 0.000000000000000000e+00 0.000000000000000000e+00 0.000000000000000000e+00 0.000000000000000000e+00
3.281426120337523344e-01 2.708092447088566446e-01 2.737786632543341980e-01 2.708092447088566446e-01 1.201508373301077813e-02 1.201508373301077813e-02 1.201508373301077813e-02 1.201508373301077813e-02 1.201508373301077813e-02 9.045665187533212526e-03 1.201508373301077813e-02 1.201508373301077813e-02 1.201508373301077813e-02 9.045665187533212526e-03 9.045665187533212526e-03 9.045665187533212526e-03 9.045665187533212526e-03 9.045665187533212526e-03 9.045665187533212526e-03 9.045665187533212526e-03
7.807870085610305044e-02 0.000000000000000000e+00 1.060837620814927829e-01 0.000000000000000000e+00 0.000000000000000000e+00 0.000000000000000000e+00 0.000000000000000000e+00 1.669755958216325442e-01 1.669755958216325442e-01 7.807870085610305044e-02 7.807870085610305044e-02 7.807870085610305044e-02 7.807870085610305044e-02 7.807870085610305044e-02 7.807870085610305044e-02 7.807870085610305044e-02 7.807870085610305044e-02 7.807870085610305044e-02 0.000000000000000000e+00 0.000000000000000000e+00
3.793676348706583523e-04 3.793676348706583523e-04 0.000000000000000000e+00 3.269708109513917715e-02 3.269708109513917715e-02 3.269708109513917715e-02 3.793676348706583523e-04 3.793676348706583523e-04 3.793676348706583523e-04 3.793676348706583523e-04 3.793676348706583523e-04 3.793676348706583523e-04 3.793676348706583523e-04 3.793676348706583523e-04 3.793676348706583523e-04 0.000000000000000000e+00 3.793676348706583523e-04 3.793676348706583523e-04 0.000000000000000000e+00 3.793676348706583523e-04
2.598743164812697959e-01 2.998490606954303805e-01 7.186697710005189588e-02 3.189223288589113081e-02 3.189223288589113081e-02 3.189223288589113081e-02 3.189223288589113081e-02 3.189223288589113081e-02 3.189223288589113081e-02 0.000000000000000000e+00 3.189223288589113081e-02 3.189223288589113081e-02 3.189223288589113081e-02 3.189223288589113081e-02 3.189223288589113081e-02 3.189223288589113081e-02 3.189223288589113081e-02 3.189223288589113081e-02 7.186697710005189588e-02 7.186697710005189588e-02
1.128124472356215047e-01 4.475170644211782373e-02 1.770593764427579320e-01 4.475170644211782373e-02 1.128124472356215047e-01 1.128124472356215047e-01 4.475170644211782373e-02 4.475170644211782373e-02 7.728208814712998753e-02 7.728208814712998753e-02 7.728208814712998753e-02 7.728208814712998753e-02 7.728208814712998753e-02 7.728208814712998753e-02 7.728208814712998753e-02 7.728208814712998753e-02 0.000000000000000000e+00 0.000000000000000000e+00 0.000000000000000000e+00 0.000000000000000000e+00
1.056023190961617592e-01 1.056023190961617592e-01 6.572087904886117493e-02 6.572087904886117493e-02 6.572087904886117493e-02 1.056023190961617592e-01 3.988144004730059117e-02 1.056023190961617592e-01 3.988144004730059117e-02 3.988144004730059117e-02 0.000000000000000000e+00 0.000000000000000000e+00 0.000000000000000000e+00 3.988144004730059117e-02 0.000000000000000000e+00 0.000000000000000000e+00 3.988144004730059117e-02 3.988144004730059117e-02 3.988144004730059117e-02 3.988144004730059117e-02
