1.881784434708091147e-01
1.881784434708091147e-01
2.715231725097672077e-01
1.123393736805707172e-01
2.715231725097672077e-01
3.758729383511045241e-01
1.123393736805707172e-01
3.828522746537514343e-01
2.995075456147933690e-01
2.995075456147933690e-01
2.995075456147933690e-01
2.995075456147933690e-01
2.995075456147933690e-01
2.995075456147933690e-01
2.995075456147933690e-01
2.995075456147933690e-01
2.995075456147933690e-01
2.995075456147933690e-01
2.995075456147933690e-01
2.995075456147933690e-01
3.105785982194995618e-02
1.258105954519825598e-01
1.258105954519825598e-01
9.824964866598427660e-02
1.258105954519825598e-01
1.258105954519825598e-01
1.258105954519825598e-01
1.258105954519825598e-01
3.105785982194995618e-02
3.105785982194995618e-02
3.105785982194995618e-02
3.105785982194995618e-02
1.258105954519825598e-01
1.258105954519825598e-01
1.258105954519825598e-01
1.258105954519825598e-01
1.258105954519825598e-01
1.258105954519825598e-01
1.258105954519825598e-01
1.258105954519825598e-01
7.505662635333574251e-01
7.505662635333574251e-01
7.045858884967237667e-01
2.129602756289738219e-01
3.426070631003210742e-01
7.045858884967237667e-01
2.129602756289738219e-01
3.826050087323352999e-02
3.943506541895935302e-01
5.690504289453338638e-01
3.943506541895935302e-01
5.690504289453338638e-01
5.690504289453338638e-01
5.690504289453338638e-01
5.690504289453338638e-01
5.690504289453338638e-01
5.690504289453338638e-01
5.690504289453338638e-01
5.690504289453338638e-01
5.690504289453338638e-01
3.427903574350223415e-01
7.371064559742164235e-01
7.371064559742164235e-01
7.371064559742164235e-01
1.082924724175998055e+00
7.371064559742164235e-01
7.371064559742164235e-01
7.371064559742164235e-01
4.258992502778025102e-01
4.258992502778025102e-01
4.258992502778025102e-01
4.258992502778025102e-01
4.258992502778025102e-01
4.258992502778025102e-01
4.258992502778025102e-01
4.258992502778025102e-01
4.258992502778025102e-01
4.258992502778025102e-01
4.258992502778025102e-01
4.258992502778025102e-01
1.069632596380300921e-01
1.946377764842102398e-01
2.466276634205917251e-01
2.107294024626492068e-01
2.466276634205917251e-01
2.107294024626492068e-01
0.000000000000000000e+00
0.000000000000000000e+00
8.767451684618014773e-02
8.767451684618014773e-02
8.767451684618014773e-02
8.767451684618014773e-02
8.767451684618014773e-02
8.767451684618014773e-02
8.767451684618014773e-02
8.767451684618014773e-02
8.767451684618014773e-02
8.767451684618014773e-02
8.767451684618014773e-02
8.767451684618014773e-02
8.250273613388742211e-01
8.250273613388742211e-01
5.246975644893190349e-01
2.928009561946053330e-01
5.246975644893190349e-01
1.671457356745745804e-01
1.671457356745745804e-01
1.021103087750014765e-01
4.024401056245567321e-01
4.024401056245567321e-01
4.024401056245567321e-01
4.024401056245567321e-01
4.024401056245567321e-01
4.024401056245567321e-01
4.024401056245567321e-01
4.024401056245567321e-01
4.024401056245567321e-01
4.024401056245567321e-01
4.024401056245567321e-01
4.024401056245567321e-01
7.289709644813767708e-01
7.289709644813767708e-01
3.946461042571077216e-01
7.462862950492486769e-02
3.946461042571077216e-01
7.462862950492486769e-02
7.462862950492486769e-02
3.343248602242691603e-01
0.000000000000000000e+00
3.343248602242691603e-01
3.343248602242691603e-01
3.343248602242691603e-01
3.343248602242691603e-01
3.343248602242691603e-01
3.343248602242691603e-01
3.343248602242691603e-01
3.343248602242691603e-01
3.343248602242691603e-01
3.343248602242691603e-01
3.343248602242691603e-01
6.835396451126510842e-01
3.193078551142186083e-01
8.244381229585311388e-01
6.342237406194403126e-01
8.244381229585311388e-01
8.244381229585311388e-01
8.244381229585311388e-01
4.199650573805309151e-01
5.573326738209827269e-02
5.573326738209827269e-02
5.573326738209827269e-02
5.573326738209827269e-02
5.573326738209827269e-02
5.573326738209827269e-02
5.573326738209827269e-02
5.573326738209827269e-02
5.573326738209827269e-02
5.573326738209827269e-02
5.573326738209827269e-02
5.573326738209827269e-02
6.289421123861715923e-01
6.289421123861715923e-01
7.599315171833697091e-01
3.469663761180464823e-01
6.919234116569761284e-01
7.599315171833697091e-01
7.599315171833697091e-01
7.599315171833697091e-01
7.599315171833697091e-01
7.599315171833697091e-01
7.599315171833697091e-01
7.599315171833697091e-01
7.599315171833697091e-01
7.599315171833697091e-01
7.599315171833697091e-01
7.599315171833697091e-01
7.599315171833697091e-01
7.599315171833697091e-01
7.599315171833697091e-01
7.599315171833697091e-01
0.000000000000000000e+00
5.198265545249754205e-02
5.198265545249754205e-02
1.751718327212005433e-01
2.376411412741122053e-01
2.376411412741122053e-01
3.640254475628817987e-01
3.120427921103843816e-01
3.640254475628817987e-01
3.640254475628817987e-01
3.640254475628817987e-01
3.640254475628817987e-01
3.640254475628817987e-01
3.640254475628817987e-01
3.640254475628817987e-01
3.640254475628817987e-01
3.640254475628817987e-01
3.640254475628817987e-01
3.640254475628817987e-01
3.640254475628817987e-01
2.721045888778163557e-01
4.086780321231733293e-01
5.158398247049480467e-01
4.412867008729823848e-01
5.158398247049480467e-01
5.158398247049480467e-01
5.158398247049480467e-01
5.158398247049480467e-01
5.158398247049480467e-01
5.158398247049480467e-01
5.158398247049480467e-01
5.158398247049480467e-01
5.158398247049480467e-01
5.158398247049480467e-01
5.158398247049480467e-01
5.158398247049480467e-01
5.158398247049480467e-01
5.158398247049480467e-01
5.158398247049480467e-01
5.158398247049480467e-01
6.936922535900860165e-01
6.936922535900860165e-01
3.913555828532285785e-01
3.913555828532285785e-01
3.913555828532285785e-01
3.367202660343621701e-01
3.367202660343621701e-01
3.367202660343621701e-01
3.367202660343621701e-01
3.367202660343621701e-01
3.367202660343621701e-01
3.367202660343621701e-01
3.367202660343621701e-01
3.367202660343621701e-01
3.367202660343621701e-01
3.367202660343621701e-01
3.367202660343621701e-01
3.367202660343621701e-01
3.367202660343621701e-01
3.367202660343621701e-01
4.553423095744038029e-01
4.553423095744038029e-01
9.984165651495396920e-02
9.984165651495396920e-02
4.553423095744038029e-01
2.352475442501887060e-01
9.984165651495396920e-02
9.984165651495396920e-02
3.223269833464390555e-01
3.223269833464390555e-01
3.223269833464390555e-01
3.223269833464390555e-01
3.223269833464390555e-01
3.223269833464390555e-01
3.223269833464390555e-01
3.223269833464390555e-01
3.223269833464390555e-01
3.223269833464390555e-01
3.223269833464390555e-01
3.223269833464390555e-01
3.351471404936186560e-01
2.177346490196990503e-01
2.177346490196990503e-01
5.771061377859378061e-02
5.771061377859378061e-02
1.894120629880742882e-02
5.771061377859378061e-02
0.000000000000000000e+00
0.000000000000000000e+00
0.000000000000000000e+00
1.174124914739195918e-01
1.174124914739195918e-01
0.000000000000000000e+00
0.000000000000000000e+00
0.000000000000000000e+00
0.000000000000000000e+00
0.000000000000000000e+00
0.000000000000000000e+00
0.000000000000000000e+00
0.000000000000000000e+00
7.365596749087305328e-01
7.365596749087305328e-01
9.294443565995776924e-01
9.630143064730983804e-01
9.630143064730983804e-01
7.365596749087305328e-01
7.365596749087305328e-01
7.365596749087305328e-01
6.340867703906775121e-01
7.365596749087305328e-01
7.365596749087305328e-01
7.365596749087305328e-01
7.365596749087305328e-01
7.365596749087305328e-01
7.365596749087305328e-01
7.365596749087305328e-01
7.365596749087305328e-01
7.365596749087305328e-01
7.365596749087305328e-01
7.365596749087305328e-01
3.305501370147391760e-01
3.305501370147391760e-01
5.762414921866449991e-01
5.762414921866449991e-01
5.762414921866449991e-01
3.020947544282540642e-01
3.020947544282540642e-01
3.020947544282540642e-01
3.020947544282540642e-01
3.020947544282540642e-01
3.020947544282540642e-01
3.020947544282540642e-01
3.020947544282540642e-01
3.020947544282540642e-01
3.020947544282540642e-01
3.020947544282540642e-01
3.020947544282540642e-01
3.020947544282540642e-01
3.020947544282540642e-01
3.020947544282540642e-01
6.310854594877197965e-02
1.033647588348333424e-01
2.686798457516341720e-01
2.686798457516341720e-01
4.025621288606149456e-02
0.000000000000000000e+00
0.000000000000000000e+00
0.000000000000000000e+00
0.000000000000000000e+00
0.000000000000000000e+00
1.883505585102277224e-01
1.883505585102277224e-01
1.883505585102277224e-01
1.883505585102277224e-01
1.883505585102277224e-01
1.883505585102277224e-01
1.883505585102277224e-01
1.883505585102277224e-01
1.883505585102277224e-01
1.883505585102277224e-01
2.126387306927756404e-01
2.126387306927756404e-01
0.000000000000000000e+00
1.097098682546756299e-01
2.126387306927756404e-01
2.126387306927756404e-01
0.000000000000000000e+00
0.000000000000000000e+00
0.000000000000000000e+00
0.000000000000000000e+00
0.000000000000000000e+00
0.000000000000000000e+00
0.000000000000000000e+00
0.000000000000000000e+00
0.000000000000000000e+00
0.000000000000000000e+00
0.000000000000000000e+00
0.000000000000000000e+00
0.000000000000000000e+00
0.000000000000000000e+00
0.000000000000000000e+00
0.000000000000000000e+00
3.696749521792848658e-01
6.429937475957581139e-01
2.804413901348776772e-01
2.804413901348776772e-01
3.696749521792848658e-01
5.963115481822992558e-01
5.963115481822992558e-01
5.963115481822992558e-01
5.963115481822992558e-01
5.963115481822992558e-01
5.963115481822992558e-01
5.963115481822992558e-01
5.963115481822992558e-01
5.963115481822992558e-01
5.963115481822992558e-01
5.963115481822992558e-01
5.963115481822992558e-01
5.963115481822992558e-01
4.290620956675793018e-01
4.290620956675793018e-01
5.423181508334959933e-01
5.423181508334959933e-01
5.423181508334959933e-01
4.235048509813734707e-01
2.848715183437729448e-01
2.848715183437729448e-01
2.848715183437729448e-01
2.848715183437729448e-01
2.848715183437729448e-01
2.848715183437729448e-01
2.848715183437729448e-01
2.848715183437729448e-01
2.848715183437729448e-01
2.848715183437729448e-01
2.848715183437729448e-01
2.848715183437729448e-01
2.848715183437729448e-01
2.848715183437729448e-01
