3.907120871993382538e-01
4.069076562556867560e-01
4.276240125418787064e-01
3.494164328342839188e-01
4.388999088706417306e-01
3.639939334883254274e-01
3.040849707256462753e-01
3.042321802872030578e-01
2.906435914966989942e-01
3.212184684716021255e-01
3.277716322330224696e-01
3.365066209708095224e-01
3.353736331786151270e-01
3.353736331786151270e-01
3.353736331786151270e-01
3.353736331786151270e-01
3.353736331786151270e-01
3.353736331786151270e-01
3.353736331786151270e-01
3.353736331786151270e-01
