1.076571559541823625e-01 1.859139057436675346e-01 7.825674978948518601e-02 7.825674978948518601e-02 7.825674978948518601e-02 7.825674978948518601e-02 0.000000000000000000e+00 0.000000000000000000e+00 0.000000000000000000e+00 0.000000000000000000e+00 0.000000000000000000e+00 0.000000000000000000e+00 0.000000000000000000e+00 0.000000000000000000e+00 0.000000000000000000e+00 0.000000000000000000e+00 0.000000000000000000e+00 0.000000000000000000e+00 0.000000000000000000e+00 0.000000000000000000e+00
1.360107074525946647e-01 1.360107074525946647e-01 0.000000000000000000e+00 1.573168373797498576e-01 1.573168373797498576e-01 4.151037463638794500e-02 5.800766280378934214e-03 4.731114091676712208e-02 4.731114091676712208e-02 4.731114091676712208e-02 4.151037463638794500e-02 0.000000000000000000e+00 0.000000000000000000e+00 5.800766280378934214e-03 5.800766280378934214e-03 5.800766280378934214e-03 0.000000000000000000e+00 0.000000000000000000e+00 0.000000000000000000e+00 0.000000000000000000e+00
1.994368504238280826e-01 1.994368504238280826e-01 0.000000000000000000e+00 5.658655567178905166e-02 5.658655567178905166e-02 5.658655567178905166e-02 0.000000000000000000e+00 0.000000000000000000e+00 0.000000000000000000e+00 0.000000000000000000e+00 0.000000000000000000e+00 0.000000000000000000e+00 0.000000000000000000e+00 0.000000000000000000e+00 0.000000000000000000e+00 0.000000000000000000e+00 0.000000000000000000e+00 0.000000000000000000e+00 0.000000000000000000e+00 0.000000000000000000e+00
1.323326582100254056e-01 3.181067204941409599e-02 0.000000000000000000e+00 0.000000000000000000e+00 0.000000000000000000e+00 0.000000000000000000e+00 0.000000000000000000e+00 0.000000000000000000e+00 0.000000000000000000e+00 0.000000000000000000e+00 0.000000000000000000e+00 0.000000000000000000e+00 0.000000000000000000e+00 0.000000000000000000e+00 0.000000000000000000e+00 0.000000000000000000e+00 0.000000000000000000e+00 0.000000000000000000e+00 3.181067204941409599e-02 0.000000000000000000e+00
2.376235909666361834e-01 2.376235909666361834e-01 3.936911055321059422e-02 0.000000000000000000e+00 2.376235909666361834e-01 2.376235909666361834e-01 0.000000000000000000e+00 2.376235909666361834e-01 0.000000000000000000e+00 0.000000000000000000e+00 4.928227463261514521e-03 0.000000000000000000e+00 0.000000000000000000e+00 0.000000000000000000e+00 0.000000000000000000e+00 0.000000000000000000e+00 0.000000000000000000e+00 0.000000000000000000e+00 0.000000000000000000e+00 0.000000000000000000e+00
0.000000000000000000e+00 1.301025030617426193e-01 1.584584769838487117e-01 1.301025030617426193e-01 0.000000000000000000e+00 1.301025030617426193e-01 1.168892442541877436e-01 0.000000000000000000e+00 0.000000000000000000e+00 0.000000000000000000e+00 0.000000000000000000e+00 0.000000000000000000e+00 0.000000000000000000e+00 0.000000000000000000e+00 0.000000000000000000e+00 0.000000000000000000e+00 0.000000000000000000e+00 0.000000000000000000e+00 0.000000000000000000e+00 0.000000000000000000e+00
2.172653038449316731e-01 2.172653038449316731e-01 0.000000000000000000e+00 1.362821637984812373e-01 1.362821637984812373e-01 0.000000000000000000e+00 0.000000000000000000e+00 0.000000000000000000e+00 0.000000000000000000e+00 0.000000000000000000e+00 0.000000000000000000e+00 0.000000000000000000e+00 0.000000000000000000e+00 0.000000000000000000e+00 0.000000000000000000e+00 0.000000000000000000e+00 0.000000000000000000e+00 0.000000000000000000e+00 0.000000000000000000e+00 0.000000000000000000e+00
2.278310174690083012e-01 2.278310174690083012e-01 1.277230041890934087e-01 4.673363349115230991e-02 4.673363349115230991e-02 4.673363349115230991e-02 4.673363349115230991e-02 4.673363349115230991e-02 4.673363349115230991e-02 4.673363349115230991e-02 0.000000000000000000e+00 0.000000000000000000e+00 0.000000000000000000e+00 0.000000000000000000e+00 0.000000000000000000e+00 0.000000000000000000e+00 0.000000000000000000e+00 0.000000000000000000e+00 0.000000000000000000e+00 0.000000000000000000e+00
1.214686170979262410e-02 5.514924625060413366e-02 4.300238454081137945e-02 5.514924625060413366e-02 1.214686170979262410e-02 4.158632113791024126e-02 4.158632113791024126e-02 4.158632113791024126e-02 4.158632113791024126e-02 4.158632113791024126e-02 0.000000000000000000e+00 0.000000000000000000e+00 0.000000000000000000e+00 0.000000000000000000e+00 0.000000000000000000e+00 0.000000000000000000e+00 0.000000000000000000e+00 0.000000000000000000e+00 0.000000000000000000e+00 0.000000000000000000e+00
0.000000000000000000e+00 3.049882386988101227e-02 4.488746583614195568e-02 4.488746583614195568e-02 1.438864196626094688e-02 3.975666238623065674e-02 1.438864196626094688e-02 1.438864196626094688e-02 5.414530435249160362e-02 5.414530435249160362e-02 0.000000000000000000e+00 0.000000000000000000e+00 1.438864196626094688e-02 1.438864196626094688e-02 0.000000000000000000e+00 1.438864196626094688e-02 1.438864196626094688e-02 4.104773472047652805e-02 7.154655859035753684e-02 4.104773472047652805e-02
