1.076571559541823625e-01 1.859139057436675346e-01 7.825674978948518601e-02 7.825674978948518601e-02 7.825674978948518601e-02 7.825674978948518601e-02 0.000000000000000000e+00 0.000000000000000000e+00 0.000000000000000000e+00 0.000000000000000000e+00 0.000000000000000000e+00 0.000000000000000000e+00 0.000000000000000000e+00 0.000000000000000000e+00 0.000000000000000000e+00 0.000000000000000000e+00 0.000000000000000000e+00 0.000000000000000000e+00 0.000000000000000000e+00 0.000000000000000000e+00
1.360107074525946647e-01 1.360107074525946647e-01 0.000000000000000000e+00 1.573168373797498576e-01 1.573168373797498576e-01 4.151037463638794500e-02 5.800766280378934214e-03 4.731114091676712208e-02 4.731114091676712208e-02 4.731114091676712208e-02 4.151037463638794500e-02 0.000000000000000000e+00 0.000000000000000000e+00 5.800766280378934214e-03 5.800766280378934214e-03 5.800766280378934214e-03 0.000000000000000000e+00 0.000000000000000000e+00 0.000000000000000000e+00 0.000000000000000000e+00
1.994368504238280826e-01 1.994368504238280826e-01 1.994368504238280826e-01 1.994368504238280826e-01 1.164093917885527379e-01 0.000000000000000000e+00 0.000000000000000000e+00 0.000000000000000000e+00 0.000000000000000000e+00 0.000000000000000000e+00 0.000000000000000000e+00 0.000000000000000000e+00 0.000000000000000000e+00 0.000000000000000000e+00 0.000000000000000000e+00 0.000000000000000000e+00 0.000000000000000000e+00 0.000000000000000000e+00 0.000000000000000000e+00 0.000000000000000000e+00
1.323326582100254056e-01 3.181067204941409599e-02 0.000000000000000000e+00 0.000000000000000000e+00 0.000000000000000000e+00 0.000000000000000000e+00 0.000000000000000000e+00 0.000000000000000000e+00 0.000000000000000000e+00 0.000000000000000000e+00 0.000000000000000000e+00 0.000000000000000000e+00 0.000000000000000000e+00 0.000000000000000000e+00 0.000000000000000000e+00 0.000000000000000000e+00 0.000000000000000000e+00 0.000000000000000000e+00 3.181067204941409599e-02 0.000000000000000000e+00
2.376235909666361834e-01 2.376235909666361834e-01 3.936911055321059422e-02 0.000000000000000000e+00 0.000000000000000000e+00 0.000000000000000000e+00 0.000000000000000000e+00 0.000000000000000000e+00 4.928227463261514521e-03 3.936911055321059422e-02 0.000000000000000000e+00 4.928227463261514521e-03 4.928227463261514521e-03 4.928227463261514521e-03 4.928227463261514521e-03 3.936911055321059422e-02 4.928227463261514521e-03 4.928227463261514521e-03 0.000000000000000000e+00 0.000000000000000000e+00
0.000000000000000000e+00 0.000000000000000000e+00 1.715467781265169189e-01 2.835597392210609247e-02 2.835597392210609247e-02 1.452452181762937111e-01 0.000000000000000000e+00 0.000000000000000000e+00 2.835597392210609247e-02 2.835597392210609247e-02 2.835597392210609247e-02 0.000000000000000000e+00 0.000000000000000000e+00 0.000000000000000000e+00 0.000000000000000000e+00 0.000000000000000000e+00 0.000000000000000000e+00 0.000000000000000000e+00 0.000000000000000000e+00 0.000000000000000000e+00
2.172653038449316731e-01 2.172653038449316731e-01 0.000000000000000000e+00 1.362821637984812373e-01 1.362821637984812373e-01 0.000000000000000000e+00 0.000000000000000000e+00 0.000000000000000000e+00 0.000000000000000000e+00 0.000000000000000000e+00 0.000000000000000000e+00 0.000000000000000000e+00 0.000000000000000000e+00 0.000000000000000000e+00 0.000000000000000000e+00 0.000000000000000000e+00 0.000000000000000000e+00 0.000000000000000000e+00 0.000000000000000000e+00 0.000000000000000000e+00
1.672120846534848881e-01 1.386735009444995670e-01 4.673363349115230991e-02 1.810973839778559913e-01 1.810973839778559913e-01 0.000000000000000000e+00 0.000000000000000000e+00 0.000000000000000000e+00 0.000000000000000000e+00 0.000000000000000000e+00 0.000000000000000000e+00 0.000000000000000000e+00 0.000000000000000000e+00 0.000000000000000000e+00 0.000000000000000000e+00 0.000000000000000000e+00 0.000000000000000000e+00 0.000000000000000000e+00 0.000000000000000000e+00 0.000000000000000000e+00
1.214686170979262410e-02 5.514924625060413366e-02 4.300238454081137945e-02 5.514924625060413366e-02 1.214686170979262410e-02 4.158632113791024126e-02 4.158632113791024126e-02 4.158632113791024126e-02 4.158632113791024126e-02 4.158632113791024126e-02 0.000000000000000000e+00 0.000000000000000000e+00 0.000000000000000000e+00 0.000000000000000000e+00 0.000000000000000000e+00 0.000000000000000000e+00 0.000000000000000000e+00 0.000000000000000000e+00 0.000000000000000000e+00 0.000000000000000000e+00
0.000000000000000000e+00 0.000000000000000000e+00 6.555262054014436568e-02 1.438864196626094688e-02 1.438864196626094688e-02 1.438864196626094688e-02 4.104773472047652805e-02 4.104773472047652805e-02 4.104773472047652805e-02 0.000000000000000000e+00 0.000000000000000000e+00 0.000000000000000000e+00 0.000000000000000000e+00 0.000000000000000000e+00 0.000000000000000000e+00 0.000000000000000000e+00 0.000000000000000000e+00 0.000000000000000000e+00 0.000000000000000000e+00 0.000000000000000000e+00
