2.752683639570133178e-01
2.697847112588104279e-01
3.123509481687861689e-01
3.027580862001456041e-01
3.204440304777561588e-01
3.085252990599396394e-01
2.934842903358592103e-01
2.697861616770534932e-01
2.675020814684646586e-01
2.977746194997751839e-01
2.469320302418166191e-01
2.977746194997751839e-01
3.127124426499453547e-01
2.824399046186348849e-01
2.716715721103689640e-01
2.685297953903004187e-01
2.575847025944056901e-01
2.478495714922691051e-01
2.227341237439481314e-01
2.472601144391270989e-01
