8.200168609619140625e-03 7.660865783691406250e-03 1.018309593200683594e-02 1.151013374328613281e-02 1.264810562133789062e-02 1.386785507202148438e-02 1.555705070495605469e-02 1.680302619934082031e-02 1.818299293518066406e-02 1.934099197387695312e-02 2.050685882568359375e-02 2.172398567199707031e-02 2.314805984497070312e-02 2.426195144653320312e-02 2.552819252014160156e-02 2.674102783203125000e-02 2.806901931762695312e-02 2.923703193664550781e-02 3.067493438720703125e-02 3.181505203247070312e-02
6.196022033691406250e-03 7.668972015380859375e-03 1.002502441406250000e-02 1.147890090942382812e-02 1.209092140197753906e-02 1.333403587341308594e-02 1.450800895690917969e-02 1.667404174804687500e-02 1.869893074035644531e-02 1.982188224792480469e-02 2.198195457458496094e-02 2.708005905151367188e-02 2.605295181274414062e-02 2.581191062927246094e-02 2.715897560119628906e-02 2.840089797973632812e-02 2.952599525451660156e-02 3.078603744506835938e-02 3.214192390441894531e-02 3.334903717041015625e-02
6.251096725463867188e-03 7.527828216552734375e-03 9.517908096313476562e-03 1.067399978637695312e-02 1.255893707275390625e-02 1.339101791381835938e-02 1.529693603515625000e-02 1.685500144958496094e-02 1.805710792541503906e-02 1.935601234436035156e-02 2.052497863769531250e-02 2.185201644897460938e-02 2.314805984497070312e-02 2.430796623229980469e-02 2.556014060974121094e-02 2.689599990844726562e-02 2.811694145202636719e-02 2.926993370056152344e-02 3.053808212280273438e-02 3.184485435485839844e-02
6.222009658813476562e-03 7.559061050415039062e-03 1.024985313415527344e-02 1.151204109191894531e-02 1.279497146606445312e-02 1.338219642639160156e-02 1.526498794555664062e-02 1.682496070861816406e-02 1.802301406860351562e-02 1.927495002746582031e-02 2.057504653930664062e-02 2.183890342712402344e-02 2.301502227783203125e-02 5.069994926452636719e-02 3.800296783447265625e-02 2.983283996582031250e-02 2.805304527282714844e-02 2.930092811584472656e-02 3.062415122985839844e-02 3.183102607727050781e-02
6.253957748413085938e-03 7.581949234008789062e-03 9.421110153198242188e-03 1.082015037536621094e-02 1.271605491638183594e-02 1.407289505004882812e-02 1.558399200439453125e-02 1.679110527038574219e-02 1.805710792541503906e-02 1.937294006347656250e-02 2.065277099609375000e-02 2.189111709594726562e-02 2.314805984497070312e-02 2.443122863769531250e-02 2.561187744140625000e-02 2.690505981445312500e-02 2.812123298645019531e-02 2.930498123168945312e-02 3.056287765502929688e-02 3.186321258544921875e-02
6.164073944091796875e-03 7.666826248168945312e-03 9.377002716064453125e-03 1.087808609008789062e-02 1.193118095397949219e-02 1.326608657836914062e-02 1.446986198425292969e-02 1.578903198242187500e-02 1.703405380249023438e-02 1.827716827392578125e-02 2.011203765869140625e-02 2.091097831726074219e-02 2.200102806091308594e-02 2.335214614868164062e-02 3.391313552856445312e-02 2.724289894104003906e-02 2.689504623413085938e-02 2.823400497436523438e-02 2.957701683044433594e-02 3.071618080139160156e-02
6.144046783447265625e-03 7.597923278808593750e-03 8.746147155761718750e-03 1.011514663696289062e-02 1.138091087341308594e-02 1.256394386291503906e-02 1.383900642395019531e-02 1.506590843200683594e-02 1.631498336791992188e-02 1.753711700439453125e-02 1.871800422668457031e-02 2.008485794067382812e-02 2.133512496948242188e-02 2.253007888793945312e-02 2.385711669921875000e-02 2.506494522094726562e-02 2.630496025085449219e-02 2.756905555725097656e-02 2.880501747131347656e-02 3.008008003234863281e-02
6.225824356079101562e-03 7.542133331298828125e-03 8.929014205932617188e-03 1.011800765991210938e-02 1.133894920349121094e-02 1.261806488037109375e-02 1.386880874633789062e-02 1.502799987792968750e-02 1.633191108703613281e-02 1.765799522399902344e-02 1.886415481567382812e-02 2.011418342590332031e-02 2.133011817932128906e-02 2.261805534362792969e-02 2.388882637023925781e-02 2.516984939575195312e-02 2.622008323669433594e-02 2.758097648620605469e-02 2.886891365051269531e-02 3.014302253723144531e-02
6.218910217285156250e-03 7.574081420898437500e-03 9.423017501831054688e-03 1.075005531311035156e-02 1.198482513427734375e-02 1.321792602539062500e-02 1.456999778747558594e-02 1.578307151794433594e-02 1.700305938720703125e-02 1.823997497558593750e-02 1.957392692565917969e-02 2.081680297851562500e-02 2.201581001281738281e-02 2.332496643066406250e-02 2.450299263000488281e-02 2.577686309814453125e-02 2.696299552917480469e-02 2.831912040710449219e-02 2.969098091125488281e-02 3.076314926147460938e-02
6.169080734252929688e-03 7.751941680908203125e-03 9.472846984863281250e-03 1.090407371520996094e-02 1.199889183044433594e-02 1.338100433349609375e-02 1.471495628356933594e-02 1.592111587524414062e-02 1.716017723083496094e-02 1.848602294921875000e-02 1.979994773864746094e-02 2.100515365600585938e-02 2.221608161926269531e-02 2.348399162292480469e-02 2.469086647033691406e-02 2.597999572753906250e-02 2.728199958801269531e-02 2.844381332397460938e-02 2.970600128173828125e-02 6.411004066467285156e-02
