5.510520935058593750e-02
8.101701736450195312e-02
9.966707229614257812e-02
1.074061393737792969e-01
1.083312034606933594e-01
1.166059970855712891e-01
1.158549785614013672e-01
1.187608242034912109e-01
1.404869556427001953e-01
1.170558929443359375e-01
1.209340095520019531e-01
1.208310127258300781e-01
1.390480995178222656e-01
1.250519752502441406e-01
1.668078899383544922e-01
1.295580863952636719e-01
1.441080570220947266e-01
1.421868801116943359e-01
1.483418941497802734e-01
1.640341281890869141e-01
5.215382575988769531e-02
1.441180706024169922e-01
4.742813110351562500e-02
4.431796073913574219e-02
4.960608482360839844e-02
5.476498603820800781e-02
5.986809730529785156e-02
6.520104408264160156e-02
7.046580314636230469e-02
7.557082176208496094e-02
8.102798461914062500e-02
8.615112304687500000e-02
9.630393981933593750e-02
9.654498100280761719e-02
1.061809062957763672e-01
1.103360652923583984e-01
1.121308803558349609e-01
1.194460391998291016e-01
1.249649524688720703e-01
1.320159435272216797e-01
5.036711692810058594e-02
6.490707397460937500e-02
7.393598556518554688e-02
9.230709075927734375e-02
1.315839290618896484e-01
1.373820304870605469e-01
1.398169994354248047e-01
1.363298892974853516e-01
1.517989635467529297e-01
1.264350414276123047e-01
1.757628917694091797e-01
1.778378486633300781e-01
1.878769397735595703e-01
2.087500095367431641e-01
2.928349971771240234e-01
2.281260490417480469e-01
4.509580135345458984e-01
2.351610660552978516e-01
2.329399585723876953e-01
2.457859516143798828e-01
5.132102966308593750e-02
1.204280853271484375e-01
1.364138126373291016e-01
8.430814743041992188e-02
9.812998771667480469e-02
1.040589809417724609e-01
1.380660533905029297e-01
1.609370708465576172e-01
1.243858337402343750e-01
1.369481086730957031e-01
1.687629222869873047e-01
1.574821472167968750e-01
2.352421283721923828e-01
2.016000747680664062e-01
2.207679748535156250e-01
2.713060379028320312e-01
2.612137794494628906e-01
2.715008258819580078e-01
2.283539772033691406e-01
2.422230243682861328e-01
5.602884292602539062e-02
7.293605804443359375e-02
8.393597602844238281e-02
1.465880870819091797e-01
1.178898811340332031e-01
2.082061767578125000e-01
1.825180053710937500e-01
1.255981922149658203e-01
1.335439682006835938e-01
1.485610008239746094e-01
2.145619392395019531e-01
1.772761344909667969e-01
1.564788818359375000e-01
2.370359897613525391e-01
1.746189594268798828e-01
3.298208713531494141e-01
2.096068859100341797e-01
2.096889019012451172e-01
4.245820045471191406e-01
2.398560047149658203e-01
5.016589164733886719e-02
1.371390819549560547e-01
1.162111759185791016e-01
5.544018745422363281e-02
6.306695938110351562e-02
6.525111198425292969e-02
7.033491134643554688e-02
7.624697685241699219e-02
8.133816719055175781e-02
8.598709106445312500e-02
1.227347850799560547e-01
9.648704528808593750e-02
1.157910823822021484e-01
1.189448833465576172e-01
1.135919094085693359e-01
1.172041893005371094e-01
1.224989891052246094e-01
1.367628574371337891e-01
1.285278797149658203e-01
1.323251724243164062e-01
5.000090599060058594e-02
6.521511077880859375e-02
7.136416435241699219e-02
7.796597480773925781e-02
1.019341945648193359e-01
1.260049343109130859e-01
1.278200149536132812e-01
1.462109088897705078e-01
1.802558898925781250e-01
1.266469955444335938e-01
1.122369766235351562e-01
1.280519962310791016e-01
1.241211891174316406e-01
1.260280609130859375e-01
1.464159488677978516e-01
1.232390403747558594e-01
1.448609828948974609e-01
1.504940986633300781e-01
1.673679351806640625e-01
2.017629146575927734e-01
5.434989929199218750e-02
1.408457756042480469e-01
4.595303535461425781e-02
6.112909317016601562e-02
6.654405593872070312e-02
7.158780097961425781e-02
9.296798706054687500e-02
8.154392242431640625e-02
8.661103248596191406e-02
8.232402801513671875e-02
8.648800849914550781e-02
9.228014945983886719e-02
9.519910812377929688e-02
1.065859794616699219e-01
1.510639190673828125e-01
1.150360107421875000e-01
1.305940151214599609e-01
1.460990905761718750e-01
1.498670578002929688e-01
1.598701477050781250e-01
5.031800270080566406e-02
6.893014907836914062e-02
8.864402770996093750e-02
9.068322181701660156e-02
8.223485946655273438e-02
9.062814712524414062e-02
9.236121177673339844e-02
1.091749668121337891e-01
1.193501949310302734e-01
1.277818679809570312e-01
1.290791034698486328e-01
1.454658508300781250e-01
1.313779354095458984e-01
1.402311325073242188e-01
1.298320293426513672e-01
1.702260971069335938e-01
1.646890640258789062e-01
1.811590194702148438e-01
1.488919258117675781e-01
1.483187675476074219e-01
6.399393081665039062e-02
1.130909919738769531e-01
9.052205085754394531e-02
8.958697319030761719e-02
5.809092521667480469e-02
9.677505493164062500e-02
6.847977638244628906e-02
7.378602027893066406e-02
7.892489433288574219e-02
1.112530231475830078e-01
1.072990894317626953e-01
9.470391273498535156e-02
1.021678447723388672e-01
1.071939468383789062e-01
1.108770370483398438e-01
1.160421371459960938e-01
1.214549541473388672e-01
1.232211589813232422e-01
1.419150829315185547e-01
1.452758312225341797e-01
6.153392791748046875e-02
8.389616012573242188e-02
8.563303947448730469e-02
8.617496490478515625e-02
9.784507751464843750e-02
9.101986885070800781e-02
9.269499778747558594e-02
8.099699020385742188e-02
9.380316734313964844e-02
8.899402618408203125e-02
9.392094612121582031e-02
1.096930503845214844e-01
1.113059520721435547e-01
1.167981624603271484e-01
1.158831119537353516e-01
1.191511154174804688e-01
1.242339611053466797e-01
1.331059932708740234e-01
1.630649566650390625e-01
2.117781639099121094e-01
7.233095169067382812e-02
7.952284812927246094e-02
9.355497360229492188e-02
9.313201904296875000e-02
9.832191467285156250e-02
1.037189960479736328e-01
1.111481189727783203e-01
1.163938045501708984e-01
1.443750858306884766e-01
1.126801967620849609e-01
1.138551235198974609e-01
1.165270805358886719e-01
1.314430236816406250e-01
1.251969337463378906e-01
1.254379749298095703e-01
1.418988704681396484e-01
1.428930759429931641e-01
1.573369503021240234e-01
1.498248577117919922e-01
1.784501075744628906e-01
7.145380973815917969e-02
7.164192199707031250e-02
7.686185836791992188e-02
1.491951942443847656e-01
1.852297782897949219e-01
9.979200363159179688e-02
3.111000061035156250e-01
2.483730316162109375e-01
1.511220932006835938e-01
1.621129512786865234e-01
2.417840957641601562e-01
1.827130317687988281e-01
1.837468147277832031e-01
2.519049644470214844e-01
3.210639953613281250e-01
2.447328567504882812e-01
2.434260845184326172e-01
2.541780471801757812e-01
6.650669574737548828e-01
3.292150497436523438e-01
5.096220970153808594e-02
1.349101066589355469e-01
4.597115516662597656e-02
4.992914199829101562e-02
5.176806449890136719e-02
5.700898170471191406e-02
6.852412223815917969e-02
6.824398040771484375e-02
7.347512245178222656e-02
8.707714080810546875e-02
1.056921482086181641e-01
1.045231819152832031e-01
1.097869873046875000e-01
1.021502017974853516e-01
1.043369770050048828e-01
1.151289939880371094e-01
1.178789138793945312e-01
1.213438510894775391e-01
1.381649971008300781e-01
1.297509670257568359e-01
5.024385452270507812e-02
1.187779903411865234e-01
9.134387969970703125e-02
9.709692001342773438e-02
2.484979629516601562e-01
1.444840431213378906e-01
2.086598873138427734e-01
1.727540493011474609e-01
1.441988945007324219e-01
1.393880844116210938e-01
1.600320339202880859e-01
2.191939353942871094e-01
1.740639209747314453e-01
1.633999347686767578e-01
1.673028469085693359e-01
1.702010631561279297e-01
2.364158630371093750e-01
1.997439861297607422e-01
2.227439880371093750e-01
2.931480407714843750e-01
5.686187744140625000e-02
1.360380649566650391e-01
1.142761707305908203e-01
1.056590080261230469e-01
1.393921375274658203e-01
1.264870166778564453e-01
1.107270717620849609e-01
1.314980983734130859e-01
1.210680007934570312e-01
1.508038043975830078e-01
1.538839340209960938e-01
1.875000000000000000e-01
1.841528415679931641e-01
2.545061111450195312e-01
2.509121894836425781e-01
2.259380817413330078e-01
4.294240474700927734e-01
3.142108917236328125e-01
4.289410114288330078e-01
2.256400585174560547e-01
5.004596710205078125e-02
1.349360942840576172e-01
1.077988147735595703e-01
9.865307807922363281e-02
1.087131500244140625e-01
1.212298870086669922e-01
1.262350082397460938e-01
1.267149448394775391e-01
1.540088653564453125e-01
1.383509635925292969e-01
1.569969654083251953e-01
2.039859294891357422e-01
1.756429672241210938e-01
1.776490211486816406e-01
2.328670024871826172e-01
1.886601448059082031e-01
2.145669460296630859e-01
2.213771343231201172e-01
1.994731426239013672e-01
2.213568687438964844e-01
5.707716941833496094e-02
3.880500793457031250e-02
4.461312294006347656e-02
4.913997650146484375e-02
5.439281463623046875e-02
5.942296981811523438e-02
6.451106071472167969e-02
7.005882263183593750e-02
7.972788810729980469e-02
8.025693893432617188e-02
8.559799194335937500e-02
9.224605560302734375e-02
9.620809555053710938e-02
1.030941009521484375e-01
1.062910556793212891e-01
1.125209331512451172e-01
1.188080310821533203e-01
1.213731765747070312e-01
1.221179962158203125e-01
1.323621273040771484e-01
5.051493644714355469e-02
1.362390518188476562e-01
8.504796028137207031e-02
8.632993698120117188e-02
8.017396926879882812e-02
1.129009723663330078e-01
1.245841979980468750e-01
1.168961524963378906e-01
1.325721740722656250e-01
1.253910064697265625e-01
1.776299476623535156e-01
1.413891315460205078e-01
1.427450180053710938e-01
1.598548889160156250e-01
1.604549884796142578e-01
2.294399738311767578e-01
1.635761260986328125e-01
1.871249675750732422e-01
1.716709136962890625e-01
1.833710670471191406e-01
5.023097991943359375e-02
3.938198089599609375e-02
4.188489913940429688e-02
4.709982872009277344e-02
5.258297920227050781e-02
5.780911445617675781e-02
6.339001655578613281e-02
6.906199455261230469e-02
9.307503700256347656e-02
7.843685150146484375e-02
8.372306823730468750e-02
9.214711189270019531e-02
9.412193298339843750e-02
1.007659435272216797e-01
1.045839786529541016e-01
1.106669902801513672e-01
1.155080795288085938e-01
1.295680999755859375e-01
1.262619495391845703e-01
1.336228847503662109e-01
