4.507899284362792969e-02
4.621386528015136719e-02
4.979109764099121094e-02
5.615687370300292969e-02
5.649995803833007812e-02
5.631017684936523438e-02
6.204104423522949219e-02
6.618499755859375000e-02
6.273818016052246094e-02
7.507205009460449219e-02
7.956504821777343750e-02
7.946395874023437500e-02
8.177900314331054688e-02
9.410905838012695312e-02
1.325418949127197266e-01
1.005668640136718750e-01
1.035981178283691406e-01
1.178548336029052734e-01
9.816718101501464844e-02
1.383020877838134766e-01
3.192496299743652344e-02
4.139089584350585938e-02
7.746505737304687500e-02
5.437612533569335938e-02
5.871701240539550781e-02
6.762695312500000000e-02
6.056284904479980469e-02
8.615708351135253906e-02
9.712791442871093750e-02
1.048059463500976562e-01
9.156298637390136719e-02
8.022093772888183594e-02
9.332799911499023438e-02
9.067702293395996094e-02
9.213280677795410156e-02
1.067099571228027344e-01
9.595608711242675781e-02
1.382269859313964844e-01
1.128749847412109375e-01
1.211080551147460938e-01
3.253412246704101562e-02
4.638504981994628906e-02
4.414081573486328125e-02
5.889391899108886719e-02
6.076717376708984375e-02
7.666206359863281250e-02
6.944394111633300781e-02
7.941102981567382812e-02
7.842397689819335938e-02
7.615399360656738281e-02
6.368589401245117188e-02
7.055187225341796875e-02
6.855297088623046875e-02
8.345508575439453125e-02
7.751798629760742188e-02
8.993411064147949219e-02
9.106588363647460938e-02
8.990001678466796875e-02
1.147718429565429688e-01
1.176569461822509766e-01
3.102993965148925781e-02
5.015707015991210938e-02
5.173516273498535156e-02
6.434106826782226562e-02
5.660510063171386719e-02
6.202387809753417969e-02
6.461906433105468750e-02
6.816291809082031250e-02
7.470393180847167969e-02
8.360409736633300781e-02
7.180309295654296875e-02
7.682800292968750000e-02
9.221482276916503906e-02
8.648991584777832031e-02
9.774804115295410156e-02
9.821891784667968750e-02
1.015820503234863281e-01
1.185760498046875000e-01
1.006782054901123047e-01
1.016721725463867188e-01
3.248405456542968750e-02
3.626704216003417969e-02
9.246277809143066406e-02
6.691908836364746094e-02
6.017708778381347656e-02
6.771588325500488281e-02
7.476902008056640625e-02
6.131696701049804688e-02
7.047104835510253906e-02
7.433891296386718750e-02
8.061003684997558594e-02
8.184909820556640625e-02
8.478307723999023438e-02
8.852195739746093750e-02
1.001868247985839844e-01
1.508820056915283203e-01
1.060640811920166016e-01
1.006119251251220703e-01
1.059081554412841797e-01
9.966993331909179688e-02
3.165388107299804688e-02
4.358291625976562500e-02
5.806422233581542969e-02
6.542015075683593750e-02
6.305098533630371094e-02
6.299400329589843750e-02
7.553505897521972656e-02
9.899520874023437500e-02
6.612491607666015625e-02
6.937909126281738281e-02
7.560706138610839844e-02
7.999801635742187500e-02
8.507108688354492188e-02
8.669805526733398438e-02
1.080310344696044922e-01
8.753013610839843750e-02
9.707999229431152344e-02
1.233291625976562500e-01
1.157510280609130859e-01
1.476788520812988281e-01
3.117704391479492188e-02
5.145788192749023438e-02
6.198000907897949219e-02
5.220508575439453125e-02
5.877208709716796875e-02
7.538390159606933594e-02
6.740307807922363281e-02
5.820584297180175781e-02
5.747699737548828125e-02
6.678390502929687500e-02
6.733202934265136719e-02
7.534313201904296875e-02
7.895994186401367188e-02
7.674908638000488281e-02
9.937095642089843750e-02
9.675097465515136719e-02
1.014728546142578125e-01
9.201312065124511719e-02
1.202778816223144531e-01
1.117320060729980469e-01
3.082299232482910156e-02
4.212713241577148438e-02
5.809998512268066406e-02
7.599997520446777344e-02
6.408786773681640625e-02
5.649590492248535156e-02
6.296586990356445312e-02
6.985998153686523438e-02
8.868193626403808594e-02
7.570195198059082031e-02
9.021210670471191406e-02
9.290909767150878906e-02
7.831311225891113281e-02
9.578800201416015625e-02
9.712219238281250000e-02
9.858489036560058594e-02
1.207709312438964844e-01
1.064670085906982422e-01
1.065180301666259766e-01
1.032650470733642578e-01
3.173708915710449219e-02
4.902815818786621094e-02
6.364512443542480469e-02
5.322217941284179688e-02
6.048607826232910156e-02
7.442903518676757812e-02
8.614492416381835938e-02
6.501293182373046875e-02
6.592679023742675781e-02
7.661890983581542969e-02
8.458185195922851562e-02
1.095139980316162109e-01
8.544588088989257812e-02
8.046603202819824219e-02
9.987688064575195312e-02
9.812283515930175781e-02
9.543800354003906250e-02
9.520292282104492188e-02
9.999394416809082031e-02
1.129229068756103516e-01
3.173589706420898438e-02
4.288411140441894531e-02
5.036687850952148438e-02
5.464100837707519531e-02
5.820798873901367188e-02
5.188012123107910156e-02
6.149315834045410156e-02
6.041812896728515625e-02
8.832597732543945312e-02
7.150697708129882812e-02
7.388019561767578125e-02
7.438898086547851562e-02
8.992600440979003906e-02
8.707785606384277344e-02
1.102249622344970703e-01
9.020805358886718750e-02
1.005878448486328125e-01
9.781002998352050781e-02
1.098430156707763672e-01
1.140909194946289062e-01
3.330802917480468750e-02
4.657411575317382812e-02
5.202102661132812500e-02
5.430102348327636719e-02
5.534601211547851562e-02
5.521488189697265625e-02
6.208395957946777344e-02
7.712912559509277344e-02
7.692718505859375000e-02
6.733608245849609375e-02
7.637500762939453125e-02
7.597303390502929688e-02
7.645106315612792969e-02
8.938407897949218750e-02
8.093309402465820312e-02
9.541606903076171875e-02
1.058800220489501953e-01
9.334802627563476562e-02
1.029851436614990234e-01
1.372740268707275391e-01
3.086805343627929688e-02
4.541087150573730469e-02
5.501008033752441406e-02
5.975103378295898438e-02
5.931210517883300781e-02
6.482601165771484375e-02
6.569480895996093750e-02
7.195186614990234375e-02
7.101893424987792969e-02
7.578086853027343750e-02
7.351803779602050781e-02
8.834505081176757812e-02
8.733987808227539062e-02
8.690786361694335938e-02
8.264994621276855469e-02
9.820699691772460938e-02
8.423209190368652344e-02
8.592009544372558594e-02
1.059639453887939453e-01
1.037058830261230469e-01
3.190016746520996094e-02
3.814506530761718750e-02
7.238006591796875000e-02
7.903504371643066406e-02
7.954621315002441406e-02
7.151079177856445312e-02
7.462620735168457031e-02
7.812500000000000000e-02
8.346104621887207031e-02
7.954907417297363281e-02
8.983397483825683594e-02
1.273021697998046875e-01
9.085392951965332031e-02
1.023259162902832031e-01
1.007301807403564453e-01
1.017959117889404297e-01
1.038019657135009766e-01
1.023960113525390625e-01
1.179301738739013672e-01
1.110389232635498047e-01
5.152797698974609375e-02
5.537915229797363281e-02
4.751610755920410156e-02
7.636499404907226562e-02
5.706882476806640625e-02
6.823086738586425781e-02
7.760906219482421875e-02
5.983614921569824219e-02
5.750393867492675781e-02
7.039690017700195312e-02
6.817984580993652344e-02
7.274699211120605469e-02
8.693099021911621094e-02
8.157801628112792969e-02
8.418798446655273438e-02
1.052849292755126953e-01
1.075460910797119141e-01
1.259570121765136719e-01
1.225180625915527344e-01
1.302819252014160156e-01
3.172397613525390625e-02
7.525181770324707031e-02
5.143904685974121094e-02
6.189489364624023438e-02
5.805897712707519531e-02
7.094216346740722656e-02
8.162403106689453125e-02
7.387185096740722656e-02
7.114291191101074219e-02
6.650185585021972656e-02
8.150792121887207031e-02
9.800195693969726562e-02
9.569215774536132812e-02
8.411884307861328125e-02
1.037850379943847656e-01
8.766603469848632812e-02
8.822107315063476562e-02
1.005790233612060547e-01
1.033611297607421875e-01
1.022388935089111328e-01
3.233909606933593750e-02
4.146003723144531250e-02
6.587100028991699219e-02
6.818294525146484375e-02
7.069921493530273438e-02
7.774305343627929688e-02
9.821987152099609375e-02
9.286713600158691406e-02
1.158950328826904297e-01
7.914805412292480469e-02
8.693003654479980469e-02
8.424997329711914062e-02
9.198403358459472656e-02
1.283738613128662109e-01
1.083309650421142578e-01
1.505360603332519531e-01
1.139290332794189453e-01
1.375160217285156250e-01
1.171951293945312500e-01
1.064600944519042969e-01
3.149819374084472656e-02
4.212594032287597656e-02
6.068301200866699219e-02
5.089998245239257812e-02
4.878401756286621094e-02
5.357813835144042969e-02
6.207704544067382812e-02
6.577992439270019531e-02
7.010197639465332031e-02
8.310604095458984375e-02
1.286029815673828125e-01
9.612488746643066406e-02
7.581591606140136719e-02
8.489084243774414062e-02
8.109211921691894531e-02
8.673095703125000000e-02
9.129881858825683594e-02
9.084177017211914062e-02
9.909796714782714844e-02
1.068530082702636719e-01
5.199193954467773438e-02
4.740285873413085938e-02
6.100177764892578125e-02
6.770300865173339844e-02
5.597686767578125000e-02
6.277585029602050781e-02
6.665611267089843750e-02
7.796001434326171875e-02
7.181906700134277344e-02
7.757401466369628906e-02
8.232402801513671875e-02
7.648706436157226562e-02
7.862782478332519531e-02
7.708287239074707031e-02
8.446598052978515625e-02
9.655308723449707031e-02
9.962701797485351562e-02
1.104180812835693359e-01
1.168720722198486328e-01
9.364700317382812500e-02
3.148198127746582031e-02
3.617405891418457031e-02
7.222414016723632812e-02
6.977200508117675781e-02
6.271600723266601562e-02
5.111718177795410156e-02
5.409908294677734375e-02
6.089901924133300781e-02
6.847500801086425781e-02
6.783199310302734375e-02
6.922197341918945312e-02
7.106494903564453125e-02
7.686185836791992188e-02
8.741188049316406250e-02
8.509302139282226562e-02
8.751797676086425781e-02
8.809113502502441406e-02
8.902001380920410156e-02
1.059348583221435547e-01
1.158740520477294922e-01
3.262209892272949219e-02
4.429507255554199219e-02
5.834817886352539062e-02
6.176996231079101562e-02
5.372691154479980469e-02
5.750298500061035156e-02
5.528998374938964844e-02
6.237506866455078125e-02
7.158017158508300781e-02
6.611394882202148438e-02
1.013679504394531250e-01
7.737779617309570312e-02
7.603311538696289062e-02
7.392001152038574219e-02
8.844995498657226562e-02
8.579206466674804688e-02
9.370684623718261719e-02
8.862805366516113281e-02
9.207916259765625000e-02
8.921003341674804688e-02
