6.500727565910134620e-02 6.500727565910134620e-02 1.881784434708091147e-01 2.925282093121465699e-01 3.601263101748872208e-02 6.500727565910134620e-02 3.601263101748872208e-02 3.601263101748872208e-02 3.601263101748872208e-02 3.601263101748872208e-02 3.601263101748872208e-02 3.601263101748872208e-02 3.601263101748872208e-02 3.601263101748872208e-02 3.601263101748872208e-02 3.601263101748872208e-02 3.601263101748872208e-02 3.601263101748872208e-02 3.601263101748872208e-02 3.601263101748872208e-02
0.000000000000000000e+00 0.000000000000000000e+00 2.267280600864073903e-01 1.564342820348908845e-04 2.995178081411484228e-01 1.812508531247453980e-01 1.564342820348908845e-04 1.564342820348908845e-04 1.564342820348908845e-04 1.564342820348908845e-04 1.564342820348908845e-04 3.230879875160089232e-01 1.564342820348908845e-04 1.564342820348908845e-04 1.564342820348908845e-04 1.564342820348908845e-04 1.564342820348908845e-04 1.564342820348908845e-04 1.564342820348908845e-04 1.564342820348908845e-04
0.000000000000000000e+00 0.000000000000000000e+00 6.456519176400046245e-01 4.833963871011032198e-01 5.737191741681514356e-01 0.000000000000000000e+00 0.000000000000000000e+00 0.000000000000000000e+00 0.000000000000000000e+00 4.833963871011032198e-01 1.917531598568224249e-01 2.619725673392297449e-01 1.224495601498202108e-01 0.000000000000000000e+00 0.000000000000000000e+00 0.000000000000000000e+00 0.000000000000000000e+00 0.000000000000000000e+00 0.000000000000000000e+00 0.000000000000000000e+00
3.241907826621117095e-01 2.141618760233712782e-01 2.141618760233712782e-01 1.401205090482186555e-01 1.401205090482186555e-01 1.401205090482186555e-01 1.401205090482186555e-01 1.401205090482186555e-01 1.401205090482186555e-01 1.401205090482186555e-01 1.401205090482186555e-01 1.401205090482186555e-01 1.401205090482186555e-01 1.401205090482186555e-01 1.401205090482186555e-01 1.401205090482186555e-01 1.401205090482186555e-01 1.401205090482186555e-01 1.401205090482186555e-01 1.401205090482186555e-01
2.612111969918287646e-01 1.490184949187098318e-01 1.490184949187098318e-01 1.815725712722792984e-01 1.174163409712037157e-02 2.704557280748111081e-01 1.174163409712037157e-02 1.174163409712037157e-02 1.174163409712037157e-02 1.174163409712037157e-02 1.174163409712037157e-02 1.174163409712037157e-02 1.174163409712037157e-02 1.174163409712037157e-02 1.174163409712037157e-02 1.174163409712037157e-02 1.174163409712037157e-02 1.174163409712037157e-02 1.174163409712037157e-02 1.174163409712037157e-02
3.982547715992628135e-01 4.237966496876557909e-01 4.958236730835943185e-01 6.036269981522772721e-01 2.387682965572656968e-01 3.110546323481369058e-01 2.387682965572656968e-01 2.387682965572656968e-01 2.387682965572656968e-01 2.387682965572656968e-01 2.387682965572656968e-01 4.036848415616323127e-01 2.387682965572656968e-01 2.387682965572656968e-01 2.387682965572656968e-01 2.387682965572656968e-01 2.387682965572656968e-01 2.387682965572656968e-01 2.387682965572656968e-01 2.387682965572656968e-01
1.395470845462601361e-01 1.395470845462601361e-01 2.312690656569454106e-01 0.000000000000000000e+00 2.845002485511973767e-01 0.000000000000000000e+00 0.000000000000000000e+00 0.000000000000000000e+00 0.000000000000000000e+00 0.000000000000000000e+00 0.000000000000000000e+00 0.000000000000000000e+00 0.000000000000000000e+00 0.000000000000000000e+00 0.000000000000000000e+00 0.000000000000000000e+00 0.000000000000000000e+00 0.000000000000000000e+00 0.000000000000000000e+00 0.000000000000000000e+00
2.578854241375438949e-01 2.578854241375438949e-01 9.199206074168805314e-01 2.940533973781868093e-01 3.172496262846661308e-01 6.291983015906339460e-01 3.616797324064331687e-02 3.616797324064331687e-02 3.616797324064331687e-02 3.616797324064331687e-02 3.616797324064331687e-02 3.616797324064331687e-02 3.616797324064331687e-02 3.616797324064331687e-02 3.616797324064331687e-02 3.616797324064331687e-02 3.616797324064331687e-02 3.616797324064331687e-02 3.616797324064331687e-02 3.616797324064331687e-02
3.775172786508547151e-01 3.775172786508547151e-01 5.566639801375491969e-03 0.000000000000000000e+00 5.145343481154006360e-02 9.174846766411583893e-03 9.174846766411583893e-03 9.174846766411583893e-03 9.174846766411583893e-03 9.174846766411583893e-03 9.174846766411583893e-03 9.174846766411583893e-03 9.174846766411583893e-03 9.174846766411583893e-03 9.174846766411583893e-03 9.174846766411583893e-03 9.174846766411583893e-03 9.174846766411583893e-03 9.174846766411583893e-03 9.174846766411583893e-03
3.770236614158316013e-01 3.050312013077782769e-01 3.050312013077782769e-01 3.776246599029306483e-02 3.776246599029306483e-02 3.776246599029306483e-02 3.776246599029306483e-02 3.776246599029306483e-02 3.776246599029306483e-02 3.776246599029306483e-02 3.776246599029306483e-02 3.776246599029306483e-02 3.776246599029306483e-02 3.776246599029306483e-02 3.776246599029306483e-02 3.776246599029306483e-02 3.776246599029306483e-02 3.776246599029306483e-02 3.776246599029306483e-02 3.776246599029306483e-02
