6.500727565910134620e-02 6.500727565910134620e-02 6.500727565910134620e-02 6.500727565910134620e-02 6.500727565910134620e-02 6.500727565910134620e-02 6.500727565910134620e-02 6.500727565910134620e-02 6.500727565910134620e-02 6.500727565910134620e-02 6.500727565910134620e-02 6.500727565910134620e-02 6.500727565910134620e-02 6.500727565910134620e-02 6.500727565910134620e-02 6.500727565910134620e-02 6.500727565910134620e-02 6.500727565910134620e-02 6.500727565910134620e-02 6.500727565910134620e-02
2.955754276293173222e-01 0.000000000000000000e+00 0.000000000000000000e+00 0.000000000000000000e+00 0.000000000000000000e+00 0.000000000000000000e+00 0.000000000000000000e+00 0.000000000000000000e+00 0.000000000000000000e+00 0.000000000000000000e+00 0.000000000000000000e+00 0.000000000000000000e+00 0.000000000000000000e+00 0.000000000000000000e+00 0.000000000000000000e+00 0.000000000000000000e+00 0.000000000000000000e+00 0.000000000000000000e+00 0.000000000000000000e+00 0.000000000000000000e+00
1.861724526122058021e-01 0.000000000000000000e+00 0.000000000000000000e+00 0.000000000000000000e+00 0.000000000000000000e+00 0.000000000000000000e+00 0.000000000000000000e+00 0.000000000000000000e+00 0.000000000000000000e+00 0.000000000000000000e+00 0.000000000000000000e+00 0.000000000000000000e+00 0.000000000000000000e+00 0.000000000000000000e+00 0.000000000000000000e+00 0.000000000000000000e+00 0.000000000000000000e+00 0.000000000000000000e+00 0.000000000000000000e+00 0.000000000000000000e+00
7.469697374890510444e-02 7.469697374890510444e-02 7.469697374890510444e-02 7.469697374890510444e-02 7.469697374890510444e-02 7.469697374890510444e-02 7.469697374890510444e-02 7.469697374890510444e-02 7.469697374890510444e-02 7.469697374890510444e-02 7.469697374890510444e-02 7.469697374890510444e-02 7.469697374890510444e-02 7.469697374890510444e-02 7.469697374890510444e-02 7.469697374890510444e-02 7.469697374890510444e-02 7.469697374890510444e-02 7.469697374890510444e-02 7.469697374890510444e-02
7.519785678254597983e-01 4.352488140061099853e-01 4.352488140061099853e-01 4.352488140061099853e-01 4.352488140061099853e-01 4.352488140061099853e-01 4.352488140061099853e-01 4.352488140061099853e-01 4.352488140061099853e-01 4.352488140061099853e-01 4.352488140061099853e-01 4.352488140061099853e-01 4.352488140061099853e-01 4.352488140061099853e-01 4.352488140061099853e-01 4.352488140061099853e-01 4.352488140061099853e-01 4.352488140061099853e-01 4.352488140061099853e-01 4.352488140061099853e-01
1.131525947435268881e-01 8.056885167625156552e-02 8.056885167625156552e-02 8.056885167625156552e-02 8.056885167625156552e-02 8.056885167625156552e-02 8.056885167625156552e-02 8.056885167625156552e-02 8.056885167625156552e-02 8.056885167625156552e-02 8.056885167625156552e-02 8.056885167625156552e-02 8.056885167625156552e-02 8.056885167625156552e-02 8.056885167625156552e-02 8.056885167625156552e-02 8.056885167625156552e-02 8.056885167625156552e-02 8.056885167625156552e-02 8.056885167625156552e-02
4.178378879253253908e-01 4.178378879253253908e-01 4.178378879253253908e-01 4.178378879253253908e-01 4.178378879253253908e-01 4.178378879253253908e-01 4.178378879253253908e-01 4.178378879253253908e-01 4.178378879253253908e-01 4.178378879253253908e-01 4.178378879253253908e-01 4.178378879253253908e-01 4.178378879253253908e-01 4.178378879253253908e-01 4.178378879253253908e-01 4.178378879253253908e-01 4.178378879253253908e-01 4.178378879253253908e-01 4.178378879253253908e-01 4.178378879253253908e-01
5.420349948704128451e-01 3.666659272384901191e-01 3.666659272384901191e-01 3.666659272384901191e-01 3.666659272384901191e-01 3.666659272384901191e-01 3.666659272384901191e-01 3.666659272384901191e-01 3.666659272384901191e-01 3.666659272384901191e-01 3.666659272384901191e-01 3.666659272384901191e-01 3.666659272384901191e-01 3.666659272384901191e-01 3.666659272384901191e-01 3.666659272384901191e-01 3.666659272384901191e-01 3.666659272384901191e-01 3.666659272384901191e-01 3.666659272384901191e-01
4.393453910061412837e-01 4.393453910061412837e-01 4.393453910061412837e-01 4.393453910061412837e-01 4.393453910061412837e-01 4.393453910061412837e-01 4.393453910061412837e-01 4.393453910061412837e-01 4.393453910061412837e-01 4.393453910061412837e-01 4.393453910061412837e-01 4.393453910061412837e-01 4.393453910061412837e-01 4.393453910061412837e-01 4.393453910061412837e-01 4.393453910061412837e-01 4.393453910061412837e-01 4.393453910061412837e-01 4.393453910061412837e-01 4.393453910061412837e-01
1.711250188365643909e-01 2.314293940038436581e-01 1.711250188365643909e-01 1.711250188365643909e-01 1.711250188365643909e-01 1.711250188365643909e-01 1.711250188365643909e-01 1.711250188365643909e-01 1.711250188365643909e-01 1.711250188365643909e-01 1.711250188365643909e-01 1.711250188365643909e-01 1.711250188365643909e-01 1.711250188365643909e-01 1.711250188365643909e-01 1.711250188365643909e-01 1.711250188365643909e-01 1.711250188365643909e-01 1.711250188365643909e-01 1.711250188365643909e-01
