1.967191696166992188e-02 1.532077789306640625e-02 2.020907402038574219e-02 3.786802291870117188e-02 4.585909843444824219e-02 3.861808776855468750e-02 4.263997077941894531e-02 5.216717720031738281e-02 4.734301567077636719e-02 5.173110961914062500e-02 5.931687355041503906e-02 7.104492187500000000e-02 6.976795196533203125e-02 7.042098045349121094e-02 8.135414123535156250e-02 8.116102218627929688e-02 8.245611190795898438e-02 8.783793449401855469e-02 9.371399879455566406e-02 9.499406814575195312e-02
1.235485076904296875e-02 1.458001136779785156e-02 3.175902366638183594e-02 2.473688125610351562e-02 3.960585594177246094e-02 4.411101341247558594e-02 4.341101646423339844e-02 4.731583595275878906e-02 5.708193778991699219e-02 4.694700241088867188e-02 6.260204315185546875e-02 7.334995269775390625e-02 7.901597023010253906e-02 7.564806938171386719e-02 7.995891571044921875e-02 8.746409416198730469e-02 9.385108947753906250e-02 8.508896827697753906e-02 9.470295906066894531e-02 1.026082038879394531e-01
1.225996017456054688e-02 1.448106765747070312e-02 3.088283538818359375e-02 3.612112998962402344e-02 4.088306427001953125e-02 3.663492202758789062e-02 4.265308380126953125e-02 5.146789550781250000e-02 4.485821723937988281e-02 5.760002136230468750e-02 5.118203163146972656e-02 6.157088279724121094e-02 7.087993621826171875e-02 7.332015037536621094e-02 8.108305931091308594e-02 7.462906837463378906e-02 7.613801956176757812e-02 7.588505744934082031e-02 8.082699775695800781e-02 8.709001541137695312e-02
1.225399971008300781e-02 1.455187797546386719e-02 3.180313110351562500e-02 2.465200424194335938e-02 3.512978553771972656e-02 4.313206672668457031e-02 5.211997032165527344e-02 4.954910278320312500e-02 5.171799659729003906e-02 5.597901344299316406e-02 5.640292167663574219e-02 9.212017059326171875e-02 6.103277206420898438e-02 6.395816802978515625e-02 7.260990142822265625e-02 7.226014137268066406e-02 7.136797904968261719e-02 7.516908645629882812e-02 7.594990730285644531e-02 8.068799972534179688e-02
1.233506202697753906e-02 1.451301574707031250e-02 3.200197219848632812e-02 2.687907218933105469e-02 3.695607185363769531e-02 4.103183746337890625e-02 4.231190681457519531e-02 4.888987541198730469e-02 5.156898498535156250e-02 5.564999580383300781e-02 5.608296394348144531e-02 5.509495735168457031e-02 6.084585189819335938e-02 6.789803504943847656e-02 6.708693504333496094e-02 6.973290443420410156e-02 7.500004768371582031e-02 8.976888656616210938e-02 9.100985527038574219e-02 9.031295776367187500e-02
1.222395896911621094e-02 1.459407806396484375e-02 3.174495697021484375e-02 2.674317359924316406e-02 3.684711456298828125e-02 4.033303260803222656e-02 4.204416275024414062e-02 4.364800453186035156e-02 5.238699913024902344e-02 5.981016159057617188e-02 6.421399116516113281e-02 6.050992012023925781e-02 6.662082672119140625e-02 7.053899765014648438e-02 7.400298118591308594e-02 7.644486427307128906e-02 7.606911659240722656e-02 8.758401870727539062e-02 8.813691139221191406e-02 8.277583122253417969e-02
1.508879661560058594e-02 3.516101837158203125e-02 4.958105087280273438e-02 4.269981384277343750e-02 4.100489616394042969e-02 4.063296318054199219e-02 4.154205322265625000e-02 4.425501823425292969e-02 4.220795631408691406e-02 5.453395843505859375e-02 5.905890464782714844e-02 6.305408477783203125e-02 6.389403343200683594e-02 6.731104850769042969e-02 7.125520706176757812e-02 8.236312866210937500e-02 7.304501533508300781e-02 8.119702339172363281e-02 8.343291282653808594e-02 8.491516113281250000e-02
1.222085952758789062e-02 1.429510116577148438e-02 1.926088333129882812e-02 3.181695938110351562e-02 4.144597053527832031e-02 3.513407707214355469e-02 3.344392776489257812e-02 4.315590858459472656e-02 5.088806152343750000e-02 5.991315841674804688e-02 5.660700798034667969e-02 6.135606765747070312e-02 6.089591979980468750e-02 7.025718688964843750e-02 7.067704200744628906e-02 7.634711265563964844e-02 7.334804534912109375e-02 7.617998123168945312e-02 9.060096740722656250e-02 8.036303520202636719e-02
1.231408119201660156e-02 1.462101936340332031e-02 3.084301948547363281e-02 3.601408004760742188e-02 4.080104827880859375e-02 4.056811332702636719e-02 4.158186912536621094e-02 4.252314567565917969e-02 5.479478836059570312e-02 4.861903190612792969e-02 5.863690376281738281e-02 5.537009239196777344e-02 6.860399246215820312e-02 6.328082084655761719e-02 7.237601280212402344e-02 7.236099243164062500e-02 7.663702964782714844e-02 7.808589935302734375e-02 8.408403396606445312e-02 7.845401763916015625e-02
1.231098175048828125e-02 1.445007324218750000e-02 3.169298171997070312e-02 2.675509452819824219e-02 3.674101829528808594e-02 4.008603096008300781e-02 4.195904731750488281e-02 4.388785362243652344e-02 5.034399032592773438e-02 4.946017265319824219e-02 5.475497245788574219e-02 6.760787963867187500e-02 6.849098205566406250e-02 7.334995269775390625e-02 6.664609909057617188e-02 7.463288307189941406e-02 8.863687515258789062e-02 8.573698997497558594e-02 8.395719528198242188e-02 8.378195762634277344e-02
