8.260965347290039062e-03 7.580041885375976562e-03 1.029300689697265625e-02 1.146602630615234375e-02 1.258587837219238281e-02 1.374888420104980469e-02 1.546478271484375000e-02 1.654195785522460938e-02 1.791810989379882812e-02 1.908993721008300781e-02 2.027702331542968750e-02 2.151894569396972656e-02 2.276301383972167969e-02 2.395892143249511719e-02 2.513098716735839844e-02 2.644300460815429688e-02 2.770590782165527344e-02 2.967000007629394531e-02 3.032994270324707031e-02 3.149294853210449219e-02
6.148099899291992188e-03 7.491827011108398438e-03 9.282112121582031250e-03 1.065397262573242188e-02 1.187109947204589844e-02 1.378679275512695312e-02 1.437997817993164062e-02 1.564884185791015625e-02 1.694393157958984375e-02 1.815390586853027344e-02 1.935791969299316406e-02 2.066397666931152344e-02 2.201700210571289062e-02 2.318811416625976562e-02 2.474403381347656250e-02 2.591300010681152344e-02 2.705216407775878906e-02 2.835988998413085938e-02 2.960586547851562500e-02 3.088879585266113281e-02
6.164073944091796875e-03 7.529020309448242188e-03 9.267091751098632812e-03 1.066708564758300781e-02 1.184082031250000000e-02 1.369190216064453125e-02 1.455783843994140625e-02 1.636195182800292969e-02 1.787400245666503906e-02 1.914310455322265625e-02 2.057981491088867188e-02 2.171993255615234375e-02 2.292203903198242188e-02 2.420401573181152344e-02 2.539706230163574219e-02 2.670311927795410156e-02 2.801609039306640625e-02 2.932906150817871094e-02 3.060007095336914062e-02 3.173804283142089844e-02
6.201982498168945312e-03 7.514953613281250000e-03 1.013803482055664062e-02 1.149177551269531250e-02 1.336097717285156250e-02 1.394319534301757812e-02 1.520991325378417969e-02 1.580190658569335938e-02 1.766514778137207031e-02 1.923298835754394531e-02 2.050280570983886719e-02 2.161788940429687500e-02 2.289485931396484375e-02 2.431297302246093750e-02 2.561712265014648438e-02 2.670192718505859375e-02 2.795100212097167969e-02 2.914500236511230469e-02 3.055286407470703125e-02 3.160309791564941406e-02
6.159067153930664062e-03 7.493019104003906250e-03 9.204149246215820312e-03 1.060509681701660156e-02 1.178312301635742188e-02 1.313209533691406250e-02 1.450300216674804688e-02 1.576304435729980469e-02 1.701188087463378906e-02 1.825404167175292969e-02 1.950311660766601562e-02 2.130889892578125000e-02 2.202391624450683594e-02 2.334690093994140625e-02 2.502202987670898438e-02 2.630281448364257812e-02 2.735090255737304688e-02 2.852797508239746094e-02 2.991700172424316406e-02 3.107309341430664062e-02
6.132125854492187500e-03 7.553815841674804688e-03 9.274959564208984375e-03 1.056504249572753906e-02 1.192402839660644531e-02 1.321101188659667969e-02 1.438808441162109375e-02 1.561784744262695312e-02 1.687622070312500000e-02 1.814913749694824219e-02 1.937603950500488281e-02 2.139401435852050781e-02 3.481888771057128906e-02 3.505396842956542969e-02 2.732205390930175781e-02 2.569985389709472656e-02 2.678012847900390625e-02 2.811408042907714844e-02 2.951192855834960938e-02 3.057003021240234375e-02
6.112098693847656250e-03 7.555961608886718750e-03 8.701086044311523438e-03 1.004791259765625000e-02 1.127004623413085938e-02 1.329398155212402344e-02 1.372289657592773438e-02 1.505517959594726562e-02 1.635909080505371094e-02 1.758694648742675781e-02 1.871299743652343750e-02 2.009606361389160156e-02 2.145791053771972656e-02 2.264499664306640625e-02 2.393507957458496094e-02 2.508401870727539062e-02 2.636790275573730469e-02 2.763509750366210938e-02 2.899599075317382812e-02 3.034782409667968750e-02
6.180047988891601562e-03 7.606983184814453125e-03 9.032011032104492188e-03 1.006102561950683594e-02 1.127004623413085938e-02 1.266217231750488281e-02 1.396799087524414062e-02 1.522684097290039062e-02 1.636099815368652344e-02 1.767992973327636719e-02 1.879310607910156250e-02 2.007079124450683594e-02 2.120018005371093750e-02 2.251505851745605469e-02 2.374601364135742188e-02 2.509307861328125000e-02 2.673196792602539062e-02 2.744412422180175781e-02 2.880787849426269531e-02 3.003501892089843750e-02
6.122112274169921875e-03 7.533073425292968750e-03 9.352922439575195312e-03 1.071715354919433594e-02 1.186919212341308594e-02 1.306509971618652344e-02 1.431298255920410156e-02 1.559901237487792969e-02 1.688289642333984375e-02 1.803493499755859375e-02 1.932716369628906250e-02 2.069115638732910156e-02 2.209997177124023438e-02 2.648901939392089844e-02 2.447915077209472656e-02 2.582812309265136719e-02 2.691984176635742188e-02 2.819180488586425781e-02 2.944397926330566406e-02 3.069901466369628906e-02
6.167888641357421875e-03 7.638931274414062500e-03 9.297847747802734375e-03 1.074910163879394531e-02 1.191997528076171875e-02 1.315593719482421875e-02 1.455998420715332031e-02 1.567983627319335938e-02 1.715207099914550781e-02 1.842212677001953125e-02 1.968789100646972656e-02 2.093100547790527344e-02 2.214884757995605469e-02 2.338385581970214844e-02 2.465796470642089844e-02 2.593088150024414062e-02 2.701997756958007812e-02 2.847695350646972656e-02 2.967309951782226562e-02 3.082990646362304688e-02
