5.222797393798828125e-02
1.607341766357421875e-01
9.778594970703125000e-02
1.051490306854248047e-01
1.096589565277099609e-01
1.619439125061035156e-01
1.265821456909179688e-01
2.084360122680664062e-01
2.168209552764892578e-01
1.253938674926757812e-01
1.335239410400390625e-01
1.541879177093505859e-01
1.913490295410156250e-01
1.838741302490234375e-01
2.675960063934326172e-01
2.216989994049072266e-01
3.197808265686035156e-01
3.504509925842285156e-01
2.107679843902587891e-01
2.383389472961425781e-01
5.060791969299316406e-02
1.241898536682128906e-01
1.154308319091796875e-01
2.006800174713134766e-01
1.378209590911865234e-01
2.596719264984130859e-01
3.626117706298828125e-01
2.178781032562255859e-01
2.758719921112060547e-01
3.642530441284179688e-01
4.801480770111083984e-01
6.929187774658203125e-01
9.386148452758789062e-01
1.295403957366943359e+00
1.303593158721923828e+00
4.471988677978515625e-01
7.700130939483642578e-01
8.507709503173828125e-01
8.080189228057861328e-01
8.071160316467285156e-01
5.057001113891601562e-02
1.404960155487060547e-01
1.282060146331787109e-01
1.726019382476806641e-01
1.168220043182373047e-01
1.260621547698974609e-01
1.411621570587158203e-01
1.634898185729980469e-01
1.979739665985107422e-01
4.104897975921630859e-01
4.074950218200683594e-01
3.600258827209472656e-01
1.615111827850341797e-01
2.228739261627197266e-01
1.963391304016113281e-01
3.886721134185791016e-01
2.658598423004150391e-01
4.815599918365478516e-01
4.296391010284423828e-01
6.156640052795410156e-01
4.954195022583007812e-02
1.430609226226806641e-01
1.389248371124267578e-01
1.537728309631347656e-01
2.184200286865234375e-01
2.436649799346923828e-01
1.819820404052734375e-01
2.129790782928466797e-01
2.372350692749023438e-01
2.999739646911621094e-01
3.732459545135498047e-01
6.886181831359863281e-01
7.874860763549804688e-01
2.384700775146484375e-01
2.723970413208007812e-01
3.186650276184082031e-01
2.463209629058837891e-01
3.152661323547363281e-01
3.707568645477294922e-01
3.980751037597656250e-01
5.439090728759765625e-02
1.273348331451416016e-01
1.058020591735839844e-01
1.100230216979980469e-01
1.639401912689208984e-01
1.604249477386474609e-01
2.017281055450439453e-01
2.047262191772460938e-01
2.601490020751953125e-01
3.046381473541259766e-01
3.428449630737304688e-01
2.538609504699707031e-01
2.892498970031738281e-01
4.768059253692626953e-01
4.646890163421630859e-01
4.027678966522216797e-01
5.706930160522460938e-01
4.224679470062255859e-01
5.887300968170166016e-01
7.472901344299316406e-01
5.096793174743652344e-02
1.359260082244873047e-01
1.065080165863037109e-01
1.171030998229980469e-01
1.521229743957519531e-01
1.758611202239990234e-01
1.333758831024169922e-01
2.053050994873046875e-01
2.385611534118652344e-01
3.986148834228515625e-01
4.121828079223632812e-01
4.102008342742919922e-01
1.939530372619628906e-01
1.964480876922607422e-01
2.301189899444580078e-01
2.684469223022460938e-01
2.766938209533691406e-01
4.448149204254150391e-01
4.936048984527587891e-01
4.448640346527099609e-01
4.973411560058593750e-02
1.165769100189208984e-01
1.032629013061523438e-01
1.326780319213867188e-01
2.057971954345703125e-01
2.669391632080078125e-01
3.575148582458496094e-01
1.404788494110107422e-01
1.794130802154541016e-01
2.771601676940917969e-01
5.828249454498291016e-01
6.344931125640869141e-01
3.243279457092285156e-01
3.386328220367431641e-01
5.056650638580322266e-01
5.993580818176269531e-01
5.792298316955566406e-01
8.039278984069824219e-01
3.008868694305419922e-01
4.068200588226318359e-01
4.962706565856933594e-02
1.721520423889160156e-01
2.010111808776855469e-01
1.022939682006835938e-01
1.255168914794921875e-01
2.085039615631103516e-01
2.173948287963867188e-01
1.270611286163330078e-01
1.856060028076171875e-01
1.943049430847167969e-01
2.472698688507080078e-01
2.838909626007080078e-01
2.527909278869628906e-01
2.500259876251220703e-01
3.546240329742431641e-01
7.490139007568359375e-01
5.606238842010498047e-01
2.667531967163085938e-01
3.286809921264648438e-01
3.547070026397705078e-01
5.049300193786621094e-02
1.331219673156738281e-01
1.207761764526367188e-01
1.303250789642333984e-01
1.626210212707519531e-01
1.989369392395019531e-01
2.899119853973388672e-01
2.500269412994384766e-01
1.340370178222656250e-01
1.680150032043457031e-01
1.457180976867675781e-01
1.623699665069580078e-01
1.589441299438476562e-01
1.702480316162109375e-01
2.033832073211669922e-01
2.294659614562988281e-01
2.231729030609130859e-01
1.831119060516357422e-01
2.060987949371337891e-01
2.420368194580078125e-01
5.089998245239257812e-02
1.268670558929443359e-01
1.204400062561035156e-01
1.824851036071777344e-01
3.418688774108886719e-01
3.372161388397216797e-01
1.089348793029785156e-01
1.506738662719726562e-01
1.420409679412841797e-01
1.536228656768798828e-01
2.001459598541259766e-01
2.235789299011230469e-01
2.832720279693603516e-01
4.296040534973144531e-01
4.434878826141357422e-01
2.366089820861816406e-01
2.362668514251708984e-01
3.207061290740966797e-01
2.516241073608398438e-01
3.497650623321533203e-01
5.009198188781738281e-02
1.360590457916259766e-01
1.631169319152832031e-01
2.071261405944824219e-01
3.192129135131835938e-01
3.010768890380859375e-01
2.287440299987792969e-01
3.397529125213623047e-01
3.313050270080566406e-01
5.496420860290527344e-01
1.433160305023193359e-01
1.922140121459960938e-01
1.872470378875732422e-01
2.372350692749023438e-01
2.519171237945556641e-01
2.782661914825439453e-01
3.313369750976562500e-01
3.557488918304443359e-01
4.234750270843505859e-01
4.057250022888183594e-01
5.121397972106933594e-02
1.097190380096435547e-01
1.443819999694824219e-01
1.819970607757568359e-01
2.576501369476318359e-01
3.242349624633789062e-01
2.458381652832031250e-01
4.248208999633789062e-01
3.682057857513427734e-01
2.082030773162841797e-01
2.193989753723144531e-01
2.431170940399169922e-01
3.189260959625244141e-01
3.207478523254394531e-01
3.954651355743408203e-01
3.635849952697753906e-01
2.842330932617187500e-01
2.519619464874267578e-01
3.065140247344970703e-01
3.824729919433593750e-01
5.021286010742187500e-02
1.632211208343505859e-01
1.616220474243164062e-01
1.368911266326904297e-01
2.446098327636718750e-01
1.705019474029541016e-01
1.052420139312744141e-01
1.432390213012695312e-01
1.835939884185791016e-01
1.393589973449707031e-01
1.711130142211914062e-01
1.679871082305908203e-01
1.951398849487304688e-01
2.149732112884521484e-01
2.287149429321289062e-01
2.296469211578369141e-01
3.260400295257568359e-01
2.761220932006835938e-01
3.198969364166259766e-01
2.975111007690429688e-01
5.004882812500000000e-02
1.963038444519042969e-01
1.784548759460449219e-01
2.318308353424072266e-01
3.354458808898925781e-01
3.698639869689941406e-01
1.331090927124023438e-01
2.152349948883056641e-01
1.573288440704345703e-01
2.216348648071289062e-01
3.182909488677978516e-01
3.760299682617187500e-01
3.290600776672363281e-01
7.034850120544433594e-01
3.660359382629394531e-01
2.553439140319824219e-01
3.366129398345947266e-01
3.290529251098632812e-01
4.183151721954345703e-01
4.289629459381103516e-01
5.014896392822265625e-02
1.471769809722900391e-01
1.953101158142089844e-01
2.300808429718017578e-01
1.356821060180664062e-01
1.472439765930175781e-01
1.713149547576904297e-01
1.894321441650390625e-01
2.266979217529296875e-01
2.716219425201416016e-01
3.193299770355224609e-01
3.681838512420654297e-01
1.983640193939208984e-01
2.062931060791015625e-01
2.241120338439941406e-01
2.670490741729736328e-01
2.624928951263427734e-01
2.959630489349365234e-01
4.108219146728515625e-01
4.644088745117187500e-01
5.043816566467285156e-02
1.439309120178222656e-01
1.270828247070312500e-01
1.302230358123779297e-01
1.511518955230712891e-01
2.101290225982666016e-01
3.514959812164306641e-01
5.905780792236328125e-01
1.690988540649414062e-01
2.368040084838867188e-01
3.582139015197753906e-01
5.872020721435546875e-01
1.899390220642089844e-01
2.042257785797119141e-01
2.755291461944580078e-01
2.775361537933349609e-01
3.640120029449462891e-01
4.624860286712646484e-01
7.496981620788574219e-01
7.251060009002685547e-01
5.059313774108886719e-02
1.961889266967773438e-01
2.523770332336425781e-01
1.384689807891845703e-01
1.766219139099121094e-01
2.014029026031494141e-01
2.592270374298095703e-01
2.358081340789794922e-01
2.816169261932373047e-01
4.826219081878662109e-01
2.460651397705078125e-01
1.832270622253417969e-01
2.246658802032470703e-01
2.644820213317871094e-01
2.725310325622558594e-01
3.378009796142578125e-01
4.221100807189941406e-01
2.687129974365234375e-01
3.484990596771240234e-01
4.570848941802978516e-01
5.132699012756347656e-02
1.403448581695556641e-01
9.429311752319335938e-02
1.153259277343750000e-01
1.395339965820312500e-01
1.569139957427978516e-01
1.863770484924316406e-01
2.099590301513671875e-01
1.988699436187744141e-01
2.390749454498291016e-01
3.096668720245361328e-01
3.686809539794921875e-01
4.171020984649658203e-01
2.878980636596679688e-01
3.405780792236328125e-01
4.407048225402832031e-01
4.828970432281494141e-01
3.443129062652587891e-01
4.012801647186279297e-01
3.776309490203857422e-01
5.185198783874511719e-02
1.221511363983154297e-01
1.010949611663818359e-01
1.444208621978759766e-01
2.172231674194335938e-01
2.694489955902099609e-01
3.990499973297119141e-01
2.474830150604248047e-01
3.634560108184814453e-01
5.108330249786376953e-01
5.222351551055908203e-01
3.737509250640869141e-01
6.797471046447753906e-01
1.147027015686035156e+00
8.256149291992187500e-01
3.621671199798583984e-01
4.877870082855224609e-01
6.014480590820312500e-01
7.763559818267822266e-01
3.991949558258056641e-01
5.062484741210937500e-02
1.947441101074218750e-01
1.308879852294921875e-01
1.801030635833740234e-01
1.021208763122558594e-01
1.053140163421630859e-01
1.407139301300048828e-01
1.458058357238769531e-01
1.836919784545898438e-01
1.830470561981201172e-01
2.224678993225097656e-01
1.629209518432617188e-01
1.849110126495361328e-01
2.009708881378173828e-01
2.753939628601074219e-01
4.123818874359130859e-01
3.915879726409912109e-01
3.540070056915283203e-01
3.676550388336181641e-01
4.148380756378173828e-01
