2.347898483276367188e-02 2.544403076171875000e-02 4.248404502868652344e-02 2.910494804382324219e-02 4.034614562988281250e-02 4.295992851257324219e-02 4.474115371704101562e-02 4.663491249084472656e-02 5.821013450622558594e-02 5.432987213134765625e-02 5.500006675720214844e-02 5.978488922119140625e-02 5.801200866699218750e-02 6.038188934326171875e-02 6.311011314392089844e-02 7.021808624267578125e-02 7.065892219543457031e-02 7.612299919128417969e-02 7.434678077697753906e-02 8.001995086669921875e-02
1.235580444335937500e-02 1.435995101928710938e-02 1.933121681213378906e-02 3.203988075256347656e-02 4.153299331665039062e-02 3.540802001953125000e-02 4.098796844482421875e-02 4.625201225280761719e-02 4.840612411499023438e-02 4.796504974365234375e-02 5.463719367980957031e-02 5.908703804016113281e-02 5.938601493835449219e-02 6.522488594055175781e-02 6.947183609008789062e-02 7.289695739746093750e-02 7.135105133056640625e-02 8.314394950866699219e-02 8.430194854736328125e-02 8.811593055725097656e-02
1.242995262145996094e-02 1.423501968383789062e-02 1.923108100891113281e-02 3.209400177001953125e-02 4.141712188720703125e-02 3.525805473327636719e-02 3.357410430908203125e-02 4.672002792358398438e-02 4.879188537597656250e-02 5.808591842651367188e-02 6.935095787048339844e-02 6.287312507629394531e-02 6.865596771240234375e-02 6.860089302062988281e-02 7.222390174865722656e-02 7.745718955993652344e-02 8.396196365356445312e-02 8.606290817260742188e-02 7.849407196044921875e-02 8.663702011108398438e-02
1.229786872863769531e-02 1.466298103332519531e-02 3.182101249694824219e-02 2.687478065490722656e-02 4.029393196105957031e-02 4.195499420166015625e-02 4.408001899719238281e-02 4.845905303955078125e-02 5.301904678344726562e-02 5.056905746459960938e-02 5.731391906738281250e-02 5.764603614807128906e-02 8.259201049804687500e-02 7.697415351867675781e-02 6.843495368957519531e-02 7.015490531921386719e-02 7.176804542541503906e-02 8.415007591247558594e-02 7.710099220275878906e-02 8.383488655090332031e-02
1.233792304992675781e-02 1.438593864440917969e-02 1.941680908203125000e-02 3.207111358642578125e-02 4.165410995483398438e-02 4.360699653625488281e-02 4.040813446044921875e-02 4.745602607727050781e-02 4.954385757446289062e-02 5.679607391357421875e-02 5.636000633239746094e-02 5.872082710266113281e-02 6.221294403076171875e-02 6.538200378417968750e-02 6.401109695434570312e-02 7.148313522338867188e-02 7.830095291137695312e-02 7.496285438537597656e-02 8.063101768493652344e-02 8.464503288269042969e-02
1.240801811218261719e-02 1.468300819396972656e-02 3.099083900451660156e-02 3.615713119506835938e-02 3.732609748840332031e-02 4.239606857299804688e-02 4.405307769775390625e-02 5.165100097656250000e-02 5.390596389770507812e-02 5.977797508239746094e-02 5.910611152648925781e-02 5.779314041137695312e-02 7.266306877136230469e-02 7.864689826965332031e-02 7.978487014770507812e-02 8.497285842895507812e-02 8.302021026611328125e-02 8.634185791015625000e-02 8.855104446411132812e-02 8.696699142456054688e-02
1.239109039306640625e-02 1.422691345214843750e-02 2.015209197998046875e-02 3.736495971679687500e-02 4.587984085083007812e-02 3.923988342285156250e-02 4.404377937316894531e-02 4.652094841003417969e-02 5.252790451049804688e-02 5.170202255249023438e-02 6.122803688049316406e-02 6.645488739013671875e-02 6.798195838928222656e-02 7.352995872497558594e-02 7.125496864318847656e-02 7.936096191406250000e-02 8.356213569641113281e-02 8.757400512695312500e-02 8.389997482299804688e-02 9.074807167053222656e-02
1.229405403137207031e-02 1.429295539855957031e-02 2.019906044006347656e-02 3.734207153320312500e-02 3.685307502746582031e-02 3.891801834106445312e-02 5.218815803527832031e-02 5.421209335327148438e-02 5.135703086853027344e-02 5.530405044555664062e-02 5.573987960815429688e-02 6.407189369201660156e-02 7.324481010437011719e-02 7.696986198425292969e-02 7.369589805603027344e-02 7.348299026489257812e-02 7.510089874267578125e-02 8.312892913818359375e-02 8.290290832519531250e-02 9.431815147399902344e-02
1.232290267944335938e-02 1.460385322570800781e-02 3.186702728271484375e-02 2.678894996643066406e-02 3.684902191162109375e-02 4.119706153869628906e-02 3.780794143676757812e-02 5.185389518737792969e-02 4.730606079101562500e-02 5.394005775451660156e-02 5.863094329833984375e-02 6.702613830566406250e-02 6.539201736450195312e-02 6.987595558166503906e-02 6.913208961486816406e-02 7.828187942504882812e-02 8.393287658691406250e-02 8.815622329711914062e-02 1.017010211944580078e-01 8.906912803649902344e-02
1.240301132202148438e-02 1.464104652404785156e-02 3.091597557067871094e-02 3.606486320495605469e-02 4.102110862731933594e-02 4.074096679687500000e-02 4.501891136169433594e-02 5.214095115661621094e-02 4.732704162597656250e-02 5.581903457641601562e-02 5.519509315490722656e-02 6.397700309753417969e-02 6.411910057067871094e-02 6.599783897399902344e-02 8.646893501281738281e-02 7.067489624023437500e-02 7.648897171020507812e-02 8.004713058471679688e-02 8.620810508728027344e-02 9.767389297485351562e-02
