7.925033569335937500e-03 7.389068603515625000e-03 9.099006652832031250e-03 1.048398017883300781e-02 1.171898841857910156e-02 1.300811767578125000e-02 1.438379287719726562e-02 1.562094688415527344e-02 1.690196990966796875e-02 1.878786087036132812e-02 1.960587501525878906e-02 2.095484733581542969e-02 2.162313461303710938e-02 2.283692359924316406e-02 2.417182922363281250e-02 2.556300163269042969e-02 2.676296234130859375e-02 2.801418304443359375e-02 2.937102317810058594e-02 3.063201904296875000e-02
5.948066711425781250e-03 7.349967956542968750e-03 9.683847427368164062e-03 1.170611381530761719e-02 1.287579536437988281e-02 1.360607147216796875e-02 2.876400947570800781e-02 2.451300621032714844e-02 2.106094360351562500e-02 1.920914649963378906e-02 2.148509025573730469e-02 2.086901664733886719e-02 2.189302444458007812e-02 2.313685417175292969e-02 2.445697784423828125e-02 2.568507194519042969e-02 2.687096595764160156e-02 2.814507484436035156e-02 2.943801879882812500e-02 3.118801116943359375e-02
5.966901779174804688e-03 7.315158843994140625e-03 9.315967559814453125e-03 1.050591468811035156e-02 1.175117492675781250e-02 1.416993141174316406e-02 1.445102691650390625e-02 1.570510864257812500e-02 1.700305938720703125e-02 1.830196380615234375e-02 1.958799362182617188e-02 2.104496955871582031e-02 2.211594581604003906e-02 2.347183227539062500e-02 2.474689483642578125e-02 2.602910995483398438e-02 2.728199958801269531e-02 2.858495712280273438e-02 3.008294105529785156e-02 3.125500679016113281e-02
5.922079086303710938e-03 7.461071014404296875e-03 9.144067764282226562e-03 1.060986518859863281e-02 1.178503036499023438e-02 1.299095153808593750e-02 1.446700096130371094e-02 1.570701599121093750e-02 1.701998710632324219e-02 1.815795898437500000e-02 1.953291893005371094e-02 2.046298980712890625e-02 2.168679237365722656e-02 2.307200431823730469e-02 2.421116828918457031e-02 2.573800086975097656e-02 2.703905105590820312e-02 2.809190750122070312e-02 2.961897850036621094e-02 3.062009811401367188e-02
5.943059921264648438e-03 7.360935211181640625e-03 9.849071502685546875e-03 1.127910614013671875e-02 1.250195503234863281e-02 1.373195648193359375e-02 1.505088806152343750e-02 1.636886596679687500e-02 1.765203475952148438e-02 1.894998550415039062e-02 2.023911476135253906e-02 2.203512191772460938e-02 2.278995513916015625e-02 2.415299415588378906e-02 2.547621726989746094e-02 2.685189247131347656e-02 2.790498733520507812e-02 2.928280830383300781e-02 3.044605255126953125e-02 3.113508224487304688e-02
6.010055541992187500e-03 7.347106933593750000e-03 9.202003479003906250e-03 1.049280166625976562e-02 1.176118850708007812e-02 1.300382614135742188e-02 1.434898376464843750e-02 1.564908027648925781e-02 1.712489128112792969e-02 1.820802688598632812e-02 1.950097084045410156e-02 2.078390121459960938e-02 2.208590507507324219e-02 2.331304550170898438e-02 2.464604377746582031e-02 2.589607238769531250e-02 2.713489532470703125e-02 2.852606773376464844e-02 2.982783317565917969e-02 3.122210502624511719e-02
5.948066711425781250e-03 7.375955581665039062e-03 8.677959442138671875e-03 1.006889343261718750e-02 1.129102706909179688e-02 1.262211799621582031e-02 1.399183273315429688e-02 1.522612571716308594e-02 1.649498939514160156e-02 1.788806915283203125e-02 1.906991004943847656e-02 2.053594589233398438e-02 2.189397811889648438e-02 2.297997474670410156e-02 2.424883842468261719e-02 2.550292015075683594e-02 2.705287933349609375e-02 2.808094024658203125e-02 2.936697006225585938e-02 3.059005737304687500e-02
6.174087524414062500e-03 7.362127304077148438e-03 9.563922882080078125e-03 1.049804687500000000e-02 1.207900047302246094e-02 1.307010650634765625e-02 1.436185836791992188e-02 1.561903953552246094e-02 1.692414283752441406e-02 1.823782920837402344e-02 1.949715614318847656e-02 2.081990242004394531e-02 2.210497856140136719e-02 2.329611778259277344e-02 2.460789680480957031e-02 2.589392662048339844e-02 2.706599235534667969e-02 2.928996086120605469e-02 2.973508834838867188e-02 3.098988533020019531e-02
6.518125534057617188e-03 7.450819015502929688e-03 9.131908416748046875e-03 1.065015792846679688e-02 1.168084144592285156e-02 1.295590400695800781e-02 1.434183120727539062e-02 1.560115814208984375e-02 1.687097549438476562e-02 1.813697814941406250e-02 1.933288574218750000e-02 2.038192749023437500e-02 2.162504196166992188e-02 2.288293838500976562e-02 2.427601814270019531e-02 2.551198005676269531e-02 2.668809890747070312e-02 2.816700935363769531e-02 2.952504158020019531e-02 3.069090843200683594e-02
5.975961685180664062e-03 7.361888885498046875e-03 9.280920028686523438e-03 1.050686836242675781e-02 1.175212860107421875e-02 1.303505897521972656e-02 1.441693305969238281e-02 1.567196846008300781e-02 1.699686050415039062e-02 1.830005645751953125e-02 1.952600479125976562e-02 2.078700065612792969e-02 2.213478088378906250e-02 2.341103553771972656e-02 2.500987052917480469e-02 2.594304084777832031e-02 2.723503112792968750e-02 2.854490280151367188e-02 2.982616424560546875e-02 3.100609779357910156e-02
