9.099960327148437500e-03
1.438617706298828125e-02
2.638196945190429688e-02
2.685594558715820312e-02
2.347302436828613281e-02
3.350782394409179688e-02
2.766799926757812500e-02
2.972221374511718750e-02
3.268289566040039062e-02
3.330802917480468750e-02
2.236485481262207031e-02
3.500795364379882812e-02
2.628397941589355469e-02
2.579689025878906250e-02
3.562116622924804688e-02
5.349016189575195312e-02
3.583097457885742188e-02
3.516101837158203125e-02
3.469014167785644531e-02
3.486108779907226562e-02
8.952140808105468750e-03
1.406407356262207031e-02
2.449393272399902344e-02
2.956509590148925781e-02
3.076910972595214844e-02
3.625893592834472656e-02
2.970290184020996094e-02
2.621102333068847656e-02
2.784204483032226562e-02
2.950596809387207031e-02
2.680397033691406250e-02
2.838110923767089844e-02
3.206992149353027344e-02
4.467797279357910156e-02
3.195500373840332031e-02
5.255293846130371094e-02
3.374195098876953125e-02
3.095507621765136719e-02
3.071403503417968750e-02
3.357100486755371094e-02
8.229017257690429688e-03
1.475310325622558594e-02
2.581405639648437500e-02
2.845382690429687500e-02
3.291893005371093750e-02
3.283309936523437500e-02
3.802990913391113281e-02
2.538704872131347656e-02
2.733516693115234375e-02
2.248501777648925781e-02
2.621984481811523438e-02
2.551507949829101562e-02
2.561712265014648438e-02
2.742695808410644531e-02
2.843499183654785156e-02
2.907299995422363281e-02
2.964591979980468750e-02
2.957797050476074219e-02
2.918505668640136719e-02
3.074598312377929688e-02
8.060932159423828125e-03
1.307296752929687500e-02
2.447891235351562500e-02
2.940297126770019531e-02
3.068113327026367188e-02
3.544712066650390625e-02
3.159499168395996094e-02
2.675914764404296875e-02
2.992105484008789062e-02
2.886414527893066406e-02
2.676606178283691406e-02
2.779316902160644531e-02
3.024101257324218750e-02
3.071904182434082031e-02
3.030419349670410156e-02
3.106617927551269531e-02
3.253602981567382812e-02
3.517985343933105469e-02
3.422594070434570312e-02
3.593301773071289062e-02
8.639097213745117188e-03
1.437020301818847656e-02
2.671313285827636719e-02
2.526712417602539062e-02
3.285312652587890625e-02
4.797196388244628906e-02
3.094100952148437500e-02
2.311515808105468750e-02
2.706718444824218750e-02
2.685689926147460938e-02
2.629709243774414062e-02
3.303408622741699219e-02
2.789616584777832031e-02
3.014492988586425781e-02
3.268408775329589844e-02
3.461003303527832031e-02
3.629684448242187500e-02
3.448987007141113281e-02
3.357100486755371094e-02
3.382015228271484375e-02
8.423089981079101562e-03
1.401805877685546875e-02
2.493286132812500000e-02
2.910304069519042969e-02
2.354216575622558594e-02
3.175711631774902344e-02
2.818298339843750000e-02
3.228592872619628906e-02
2.941083908081054688e-02
3.356885910034179688e-02
3.552293777465820312e-02
3.171396255493164062e-02
3.098392486572265625e-02
3.198504447937011719e-02
3.499794006347656250e-02
3.827714920043945312e-02
3.620100021362304688e-02
3.587603569030761719e-02
3.834915161132812500e-02
3.997516632080078125e-02
9.576082229614257812e-03
1.223421096801757812e-02
2.533006668090820312e-02
3.004312515258789062e-02
3.189301490783691406e-02
3.468012809753417969e-02
2.295088768005371094e-02
2.412104606628417969e-02
2.545905113220214844e-02
2.504682540893554688e-02
2.765083312988281250e-02
2.608013153076171875e-02
2.750301361083984375e-02
2.394819259643554688e-02
2.529096603393554688e-02
2.846789360046386719e-02
3.244304656982421875e-02
3.407597541809082031e-02
3.065705299377441406e-02
3.270387649536132812e-02
8.407115936279296875e-03
1.370596885681152344e-02
2.593708038330078125e-02
2.899098396301269531e-02
3.526091575622558594e-02
3.478193283081054688e-02
2.576994895935058594e-02
3.353881835937500000e-02
2.645087242126464844e-02
3.143715858459472656e-02
2.557301521301269531e-02
2.776002883911132812e-02
2.754402160644531250e-02
2.932190895080566406e-02
2.792406082153320312e-02
3.229403495788574219e-02
3.131413459777832031e-02
3.549289703369140625e-02
3.390407562255859375e-02
3.824496269226074219e-02
9.397983551025390625e-03
1.397013664245605469e-02
2.662706375122070312e-02
2.723002433776855469e-02
3.393292427062988281e-02
3.046703338623046875e-02
3.192400932312011719e-02
2.951383590698242188e-02
2.782416343688964844e-02
3.453111648559570312e-02
3.422188758850097656e-02
3.449010848999023438e-02
2.815699577331542969e-02
3.105282783508300781e-02
2.958893775939941406e-02
3.788495063781738281e-02
3.484916687011718750e-02
3.693199157714843750e-02
3.625798225402832031e-02
3.262805938720703125e-02
8.977890014648437500e-03
1.424884796142578125e-02
2.536606788635253906e-02
3.321599960327148438e-02
3.015398979187011719e-02
3.413200378417968750e-02
3.243088722229003906e-02
2.814102172851562500e-02
2.125287055969238281e-02
2.562499046325683594e-02
2.996683120727539062e-02
2.636504173278808594e-02
2.789998054504394531e-02
2.735114097595214844e-02
2.884888648986816406e-02
2.767992019653320312e-02
3.175902366638183594e-02
3.962087631225585938e-02
3.122091293334960938e-02
3.226113319396972656e-02
8.763790130615234375e-03
1.206398010253906250e-02
2.545595169067382812e-02
2.843999862670898438e-02
2.271199226379394531e-02
3.234481811523437500e-02
2.282500267028808594e-02
2.664518356323242188e-02
2.460408210754394531e-02
2.520799636840820312e-02
2.735400199890136719e-02
2.746796607971191406e-02
3.540706634521484375e-02
2.786302566528320312e-02
3.053212165832519531e-02
3.293919563293457031e-02
3.029394149780273438e-02
3.809380531311035156e-02
3.241491317749023438e-02
3.463602066040039062e-02
9.874105453491210938e-03
1.505398750305175781e-02
2.793002128601074219e-02
3.386306762695312500e-02
2.441811561584472656e-02
3.283309936523437500e-02
3.115797042846679688e-02
3.537297248840332031e-02
4.249191284179687500e-02
3.010082244873046875e-02
3.783202171325683594e-02
3.245282173156738281e-02
3.279709815979003906e-02
3.322005271911621094e-02
3.274512290954589844e-02
3.420591354370117188e-02
5.657196044921875000e-02
4.167604446411132812e-02
3.850293159484863281e-02
4.058599472045898438e-02
8.751153945922851562e-03
1.265907287597656250e-02
2.625894546508789062e-02
3.172492980957031250e-02
2.218103408813476562e-02
3.303313255310058594e-02
2.378606796264648438e-02
2.489805221557617188e-02
2.337980270385742188e-02
2.603507041931152344e-02
2.561902999877929688e-02
2.571105957031250000e-02
3.082799911499023438e-02
2.711105346679687500e-02
3.018212318420410156e-02
3.231287002563476562e-02
2.991104125976562500e-02
3.034210205078125000e-02
3.225302696228027344e-02
3.430104255676269531e-02
8.927106857299804688e-03
1.321387290954589844e-02
2.505517005920410156e-02
2.817201614379882812e-02
3.305387496948242188e-02
3.321599960327148438e-02
2.457308769226074219e-02
3.729414939880371094e-02
2.701401710510253906e-02
2.796816825866699219e-02
2.863001823425292969e-02
3.020811080932617188e-02
3.115200996398925781e-02
2.928519248962402344e-02
2.950310707092285156e-02
2.932000160217285156e-02
3.059601783752441406e-02
2.921795845031738281e-02
3.100705146789550781e-02
3.176021575927734375e-02
8.169889450073242188e-03
1.232218742370605469e-02
2.403783798217773438e-02
2.769994735717773438e-02
3.046202659606933594e-02
3.447103500366210938e-02
3.448700904846191406e-02
2.727103233337402344e-02
3.020596504211425781e-02
2.302980422973632812e-02
3.122711181640625000e-02
2.986407279968261719e-02
2.832794189453125000e-02
3.107023239135742188e-02
3.508806228637695312e-02
3.298711776733398438e-02
3.375911712646484375e-02
2.982616424560546875e-02
3.193879127502441406e-02
3.651189804077148438e-02
8.488893508911132812e-03
1.308584213256835938e-02
2.604699134826660156e-02
2.952003479003906250e-02
3.379201889038085938e-02
2.898502349853515625e-02
3.710508346557617188e-02
2.616119384765625000e-02
2.325391769409179688e-02
2.533698081970214844e-02
3.086805343627929688e-02
2.871584892272949219e-02
3.126287460327148438e-02
3.041100502014160156e-02
3.262782096862792969e-02
3.440690040588378906e-02
4.042196273803710938e-02
3.309106826782226562e-02
3.348398208618164062e-02
3.508901596069335938e-02
8.172988891601562500e-03
1.206707954406738281e-02
2.362799644470214844e-02
2.867484092712402344e-02
3.667902946472167969e-02
3.211903572082519531e-02
3.181791305541992188e-02
3.322887420654296875e-02
3.677511215209960938e-02
2.783918380737304688e-02
2.960300445556640625e-02
2.726721763610839844e-02
3.169083595275878906e-02
3.378891944885253906e-02
3.398919105529785156e-02
3.349304199218750000e-02
3.432393074035644531e-02
3.282904624938964844e-02
3.599286079406738281e-02
3.683400154113769531e-02
8.155107498168945312e-03
1.458597183227539062e-02
2.527499198913574219e-02
2.926492691040039062e-02
2.419209480285644531e-02
3.170394897460937500e-02
2.513504028320312500e-02
2.533102035522460938e-02
2.310013771057128906e-02
2.508497238159179688e-02
2.802300453186035156e-02
3.552985191345214844e-02
3.916907310485839844e-02
3.368496894836425781e-02
4.050397872924804688e-02
3.843903541564941406e-02
3.373885154724121094e-02
3.542613983154296875e-02
3.714013099670410156e-02
3.639197349548339844e-02
1.672601699829101562e-02
1.999998092651367188e-02
2.955603599548339844e-02
3.027796745300292969e-02
3.120398521423339844e-02
3.390789031982421875e-02
3.721213340759277344e-02
2.790808677673339844e-02
3.611493110656738281e-02
2.942490577697753906e-02
2.681899070739746094e-02
3.111004829406738281e-02
3.008913993835449219e-02
3.363299369812011719e-02
3.143215179443359375e-02
3.445100784301757812e-02
3.811097145080566406e-02
3.357100486755371094e-02
3.846693038940429688e-02
3.258800506591796875e-02
8.299112319946289062e-03
1.302289962768554688e-02
2.441096305847167969e-02
2.863192558288574219e-02
3.047800064086914062e-02
3.077006340026855469e-02
4.496002197265625000e-02
3.593993186950683594e-02
2.891206741333007812e-02
3.074383735656738281e-02
2.705287933349609375e-02
4.046201705932617188e-02
2.957701683044433594e-02
2.929806709289550781e-02
2.953410148620605469e-02
3.010892868041992188e-02
3.071999549865722656e-02
3.259301185607910156e-02
3.366708755493164062e-02
3.428101539611816406e-02
