1.377808837399965847e-01
8.436409484299620121e-02
5.107191370965428329e-02
1.607445995281568327e-02
1.190722350086778104e-02
1.190722350086778104e-02
1.190722350086778104e-02
1.190722350086778104e-02
1.190722350086778104e-02
0.000000000000000000e+00
0.000000000000000000e+00
0.000000000000000000e+00
0.000000000000000000e+00
0.000000000000000000e+00
0.000000000000000000e+00
0.000000000000000000e+00
0.000000000000000000e+00
0.000000000000000000e+00
0.000000000000000000e+00
0.000000000000000000e+00
