1.098261195275173491e-01
1.187719766054100116e-02
1.187719766054100116e-02
6.968397603291529019e-03
6.968397603291529019e-03
5.110500200879589464e-03
3.926329415096302920e-03
3.184123051312917098e-03
3.184123051312917098e-03
2.875803269363769521e-05
2.875803269363769521e-05
7.755384179579971268e-03
7.755384179579971268e-03
7.755384179579971268e-03
3.794471271343300041e-03
3.794471271343300041e-03
5.133612801853751004e-03
3.052264907559913351e-03
2.875803269363769521e-05
2.875803269363769521e-05
