1.433897018432617188e-02 1.778388023376464844e-02 3.086495399475097656e-02 3.405404090881347656e-02 3.060722351074218750e-02 4.026198387145996094e-02 3.687405586242675781e-02 3.983688354492187500e-02 4.351592063903808594e-02 4.587006568908691406e-02 3.520989418029785156e-02 3.448009490966796875e-02 3.399991989135742188e-02 3.526997566223144531e-02 3.681612014770507812e-02 3.834295272827148438e-02 3.986406326293945312e-02 5.741596221923828125e-02 4.332780838012695312e-02 4.739284515380859375e-02
1.212787628173828125e-02 1.769113540649414062e-02 3.040719032287597656e-02 3.207921981811523438e-02 3.628206253051757812e-02 3.852510452270507812e-02 4.757189750671386719e-02 3.594398498535156250e-02 3.713488578796386719e-02 4.238104820251464844e-02 3.969311714172363281e-02 4.205703735351562500e-02 4.505586624145507812e-02 3.585481643676757812e-02 3.760504722595214844e-02 3.661489486694335938e-02 3.824186325073242188e-02 3.976416587829589844e-02 4.130005836486816406e-02 4.275584220886230469e-02
1.214814186096191406e-02 1.766991615295410156e-02 2.944397926330566406e-02 3.382897377014160156e-02 3.574085235595703125e-02 4.087591171264648438e-02 4.069805145263671875e-02 3.824186325073242188e-02 3.369808197021484375e-02 7.105803489685058594e-02 5.518317222595214844e-02 4.133391380310058594e-02 4.318380355834960938e-02 4.367208480834960938e-02 4.586911201477050781e-02 4.603505134582519531e-02 4.723691940307617188e-02 4.960703849792480469e-02 4.583382606506347656e-02 4.690480232238769531e-02
1.296520233154296875e-02 1.788711547851562500e-02 3.044509887695312500e-02 3.421998023986816406e-02 3.904604911804199219e-02 4.185700416564941406e-02 6.201100349426269531e-02 4.356384277343750000e-02 4.648399353027343750e-02 4.780888557434082031e-02 2.829813957214355469e-02 3.024911880493164062e-02 3.130602836608886719e-02 3.292393684387207031e-02 3.474497795104980469e-02 3.589200973510742188e-02 3.749299049377441406e-02 3.889203071594238281e-02 4.054403305053710938e-02 4.195284843444824219e-02
1.218390464782714844e-02 1.769089698791503906e-02 4.055094718933105469e-02 3.860902786254882812e-02 3.731513023376464844e-02 7.091212272644042969e-02 5.669212341308593750e-02 4.271697998046875000e-02 3.858780860900878906e-02 3.866887092590332031e-02 4.057884216308593750e-02 3.157806396484375000e-02 3.297209739685058594e-02 3.426194190979003906e-02 3.570890426635742188e-02 3.720402717590332031e-02 3.881001472473144531e-02 4.027295112609863281e-02 4.185295104980468750e-02 4.324698448181152344e-02
1.212382316589355469e-02 1.768994331359863281e-02 3.072690963745117188e-02 3.512883186340332031e-02 3.753209114074707031e-02 4.214811325073242188e-02 3.614401817321777344e-02 3.706407546997070312e-02 3.947091102600097656e-02 4.183888435363769531e-02 4.099297523498535156e-02 3.144693374633789062e-02 3.194785118103027344e-02 3.508591651916503906e-02 3.516602516174316406e-02 3.653907775878906250e-02 3.804898262023925781e-02 3.957295417785644531e-02 4.102802276611328125e-02 4.273891448974609375e-02
1.213598251342773438e-02 1.764678955078125000e-02 2.920317649841308594e-02 3.503108024597167969e-02 3.030514717102050781e-02 3.864502906799316406e-02 3.317189216613769531e-02 3.506588935852050781e-02 3.848409652709960938e-02 3.968095779418945312e-02 6.405210494995117188e-02 3.422284126281738281e-02 3.177189826965332031e-02 3.338098526000976562e-02 3.644919395446777344e-02 3.898000717163085938e-02 4.039096832275390625e-02 4.069495201110839844e-02 4.100799560546875000e-02 4.265999794006347656e-02
1.209998130798339844e-02 1.737403869628906250e-02 2.956199645996093750e-02 3.397989273071289062e-02 3.694486618041992188e-02 3.828191757202148438e-02 4.153919219970703125e-02 4.462194442749023438e-02 4.618120193481445312e-02 5.257701873779296875e-02 5.361509323120117188e-02 4.228806495666503906e-02 4.273700714111328125e-02 4.435396194458007812e-02 4.720902442932128906e-02 5.151891708374023438e-02 5.109119415283203125e-02 5.234313011169433594e-02 5.371689796447753906e-02 5.533719062805175781e-02
1.214504241943359375e-02 1.780915260314941406e-02 2.931213378906250000e-02 3.407406806945800781e-02 3.628182411193847656e-02 4.096078872680664062e-02 4.072999954223632812e-02 3.835701942443847656e-02 4.329895973205566406e-02 4.442596435546875000e-02 4.075503349304199219e-02 3.173589706420898438e-02 3.249597549438476562e-02 3.391981124877929688e-02 3.878593444824218750e-02 3.709983825683593750e-02 3.837203979492187500e-02 3.982496261596679688e-02 4.140996932983398438e-02 4.286408424377441406e-02
1.210117340087890625e-02 1.773190498352050781e-02 3.044390678405761719e-02 3.438401222229003906e-02 3.892493247985839844e-02 4.185485839843750000e-02 4.159498214721679688e-02 3.430294990539550781e-02 4.059600830078125000e-02 4.018092155456542969e-02 4.010295867919921875e-02 4.179811477661132812e-02 3.435897827148437500e-02 3.422713279724121094e-02 3.575205802917480469e-02 3.727006912231445312e-02 3.937506675720214844e-02 4.049491882324218750e-02 4.194712638854980469e-02 4.360222816467285156e-02
