1.422882080078125000e-02 1.790380477905273438e-02 2.933979034423828125e-02 3.487992286682128906e-02 3.742408752441406250e-02 4.220700263977050781e-02 3.604197502136230469e-02 3.548002243041992188e-02 3.643107414245605469e-02 3.829097747802734375e-02 2.809906005859375000e-02 2.955985069274902344e-02 3.111410140991210938e-02 3.255200386047363281e-02 3.422594070434570312e-02 3.576993942260742188e-02 3.721094131469726562e-02 3.883004188537597656e-02 4.019689559936523438e-02 4.162406921386718750e-02
1.218295097351074219e-02 1.732993125915527344e-02 2.950906753540039062e-02 3.373098373413085938e-02 2.923512458801269531e-02 3.769493103027343750e-02 3.936910629272460938e-02 3.920316696166992188e-02 4.307889938354492188e-02 4.046201705932617188e-02 4.276299476623535156e-02 4.392814636230468750e-02 4.542088508605957031e-02 4.896712303161621094e-02 5.112385749816894531e-02 4.505395889282226562e-02 4.650211334228515625e-02 4.818296432495117188e-02 4.965400695800781250e-02 5.108308792114257812e-02
1.208591461181640625e-02 1.723599433898925781e-02 3.408503532409667969e-02 3.352785110473632812e-02 3.046703338623046875e-02 3.924298286437988281e-02 3.460693359375000000e-02 4.720306396484375000e-02 3.901386260986328125e-02 4.154300689697265625e-02 3.919792175292968750e-02 3.142786026000976562e-02 3.394985198974609375e-02 3.313589096069335938e-02 3.487110137939453125e-02 3.734707832336425781e-02 3.787994384765625000e-02 4.007101058959960938e-02 4.269409179687500000e-02 4.570198059082031250e-02
1.231098175048828125e-02 1.918601989746093750e-02 3.283500671386718750e-02 3.530597686767578125e-02 3.893399238586425781e-02 4.063510894775390625e-02 4.756498336791992188e-02 4.142713546752929688e-02 3.736710548400878906e-02 4.052782058715820312e-02 5.437493324279785156e-02 6.458783149719238281e-02 5.254006385803222656e-02 5.538201332092285156e-02 5.209016799926757812e-02 3.971910476684570312e-02 4.093313217163085938e-02 4.030108451843261719e-02 4.170393943786621094e-02 4.332613945007324219e-02
1.202583312988281250e-02 1.708507537841796875e-02 2.949190139770507812e-02 3.359913825988769531e-02 2.970600128173828125e-02 3.942894935607910156e-02 3.722906112670898438e-02 4.168295860290527344e-02 3.788208961486816406e-02 4.927086830139160156e-02 4.498791694641113281e-02 3.269791603088378906e-02 3.146982192993164062e-02 4.133391380310058594e-02 3.790903091430664062e-02 3.934597969055175781e-02 4.031300544738769531e-02 4.800581932067871094e-02 4.041814804077148438e-02 4.212999343872070312e-02
1.337003707885742188e-02 1.792407035827636719e-02 2.970695495605468750e-02 3.609919548034667969e-02 3.858685493469238281e-02 5.486989021301269531e-02 3.687119483947753906e-02 4.185986518859863281e-02 4.253911972045898438e-02 4.643583297729492188e-02 5.109810829162597656e-02 4.515314102172851562e-02 3.951001167297363281e-02 4.186511039733886719e-02 3.739213943481445312e-02 4.641485214233398438e-02 4.029297828674316406e-02 4.036402702331542969e-02 4.170513153076171875e-02 4.558992385864257812e-02
1.298499107360839844e-02 1.943707466125488281e-02 3.640294075012207031e-02 3.652501106262207031e-02 3.440904617309570312e-02 4.238700866699218750e-02 3.261590003967285156e-02 3.794407844543457031e-02 3.480291366577148438e-02 3.816413879394531250e-02 3.950905799865722656e-02 3.125286102294921875e-02 3.356790542602539062e-02 3.537416458129882812e-02 3.456401824951171875e-02 3.608489036560058594e-02 3.762793540954589844e-02 3.914713859558105469e-02 4.045295715332031250e-02 4.199910163879394531e-02
1.201415061950683594e-02 2.081012725830078125e-02 2.789998054504394531e-02 3.842186927795410156e-02 4.088091850280761719e-02 4.358792304992675781e-02 3.893589973449707031e-02 3.784298896789550781e-02 4.035711288452148438e-02 3.351593017578125000e-02 3.501200675964355469e-02 4.441499710083007812e-02 4.852819442749023438e-02 5.154514312744140625e-02 5.136013031005859375e-02 5.983901023864746094e-02 5.621600151062011719e-02 5.785703659057617188e-02 4.599785804748535156e-02 4.758095741271972656e-02
1.200509071350097656e-02 1.764106750488281250e-02 2.911114692687988281e-02 3.481984138488769531e-02 3.730201721191406250e-02 4.157090187072753906e-02 4.159998893737792969e-02 4.120802879333496094e-02 4.355812072753906250e-02 4.086494445800781250e-02 2.833580970764160156e-02 3.148698806762695312e-02 3.129506111145019531e-02 3.282690048217773438e-02 3.431797027587890625e-02 3.602886199951171875e-02 3.745603561401367188e-02 3.890991210937500000e-02 4.043292999267578125e-02 4.195094108581542969e-02
1.201701164245605469e-02 1.752519607543945312e-02 2.734398841857910156e-02 3.595399856567382812e-02 4.171895980834960938e-02 3.741502761840820312e-02 4.839992523193359375e-02 4.111719131469726562e-02 4.092407226562500000e-02 4.526281356811523438e-02 4.522800445556640625e-02 4.565310478210449219e-02 5.091214179992675781e-02 4.903411865234375000e-02 5.705690383911132812e-02 6.471395492553710938e-02 5.418705940246582031e-02 5.601906776428222656e-02 5.714988708496093750e-02 5.879712104797363281e-02
