1.483520046980594254e-01
1.483520046980594254e-01
1.483520046980594254e-01
1.483520046980594254e-01
1.483520046980594254e-01
1.483520046980594254e-01
1.483520046980594254e-01
1.483520046980594254e-01
1.483520046980594254e-01
1.483520046980594254e-01
1.483520046980594254e-01
1.483520046980594254e-01
1.483520046980594254e-01
1.483520046980594254e-01
1.483520046980594254e-01
1.483520046980594254e-01
1.483520046980594254e-01
1.483520046980594254e-01
1.483520046980594254e-01
1.483520046980594254e-01
5.332635695423827010e-02
5.332635695423827010e-02
5.332635695423827010e-02
5.332635695423827010e-02
5.332635695423827010e-02
5.332635695423827010e-02
5.332635695423827010e-02
5.332635695423827010e-02
5.332635695423827010e-02
5.332635695423827010e-02
5.332635695423827010e-02
5.332635695423827010e-02
5.332635695423827010e-02
5.332635695423827010e-02
5.332635695423827010e-02
5.332635695423827010e-02
5.332635695423827010e-02
5.332635695423827010e-02
5.332635695423827010e-02
5.332635695423827010e-02
3.811746017739301995e-01
9.807944959735356294e-01
6.088972709015258999e-01
6.088972709015258999e-01
6.088972709015258999e-01
6.088972709015258999e-01
6.088972709015258999e-01
6.088972709015258999e-01
6.088972709015258999e-01
9.807944959735356294e-01
9.807944959735356294e-01
9.807944959735356294e-01
9.807944959735356294e-01
6.088972709015258999e-01
6.088972709015258999e-01
9.807944959735356294e-01
9.807944959735356294e-01
9.807944959735356294e-01
9.807944959735356294e-01
9.807944959735356294e-01
2.135299553588575205e-01
5.537763077001947032e-01
5.537763077001947032e-01
5.537763077001947032e-01
5.537763077001947032e-01
5.537763077001947032e-01
5.537763077001947032e-01
5.537763077001947032e-01
5.537763077001947032e-01
5.537763077001947032e-01
3.402463523413371549e-01
5.537763077001947032e-01
3.402463523413371549e-01
3.402463523413371549e-01
5.537763077001947032e-01
3.402463523413371549e-01
4.454133163322864242e-01
4.454133163322864242e-01
4.454133163322864242e-01
6.589432716911439725e-01
9.077700430994077585e-02
1.106112054823092522e-01
4.513825002569059053e-01
4.513825002569059053e-01
4.513825002569059053e-01
1.106112054823092522e-01
4.513825002569059053e-01
1.106112054823092522e-01
1.106112054823092522e-01
1.106112054823092522e-01
1.106112054823092522e-01
1.106112054823092522e-01
1.106112054823092522e-01
1.106112054823092522e-01
1.106112054823092522e-01
1.106112054823092522e-01
1.106112054823092522e-01
1.106112054823092522e-01
1.106112054823092522e-01
1.106112054823092522e-01
3.556102895467502800e-01
0.000000000000000000e+00
3.556102895467502800e-01
3.556102895467502800e-01
3.556102895467502800e-01
3.556102895467502800e-01
3.556102895467502800e-01
3.556102895467502800e-01
3.556102895467502800e-01
3.556102895467502800e-01
3.556102895467502800e-01
3.556102895467502800e-01
3.556102895467502800e-01
3.556102895467502800e-01
3.556102895467502800e-01
3.556102895467502800e-01
3.556102895467502800e-01
3.556102895467502800e-01
3.556102895467502800e-01
3.556102895467502800e-01
3.520245723012991879e-01
3.305398047002699458e-01
3.305398047002699458e-01
3.305398047002699458e-01
3.305398047002699458e-01
3.305398047002699458e-01
5.499588842119947918e-01
5.499588842119947918e-01
3.305398047002699458e-01
5.499588842119947918e-01
5.499588842119947918e-01
5.499588842119947918e-01
3.305398047002699458e-01
3.305398047002699458e-01
3.305398047002699458e-01
3.305398047002699458e-01
3.652738091876106541e-01
3.305398047002699458e-01
3.305398047002699458e-01
3.305398047002699458e-01
0.000000000000000000e+00
0.000000000000000000e+00
0.000000000000000000e+00
0.000000000000000000e+00
0.000000000000000000e+00
0.000000000000000000e+00
0.000000000000000000e+00
0.000000000000000000e+00
0.000000000000000000e+00
0.000000000000000000e+00
0.000000000000000000e+00
0.000000000000000000e+00
0.000000000000000000e+00
0.000000000000000000e+00
0.000000000000000000e+00
0.000000000000000000e+00
0.000000000000000000e+00
0.000000000000000000e+00
0.000000000000000000e+00
0.000000000000000000e+00
2.289041392150500120e-01
1.527153700953815529e-01
1.527153700953815529e-01
1.527153700953815529e-01
1.527153700953815529e-01
1.527153700953815529e-01
1.527153700953815529e-01
1.527153700953815529e-01
1.527153700953815529e-01
1.527153700953815529e-01
1.527153700953815529e-01
1.527153700953815529e-01
1.527153700953815529e-01
1.527153700953815529e-01
1.527153700953815529e-01
1.527153700953815529e-01
1.527153700953815529e-01
1.527153700953815529e-01
1.527153700953815529e-01
1.527153700953815529e-01
0.000000000000000000e+00
0.000000000000000000e+00
0.000000000000000000e+00
0.000000000000000000e+00
0.000000000000000000e+00
0.000000000000000000e+00
0.000000000000000000e+00
0.000000000000000000e+00
0.000000000000000000e+00
0.000000000000000000e+00
0.000000000000000000e+00
0.000000000000000000e+00
0.000000000000000000e+00
0.000000000000000000e+00
0.000000000000000000e+00
0.000000000000000000e+00
0.000000000000000000e+00
0.000000000000000000e+00
0.000000000000000000e+00
0.000000000000000000e+00
9.659563206826032866e-01
7.165994113817107936e-01
3.988252188251995567e-01
3.988252188251995567e-01
3.988252188251995567e-01
3.988252188251995567e-01
3.988252188251995567e-01
3.988252188251995567e-01
3.988252188251995567e-01
3.988252188251995567e-01
3.988252188251995567e-01
3.988252188251995567e-01
3.988252188251995567e-01
3.988252188251995567e-01
3.988252188251995567e-01
3.988252188251995567e-01
3.988252188251995567e-01
3.988252188251995567e-01
3.988252188251995567e-01
3.988252188251995567e-01
1.626736269530633938e-01
1.626736269530633938e-01
1.626736269530633938e-01
1.626736269530633938e-01
1.626736269530633938e-01
1.626736269530633938e-01
1.626736269530633938e-01
1.626736269530633938e-01
1.626736269530633938e-01
1.626736269530633938e-01
1.626736269530633938e-01
1.626736269530633938e-01
1.626736269530633938e-01
1.626736269530633938e-01
1.626736269530633938e-01
1.626736269530633938e-01
1.626736269530633938e-01
1.626736269530633938e-01
1.626736269530633938e-01
1.626736269530633938e-01
2.502212662860980319e-01
0.000000000000000000e+00
3.553653760269804840e-01
3.553653760269804840e-01
3.553653760269804840e-01
3.553653760269804840e-01
0.000000000000000000e+00
0.000000000000000000e+00
0.000000000000000000e+00
0.000000000000000000e+00
0.000000000000000000e+00
0.000000000000000000e+00
3.553653760269804840e-01
0.000000000000000000e+00
0.000000000000000000e+00
0.000000000000000000e+00
0.000000000000000000e+00
0.000000000000000000e+00
0.000000000000000000e+00
0.000000000000000000e+00
0.000000000000000000e+00
0.000000000000000000e+00
0.000000000000000000e+00
0.000000000000000000e+00
0.000000000000000000e+00
0.000000000000000000e+00
0.000000000000000000e+00
0.000000000000000000e+00
0.000000000000000000e+00
0.000000000000000000e+00
0.000000000000000000e+00
0.000000000000000000e+00
0.000000000000000000e+00
0.000000000000000000e+00
0.000000000000000000e+00
0.000000000000000000e+00
0.000000000000000000e+00
0.000000000000000000e+00
0.000000000000000000e+00
0.000000000000000000e+00
0.000000000000000000e+00
3.347084048644877741e-01
3.347084048644877741e-01
2.191533913382282817e-01
2.191533913382282817e-01
3.347084048644877741e-01
3.347084048644877741e-01
3.347084048644877741e-01
3.347084048644877741e-01
3.347084048644877741e-01
3.347084048644877741e-01
2.191533913382282817e-01
3.347084048644877741e-01
3.347084048644877741e-01
3.347084048644877741e-01
3.347084048644877741e-01
3.347084048644877741e-01
3.347084048644877741e-01
3.347084048644877741e-01
3.347084048644877741e-01
5.782160287740059079e-01
9.561786465490262898e-01
9.561786465490262898e-01
9.561786465490262898e-01
9.561786465490262898e-01
5.782160287740059079e-01
5.782160287740059079e-01
5.782160287740059079e-01
5.782160287740059079e-01
9.561786465490262898e-01
9.561786465490262898e-01
9.561786465490262898e-01
9.561786465490262898e-01
4.569073679418423350e-01
4.569073679418423350e-01
4.569073679418423350e-01
6.430791796360908474e-01
6.430791796360908474e-01
6.430791796360908474e-01
7.486960819982956261e-01
4.111492651571769796e-01
3.326395189482960757e-01
3.326395189482960757e-01
5.553641044059075549e-01
5.553641044059075549e-01
3.326395189482960757e-01
3.326395189482960757e-01
3.326395189482960757e-01
3.326395189482960757e-01
3.326395189482960757e-01
3.326395189482960757e-01
3.326395189482960757e-01
3.326395189482960757e-01
3.326395189482960757e-01
3.326395189482960757e-01
3.326395189482960757e-01
3.004754067301745879e-01
3.004754067301745879e-01
3.004754067301745879e-01
4.936566933198031637e-01
7.447541055904806362e-02
7.447541055904806362e-02
7.447541055904806362e-02
7.447541055904806362e-02
7.447541055904806362e-02
7.447541055904806362e-02
7.447541055904806362e-02
7.447541055904806362e-02
7.447541055904806362e-02
7.447541055904806362e-02
7.447541055904806362e-02
7.447541055904806362e-02
7.447541055904806362e-02
7.447541055904806362e-02
7.447541055904806362e-02
7.447541055904806362e-02
7.447541055904806362e-02
7.447541055904806362e-02
7.447541055904806362e-02
7.447541055904806362e-02
3.343446606458676529e-01
1.345128940121986527e-01
3.343446606458676529e-01
1.345128940121986527e-01
5.799381951390625983e-02
3.343446606458676529e-01
1.345128940121986527e-01
3.343446606458676529e-01
3.343446606458676529e-01
5.799381951390625983e-02
1.345128940121986527e-01
1.345128940121986527e-01
3.343446606458676529e-01
1.345128940121986527e-01
3.343446606458676529e-01
1.345128940121986527e-01
3.343446606458676529e-01
3.343446606458676529e-01
3.343446606458676529e-01
3.343446606458676529e-01
3.597542967088896981e-01
3.597542967088896981e-01
3.597542967088896981e-01
3.597542967088896981e-01
3.597542967088896981e-01
3.597542967088896981e-01
3.597542967088896981e-01
3.597542967088896981e-01
3.597542967088896981e-01
3.597542967088896981e-01
3.597542967088896981e-01
3.597542967088896981e-01
3.597542967088896981e-01
3.597542967088896981e-01
3.597542967088896981e-01
3.597542967088896981e-01
3.597542967088896981e-01
3.597542967088896981e-01
3.597542967088896981e-01
3.597542967088896981e-01
