2.819483307935429228e-01
2.706102099534363203e-01
2.713857380372634021e-01
2.585945257611479975e-01
2.849528055457087317e-01
2.626582278818938576e-01
2.748541934226178540e-01
2.605103011615230169e-01
2.333161377679321413e-01
2.384900996772664483e-01
2.147911998185478011e-01
2.211009083610560033e-01
2.230328376242883270e-01
2.230328376242883270e-01
2.230328376242883270e-01
2.230328376242883270e-01
2.230328376242883270e-01
2.230328376242883270e-01
2.230328376242883270e-01
2.230328376242883270e-01
