1.551795005798339844e-02 1.184892654418945312e-02 1.278305053710937500e-02 1.294517517089843750e-02 1.296305656433105469e-02 1.344299316406250000e-02 1.538205146789550781e-02 1.570701599121093750e-02 1.701498031616210938e-02 1.817297935485839844e-02 1.937818527221679688e-02 2.073502540588378906e-02 2.264595031738281250e-02 2.470016479492187500e-02 2.525496482849121094e-02 2.655100822448730469e-02 2.754402160644531250e-02 2.877283096313476562e-02 2.993607521057128906e-02 3.142714500427246094e-02
6.064176559448242188e-03 7.394075393676757812e-03 9.196043014526367188e-03 1.058506965637207031e-02 1.193308830261230469e-02 1.301598548889160156e-02 1.448512077331542969e-02 1.578807830810546875e-02 1.776289939880371094e-02 1.887702941894531250e-02 1.987504959106445312e-02 2.128696441650390625e-02 2.185702323913574219e-02 2.325201034545898438e-02 2.433085441589355469e-02 2.544116973876953125e-02 2.688503265380859375e-02 2.818012237548828125e-02 2.924108505249023438e-02 3.062415122985839844e-02
6.108045578002929688e-03 7.437944412231445312e-03 9.235143661499023438e-03 1.051497459411621094e-02 1.179409027099609375e-02 1.301193237304687500e-02 1.471900939941406250e-02 1.579308509826660156e-02 1.694989204406738281e-02 1.806282997131347656e-02 1.925587654113769531e-02 2.050781250000000000e-02 2.194499969482421875e-02 2.321004867553710938e-02 2.420401573181152344e-02 2.543687820434570312e-02 2.665781974792480469e-02 2.790689468383789062e-02 2.910208702087402344e-02 3.111314773559570312e-02
6.037950515747070312e-03 7.397890090942382812e-03 9.346008300781250000e-03 1.046109199523925781e-02 1.196694374084472656e-02 1.365089416503906250e-02 1.501083374023437500e-02 1.612782478332519531e-02 1.736497879028320312e-02 1.858091354370117188e-02 1.977109909057617188e-02 2.095580101013183594e-02 2.230095863342285156e-02 2.355694770812988281e-02 2.480983734130859375e-02 2.582287788391113281e-02 2.783703804016113281e-02 2.842116355895996094e-02 2.961301803588867188e-02 3.093504905700683594e-02
6.042957305908203125e-03 7.385015487670898438e-03 9.246110916137695312e-03 1.056909561157226562e-02 1.240301132202148438e-02 1.298999786376953125e-02 1.446700096130371094e-02 1.590394973754882812e-02 1.696014404296875000e-02 1.844406127929687500e-02 1.947808265686035156e-02 2.068281173706054688e-02 2.183914184570312500e-02 2.304387092590332031e-02 2.463698387145996094e-02 2.563095092773437500e-02 2.682685852050781250e-02 2.834510803222656250e-02 2.917885780334472656e-02 3.068208694458007812e-02
6.042003631591796875e-03 7.482051849365234375e-03 9.184122085571289062e-03 1.054096221923828125e-02 1.172995567321777344e-02 1.403212547302246094e-02 1.455402374267578125e-02 1.667594909667968750e-02 1.768302917480468750e-02 1.915717124938964844e-02 2.004909515380859375e-02 2.148103713989257812e-02 2.183413505554199219e-02 2.298402786254882812e-02 2.428412437438964844e-02 2.569103240966796875e-02 2.668404579162597656e-02 2.796220779418945312e-02 2.923393249511718750e-02 3.045511245727539062e-02
5.989074707031250000e-03 7.337808609008789062e-03 9.196043014526367188e-03 1.038908958435058594e-02 1.157283782958984375e-02 1.283001899719238281e-02 1.408481597900390625e-02 1.537013053894042969e-02 1.672887802124023438e-02 1.786494255065917969e-02 1.897287368774414062e-02 2.045702934265136719e-02 2.152705192565917969e-02 2.268886566162109375e-02 2.393007278442382812e-02 2.523589134216308594e-02 2.643322944641113281e-02 2.774190902709960938e-02 2.917313575744628906e-02 3.015780448913574219e-02
6.044149398803710938e-03 7.416009902954101562e-03 9.318113327026367188e-03 1.078891754150390625e-02 1.186299324035644531e-02 1.310396194458007812e-02 1.443386077880859375e-02 1.669597625732421875e-02 1.791405677795410156e-02 1.930999755859375000e-02 2.043890953063964844e-02 2.160596847534179688e-02 2.273392677307128906e-02 2.407884597778320312e-02 2.533888816833496094e-02 2.684497833251953125e-02 2.775716781616210938e-02 2.905392646789550781e-02 3.028512001037597656e-02 3.138303756713867188e-02
5.986928939819335938e-03 7.745027542114257812e-03 9.150028228759765625e-03 1.054692268371582031e-02 1.248502731323242188e-02 1.307892799377441406e-02 1.491093635559082031e-02 1.627612113952636719e-02 1.752710342407226562e-02 1.898097991943359375e-02 2.004694938659667969e-02 2.148199081420898438e-02 2.241706848144531250e-02 2.364683151245117188e-02 2.511978149414062500e-02 2.611088752746582031e-02 2.728080749511718750e-02 2.847313880920410156e-02 2.981090545654296875e-02 3.099894523620605469e-02
6.029844284057617188e-03 7.443189620971679688e-03 9.258985519409179688e-03 1.050591468811035156e-02 1.185512542724609375e-02 1.302313804626464844e-02 1.429605484008789062e-02 1.558399200439453125e-02 1.681804656982421875e-02 1.813292503356933594e-02 1.920700073242187500e-02 2.045297622680664062e-02 2.164983749389648438e-02 2.287697792053222656e-02 2.410912513732910156e-02 2.543497085571289062e-02 2.681398391723632812e-02 2.786397933959960938e-02 2.898597717285156250e-02 3.042006492614746094e-02
