8.132934570312500000e-03 7.542133331298828125e-03 9.310007095336914062e-03 1.075315475463867188e-02 1.190304756164550781e-02 1.357007026672363281e-02 1.545906066894531250e-02 1.578497886657714844e-02 1.716494560241699219e-02 1.825213432312011719e-02 1.946997642517089844e-02 2.086091041564941406e-02 2.302598953247070312e-02 2.416205406188964844e-02 2.542495727539062500e-02 2.663207054138183594e-02 2.778697013854980469e-02 2.908587455749511719e-02 3.023695945739746094e-02 3.149199485778808594e-02
6.234169006347656250e-03 7.537126541137695312e-03 9.392976760864257812e-03 1.062393188476562500e-02 1.210188865661621094e-02 1.324486732482910156e-02 1.451706886291503906e-02 1.585507392883300781e-02 1.770997047424316406e-02 1.892399787902832031e-02 2.009296417236328125e-02 2.136182785034179688e-02 2.209615707397460938e-02 2.335786819458007812e-02 2.456307411193847656e-02 2.578616142272949219e-02 2.699494361877441406e-02 2.825093269348144531e-02 2.949213981628417969e-02 3.075098991394042969e-02
6.222009658813476562e-03 7.523059844970703125e-03 9.330034255981445312e-03 1.066017150878906250e-02 1.194405555725097656e-02 1.315402984619140625e-02 1.464986801147460938e-02 1.587510108947753906e-02 1.703810691833496094e-02 1.833200454711914062e-02 1.948499679565429688e-02 3.661894798278808594e-02 2.816390991210937500e-02 2.339506149291992188e-02 2.457404136657714844e-02 2.727293968200683594e-02 2.828884124755859375e-02 2.818298339843750000e-02 2.937698364257812500e-02 3.059387207031250000e-02
6.201982498168945312e-03 7.551908493041992188e-03 9.443998336791992188e-03 1.060891151428222656e-02 1.200389862060546875e-02 1.381492614746093750e-02 1.505708694458007812e-02 1.624989509582519531e-02 1.752018928527832031e-02 1.876592636108398438e-02 1.990413665771484375e-02 2.123999595642089844e-02 2.242088317871093750e-02 2.368092536926269531e-02 2.496194839477539062e-02 2.609896659851074219e-02 2.728104591369628906e-02 2.862787246704101562e-02 2.986121177673339844e-02 3.105187416076660156e-02
6.188869476318359375e-03 7.692098617553710938e-03 9.344100952148437500e-03 1.072597503662109375e-02 1.260495185852050781e-02 1.317715644836425781e-02 1.443886756896972656e-02 1.582908630371093750e-02 1.707983016967773438e-02 1.831793785095214844e-02 1.960492134094238281e-02 2.081489562988281250e-02 2.203488349914550781e-02 2.335095405578613281e-02 2.453207969665527344e-02 2.574992179870605469e-02 2.683782577514648438e-02 2.828812599182128906e-02 2.947998046875000000e-02 3.068685531616210938e-02
6.162881851196289062e-03 7.535934448242187500e-03 9.308815002441406250e-03 1.059603691101074219e-02 1.198506355285644531e-02 1.418685913085937500e-02 1.467704772949218750e-02 1.659202575683593750e-02 1.787590980529785156e-02 1.916885375976562500e-02 2.034902572631835938e-02 2.153491973876953125e-02 2.202892303466796875e-02 2.324891090393066406e-02 2.453303337097167969e-02 2.566409111022949219e-02 2.682209014892578125e-02 2.809810638427734375e-02 2.939200401306152344e-02 3.053998947143554688e-02
6.244897842407226562e-03 7.473945617675781250e-03 9.379148483276367188e-03 1.042890548706054688e-02 1.174283027648925781e-02 1.309514045715332031e-02 1.431012153625488281e-02 1.556181907653808594e-02 1.684617996215820312e-02 1.807498931884765625e-02 1.923084259033203125e-02 2.047920227050781250e-02 2.173805236816406250e-02 2.294492721557617188e-02 2.415990829467773438e-02 2.548599243164062500e-02 2.669095993041992188e-02 2.786612510681152344e-02 2.916407585144042969e-02 3.035807609558105469e-02
6.166934967041015625e-03 7.559061050415039062e-03 9.310007095336914062e-03 1.056885719299316406e-02 1.188993453979492188e-02 1.310396194458007812e-02 1.445007324218750000e-02 1.678895950317382812e-02 1.800990104675292969e-02 1.931309700012207031e-02 2.050709724426269531e-02 2.181601524353027344e-02 2.301001548767089844e-02 2.422380447387695312e-02 2.548623085021972656e-02 2.664899826049804688e-02 2.789592742919921875e-02 2.913713455200195312e-02 3.039002418518066406e-02 3.171610832214355469e-02
6.183862686157226562e-03 7.606029510498046875e-03 9.239912033081054688e-03 1.064205169677734375e-02 1.269721984863281250e-02 1.316905021667480469e-02 1.513314247131347656e-02 1.637792587280273438e-02 1.760411262512207031e-02 1.889395713806152344e-02 2.016687393188476562e-02 2.141404151916503906e-02 2.263402938842773438e-02 2.381896972656250000e-02 2.507090568542480469e-02 2.630400657653808594e-02 2.745699882507324219e-02 3.173017501831054688e-02 4.451799392700195312e-02 3.267312049865722656e-02
6.274938583374023438e-03 7.525920867919921875e-03 9.436130523681640625e-03 1.062417030334472656e-02 1.208114624023437500e-02 1.329088211059570312e-02 1.453685760498046875e-02 1.574397087097167969e-02 1.704382896423339844e-02 1.825690269470214844e-02 1.955413818359375000e-02 2.068209648132324219e-02 2.192497253417968750e-02 2.313089370727539062e-02 2.435398101806640625e-02 2.565097808837890625e-02 2.693486213684082031e-02 2.810883522033691406e-02 2.936601638793945312e-02 3.059411048889160156e-02
