8.085012435913085938e-03 1.061797142028808594e-02 9.370088577270507812e-03 1.187086105346679688e-02 1.481389999389648438e-02 1.796793937683105469e-02 1.948499679565429688e-02 1.840806007385253906e-02 1.876902580261230469e-02 2.188110351562500000e-02 2.515697479248046875e-02 2.177500724792480469e-02 2.705287933349609375e-02 2.750110626220703125e-02 2.804398536682128906e-02 3.086304664611816406e-02 3.045201301574707031e-02 3.280305862426757812e-02 3.407001495361328125e-02 3.528404235839843750e-02
6.186962127685546875e-03 8.584022521972656250e-03 1.000094413757324219e-02 1.260399818420410156e-02 1.620388031005859375e-02 1.666116714477539062e-02 1.768207550048828125e-02 1.900076866149902344e-02 2.240490913391113281e-02 1.943206787109375000e-02 2.279186248779296875e-02 2.586102485656738281e-02 2.471303939819335938e-02 2.674889564514160156e-02 2.738094329833984375e-02 2.823209762573242188e-02 2.911114692687988281e-02 3.105401992797851562e-02 3.325700759887695312e-02 3.368210792541503906e-02
6.168842315673828125e-03 1.056480407714843750e-02 9.449958801269531250e-03 1.121282577514648438e-02 1.299095153808593750e-02 1.639509201049804688e-02 1.802110671997070312e-02 1.850700378417968750e-02 1.792407035827636719e-02 1.979804039001464844e-02 2.252316474914550781e-02 2.286720275878906250e-02 2.520394325256347656e-02 2.504801750183105469e-02 2.869486808776855469e-02 2.918100357055664062e-02 3.079319000244140625e-02 3.078484535217285156e-02 3.357791900634765625e-02 3.465008735656738281e-02
6.142139434814453125e-03 7.713079452514648438e-03 1.331686973571777344e-02 1.080298423767089844e-02 1.249480247497558594e-02 1.423788070678710938e-02 2.385687828063964844e-02 1.647019386291503906e-02 1.777982711791992188e-02 1.902508735656738281e-02 2.020692825317382812e-02 2.143216133117675781e-02 2.277112007141113281e-02 2.431106567382812500e-02 2.545809745788574219e-02 2.664613723754882812e-02 2.788710594177246094e-02 2.923512458801269531e-02 3.081297874450683594e-02 3.198003768920898438e-02
6.505012512207031250e-03 8.487939834594726562e-03 9.429931640625000000e-03 1.087212562561035156e-02 1.270198822021484375e-02 1.505994796752929688e-02 1.585197448730468750e-02 1.711010932922363281e-02 1.720881462097167969e-02 1.859188079833984375e-02 3.589200973510742188e-02 2.548193931579589844e-02 3.520488739013671875e-02 2.383685111999511719e-02 2.493000030517578125e-02 2.618312835693359375e-02 2.749490737915039062e-02 2.900218963623046875e-02 3.022003173828125000e-02 3.154420852661132812e-02
6.057977676391601562e-03 7.490873336791992188e-03 9.298086166381835938e-03 1.068711280822753906e-02 1.191186904907226562e-02 1.431608200073242188e-02 1.582407951354980469e-02 1.796412467956542969e-02 1.799583435058593750e-02 1.932978630065917969e-02 2.329587936401367188e-02 2.461099624633789062e-02 2.458286285400390625e-02 2.710509300231933594e-02 2.803492546081542969e-02 2.869105339050292969e-02 3.256797790527343750e-02 3.414011001586914062e-02 3.502297401428222656e-02 3.694605827331542969e-02
9.675979614257812500e-03 7.782220840454101562e-03 1.454615592956542969e-02 1.309585571289062500e-02 1.190686225891113281e-02 1.344799995422363281e-02 1.468205451965332031e-02 1.750588417053222656e-02 2.075195312500000000e-02 2.507996559143066406e-02 2.221393585205078125e-02 2.369594573974609375e-02 2.415204048156738281e-02 2.590703964233398438e-02 2.730298042297363281e-02 2.865600585937500000e-02 3.402304649353027344e-02 2.863001823425292969e-02 2.976202964782714844e-02 3.103995323181152344e-02
6.074905395507812500e-03 7.502079010009765625e-03 9.340047836303710938e-03 1.065397262573242188e-02 1.186800003051757812e-02 1.318717002868652344e-02 1.462984085083007812e-02 1.598215103149414062e-02 1.823806762695312500e-02 1.944804191589355469e-02 2.070498466491699219e-02 2.202987670898437500e-02 2.389383316040039062e-02 2.470684051513671875e-02 2.592015266418457031e-02 2.727794647216796875e-02 2.850294113159179688e-02 2.972888946533203125e-02 3.166198730468750000e-02 3.226995468139648438e-02
6.733894348144531250e-03 1.074481010437011719e-02 9.783983230590820312e-03 1.078104972839355469e-02 1.276993751525878906e-02 1.396179199218750000e-02 1.521706581115722656e-02 1.648283004760742188e-02 1.823306083679199219e-02 2.273201942443847656e-02 2.193498611450195312e-02 2.561211585998535156e-02 2.659082412719726562e-02 2.831697463989257812e-02 3.123712539672851562e-02 2.966904640197753906e-02 3.247189521789550781e-02 3.270387649536132812e-02 3.378486633300781250e-02 3.516912460327148438e-02
6.281852722167968750e-03 9.257078170776367188e-03 9.588956832885742188e-03 1.172494888305664062e-02 1.483488082885742188e-02 1.482796669006347656e-02 1.649093627929687500e-02 1.781892776489257812e-02 1.941108703613281250e-02 2.063703536987304688e-02 2.102684974670410156e-02 2.369999885559082031e-02 2.318215370178222656e-02 2.571415901184082031e-02 2.741599082946777344e-02 2.854800224304199219e-02 3.003501892089843750e-02 4.987001419067382812e-02 3.767609596252441406e-02 3.640007972717285156e-02
