3.632092475891113281e-02 1.184105873107910156e-02 0.000000000000000000e+00 0.000000000000000000e+00 0.000000000000000000e+00
1.103901863098144531e-02 1.174378395080566406e-02 2.139401435852050781e-02 0.000000000000000000e+00 0.000000000000000000e+00
1.106786727905273438e-02 1.176404953002929688e-02 1.853394508361816406e-02 0.000000000000000000e+00 0.000000000000000000e+00
1.103591918945312500e-02 0.000000000000000000e+00 0.000000000000000000e+00 0.000000000000000000e+00 0.000000000000000000e+00
1.107883453369140625e-02 1.177406311035156250e-02 0.000000000000000000e+00 0.000000000000000000e+00 0.000000000000000000e+00
1.104688644409179688e-02 0.000000000000000000e+00 0.000000000000000000e+00 0.000000000000000000e+00 0.000000000000000000e+00
1.107215881347656250e-02 0.000000000000000000e+00 0.000000000000000000e+00 0.000000000000000000e+00 0.000000000000000000e+00
1.105713844299316406e-02 1.176500320434570312e-02 2.269411087036132812e-02 2.964901924133300781e-02 0.000000000000000000e+00
1.108407974243164062e-02 1.176595687866210938e-02 0.000000000000000000e+00 0.000000000000000000e+00 0.000000000000000000e+00
1.102805137634277344e-02 1.173782348632812500e-02 1.851391792297363281e-02 2.017402648925781250e-02 2.272009849548339844e-02
1.112914085388183594e-02 1.180505752563476562e-02 1.857614517211914062e-02 0.000000000000000000e+00 0.000000000000000000e+00
1.107501983642578125e-02 1.178789138793945312e-02 2.097511291503906250e-02 0.000000000000000000e+00 0.000000000000000000e+00
1.114797592163085938e-02 1.182889938354492188e-02 0.000000000000000000e+00 0.000000000000000000e+00 0.000000000000000000e+00
1.103901863098144531e-02 0.000000000000000000e+00 0.000000000000000000e+00 0.000000000000000000e+00 0.000000000000000000e+00
1.104497909545898438e-02 0.000000000000000000e+00 0.000000000000000000e+00 0.000000000000000000e+00 0.000000000000000000e+00
1.109480857849121094e-02 1.850914955139160156e-02 2.711796760559082031e-02 0.000000000000000000e+00 0.000000000000000000e+00
1.107883453369140625e-02 1.182389259338378906e-02 2.376794815063476562e-02 0.000000000000000000e+00 0.000000000000000000e+00
1.109004020690917969e-02 0.000000000000000000e+00 0.000000000000000000e+00 0.000000000000000000e+00 0.000000000000000000e+00
1.103496551513671875e-02 0.000000000000000000e+00 0.000000000000000000e+00 0.000000000000000000e+00 0.000000000000000000e+00
1.105403900146484375e-02 1.179599761962890625e-02 0.000000000000000000e+00 0.000000000000000000e+00 0.000000000000000000e+00
