Run, Query, Loss, Time
1, 0, 122.297, 0.002
1, 1, 90.286, 0.074
1, 2, 90.286, 0.070
1, 3, 46.182, 39.055
1, 4, 46.182, 0.066
1, 5, 46.182, 0.048
1, 6, 37.527, 52.980
1, 7, 37.527, 0.047
1, 8, 37.527, 0.050
1, 9, 37.527, 0.065
1, 10, 37.527, 0.050
1, 11, 37.527, 0.065
1, 12, 37.527, 0.068
1, 13, 37.527, 33.948
1, 14, 37.527, 0.047
1, 15, 37.527, 0.046
1, 16, 37.527, 0.047
1, 17, 37.527, 0.048
1, 18, 13.387, 179.618
1, 19, 13.387, 0.064
1, 20, 13.387, 0.050
1, 21, 13.387, 0.048
1, 22, 13.387, 0.067
1, 23, 13.387, 0.048
1, 24, 13.387, 0.049
1, 25, 13.387, 0.048
1, 26, 14.074, 250.149
1, 27, 14.074, 0.047
1, 28, 0.000, 270.830
1, 29, 0.000, 0.045
1, 30, 0.000, 0.050
1, 31, 0.000, 0.045
1, 32, 0.000, 0.050
1, 33, 0.000, 0.047
1, 34, 0.000, 0.050
1, 35, 0.000, 0.046
1, 36, 0.000, 0.049
1, 37, 0.000, 0.046
1, 38, 0.000, 0.052
1, 39, 0.000, 0.048
1, 40, 0.000, 0.048
1, 41, 0.000, 0.050
1, 42, 0.000, 0.049
1, 43, 0.000, 0.047
1, 44, 0.000, 0.047
1, 45, 0.000, 0.047
1, 46, 0.000, 0.048
1, 47, 0.000, 0.050
1, 48, 0.000, 0.049
1, 49, 0.000, 0.046
1, 50, 0.000, 0.047
1, 51, 0.000, 0.050
1, 52, 0.000, 0.049
1, 53, 0.000, 0.047
1, 54, 0.000, 0.052
1, 55, 0.000, 0.052
1, 56, 0.000, 0.048
1, 57, 0.000, 0.050
1, 58, 0.000, 0.049
1, 59, 0.000, 0.051
1, 60, 0.000, 0.068
1, 61, 0.000, 0.050
1, 62, 0.000, 0.052
1, 63, 0.000, 0.059
1, 64, 0.000, 0.058
1, 65, 0.000, 0.054
1, 66, 0.000, 0.064
1, 67, 0.000, 0.050
1, 68, 0.000, 0.049
1, 69, 0.000, 0.066
1, 70, 0.000, 0.124
1, 71, 0.000, 0.063
1, 72, 0.000, 0.055
1, 73, 0.000, 0.089
1, 74, 0.000, 0.124
1, 75, 0.000, 0.088
1, 76, 0.000, 0.065
1, 77, 0.000, 0.074
1, 78, 0.000, 0.092
1, 79, 0.000, 0.052
1, 80, 0.000, 0.098
1, 81, 0.000, 0.051
1, 82, 0.000, 0.145
1, 83, 0.000, 0.096
1, 84, 0.000, 0.061
1, 85, 0.000, 0.126
1, 86, 0.000, 0.057
1, 87, 0.000, 0.051
1, 88, 0.000, 0.146
1, 89, 0.000, 0.141
1, 90, 0.000, 0.144
1, 91, 0.000, 0.086
1, 92, 0.000, 0.143
1, 93, 0.000, 0.111
1, 94, 0.000, 0.145
1, 95, 0.000, 0.141
1, 96, 0.000, 0.126
1, 97, 0.000, 0.141
1, 98, 0.000, 0.143
1, 99, 0.000, 0.144
1, 100, 0.000, 0.052
2, 0, 229.627, 0.002
2, 1, 166.879, 0.050
2, 2, 97.592, 28.952
2, 3, 97.592, 0.047
2, 4, 97.592, 0.047
2, 5, 41.911, 53.072
2, 6, 41.911, 0.047
2, 7, 41.911, 0.070
2, 8, 41.911, 0.048
2, 9, 41.911, 0.051
2, 10, 41.911, 0.065
2, 11, 41.911, 0.050
2, 12, 41.911, 0.065
2, 13, 41.911, 0.048
2, 14, 41.911, 20.748
2, 15, 41.911, 0.068
2, 16, 41.911, 0.047
2, 17, 41.911, 0.067
2, 18, 41.911, 0.048
2, 19, 41.911, 0.048
2, 20, 41.911, 0.047
2, 21, 41.911, 0.048
2, 22, 41.911, 0.047
2, 23, 41.911, 0.049
2, 24, 40.275, 202.581
2, 25, 40.275, 0.048
2, 26, 40.275, 0.048
2, 27, 40.275, 0.048
2, 28, 40.275, 0.047
2, 29, 40.275, 0.067
2, 30, 40.275, 0.048
2, 31, 1.624, 273.022
2, 32, 1.624, 0.047
2, 33, 1.624, 0.067
2, 34, 1.624, 0.047
2, 35, 1.624, 0.047
2, 36, 1.624, 0.046
2, 37, 1.624, 0.048
2, 38, 1.624, 0.047
2, 39, 1.624, 0.049
2, 40, 1.624, 0.047
2, 41, 1.624, 0.047
2, 42, 1.624, 0.048
2, 43, 1.624, 0.050
2, 44, 1.624, 0.047
2, 45, 1.624, 0.048
2, 46, 1.624, 0.046
2, 47, 1.624, 0.049
2, 48, 0.000, 506.291
2, 49, 1.624, 530.800
2, 50, 0.000, 0.068
2, 51, 0.000, 0.055
2, 52, 0.000, 0.051
2, 53, 0.000, 0.064
2, 54, 0.000, 0.059
2, 55, 0.000, 0.078
2, 56, 0.000, 0.071
2, 57, 0.000, 0.056
2, 58, 0.000, 206.025
2, 59, 0.000, 0.072
2, 60, 0.000, 0.058
2, 61, 0.000, 0.052
2, 62, 0.000, 0.071
2, 63, 0.000, 0.066
2, 64, 0.000, 0.054
2, 65, 0.000, 0.092
2, 66, 0.000, 0.054
2, 67, 0.000, 0.058
2, 68, 0.000, 0.053
2, 69, 0.000, 0.057
2, 70, 0.000, 0.055
2, 71, 0.000, 0.058
2, 72, 0.000, 0.050
2, 73, 0.000, 0.055
2, 74, 0.000, 0.052
2, 75, 0.000, 0.056
2, 76, 0.000, 0.052
2, 77, 0.000, 0.056
2, 78, 0.000, 0.052
2, 79, 0.000, 0.063
2, 80, 0.000, 0.069
2, 81, 0.000, 0.065
2, 82, 0.000, 0.052
2, 83, 0.000, 0.059
2, 84, 0.000, 0.051
2, 85, 0.000, 0.058
2, 86, 0.000, 0.075
2, 87, 0.000, 0.082
2, 88, 0.000, 0.063
2, 89, 0.000, 0.068
2, 90, 0.000, 0.068
2, 91, 0.000, 0.093
2, 92, 0.000, 0.073
2, 93, 0.000, 0.062
2, 94, 0.000, 0.073
2, 95, 0.000, 0.064
2, 96, 0.000, 0.066
2, 97, 0.000, 0.053
2, 98, 0.000, 0.111
2, 99, 0.000, 0.060
2, 100, 0.000, 0.062
3, 0, 182.830, 0.007
3, 1, 79.782, 0.070
3, 2, 79.782, 0.052
3, 3, 79.782, 19.470
3, 4, 79.782, 0.071
3, 5, 30.798, 53.938
3, 6, 30.798, 0.050
3, 7, 30.798, 0.075
3, 8, 30.798, 0.064
3, 9, 30.798, 0.060
3, 10, 30.798, 0.051
3, 11, 15.015, 121.729
3, 12, 15.015, 0.071
3, 13, 15.015, 0.067
3, 14, 15.015, 0.093
3, 15, 15.015, 0.052
3, 16, 15.015, 0.053
3, 17, 15.015, 0.052
3, 18, 15.015, 0.052
3, 19, 15.015, 58.631
3, 20, 15.015, 0.059
3, 21, 15.015, 0.090
3, 22, 15.015, 0.060
3, 23, 15.015, 0.061
3, 24, 15.015, 0.077
3, 25, 15.015, 0.058
3, 26, 15.015, 0.078
3, 27, 15.015, 0.075
3, 28, 15.015, 0.055
3, 29, 15.015, 0.054
3, 30, 15.015, 0.053
3, 31, 15.015, 0.064
3, 32, 15.015, 44.445
3, 33, 15.015, 0.062
3, 34, 15.015, 0.054
3, 35, 15.015, 0.059
3, 36, 6.557, 416.679
3, 37, 0.000, 0.049
3, 38, 0.000, 0.064
3, 39, 0.000, 0.064
3, 40, 0.000, 532.410
3, 41, 0.000, 0.053
3, 42, 0.000, 0.056
3, 43, 0.000, 0.053
3, 44, 0.000, 0.052
3, 45, 0.000, 0.054
3, 46, 0.000, 0.053
3, 47, 0.000, 0.053
3, 48, 0.000, 221.606
3, 49, 0.000, 0.063
3, 50, 0.000, 0.048
3, 51, 0.000, 0.071
3, 52, 0.000, 0.075
3, 53, 0.000, 0.065
3, 54, 0.000, 0.060
3, 55, 0.000, 0.079
3, 56, 0.000, 0.056
3, 57, 0.000, 0.060
3, 58, 0.000, 0.055
3, 59, 0.000, 0.067
3, 60, 0.000, 0.070
3, 61, 0.000, 0.075
3, 62, 0.000, 0.061
3, 63, 0.000, 0.051
3, 64, 0.000, 0.053
3, 65, 0.000, 0.057
3, 66, 0.000, 0.055
3, 67, 0.000, 0.054
3, 68, 0.000, 0.061
3, 69, 0.000, 0.057
3, 70, 0.000, 0.062
3, 71, 0.000, 0.069
3, 72, 0.000, 0.057
3, 73, 0.000, 0.056
3, 74, 0.000, 0.061
3, 75, 0.000, 0.058
3, 76, 0.000, 0.071
3, 77, 0.000, 0.061
3, 78, 0.000, 0.051
3, 79, 0.000, 0.067
3, 80, 0.000, 0.052
3, 81, 0.000, 0.053
3, 82, 0.000, 0.055
3, 83, 0.000, 0.052
3, 84, 0.000, 82.859
3, 85, 0.000, 0.055
3, 86, 0.000, 0.059
3, 87, 0.000, 0.061
3, 88, 0.000, 0.059
3, 89, 0.000, 0.070
3, 90, 0.000, 0.056
3, 91, 0.000, 0.052
3, 92, 0.000, 0.059
3, 93, 0.000, 0.069
3, 94, 0.000, 0.056
3, 95, 0.000, 0.064
3, 96, 0.000, 0.051
3, 97, 0.000, 0.065
3, 98, 0.000, 0.054
3, 99, 0.000, 0.062
3, 100, 0.000, 0.061
4, 0, 101.132, 0.003
4, 1, 151.149, 0.079
4, 2, 141.258, 28.811
4, 3, 141.258, 0.078
4, 4, 73.889, 44.929
4, 5, 73.889, 0.073
4, 6, 73.889, 0.057
4, 7, 73.889, 0.062
4, 8, 73.889, 0.052
4, 9, 73.889, 0.075
4, 10, 73.889, 0.070
4, 11, 73.889, 0.060
4, 12, 73.889, 0.070
4, 13, 73.889, 0.061
4, 14, 73.889, 0.049
4, 15, 73.889, 11.558
4, 16, 63.315, 164.561
4, 17, 24.786, 0.091
4, 18, 24.786, 0.052
4, 19, 9.793, 198.618
4, 20, 9.793, 0.061
4, 21, 9.793, 0.054
4, 22, 9.793, 0.056
4, 23, 9.793, 0.060
4, 24, 9.793, 0.057
4, 25, 9.793, 0.057
4, 26, 9.793, 0.052
4, 27, 0.000, 317.353
4, 28, 0.000, 0.079
4, 29, 0.000, 0.062
4, 30, 0.000, 0.055
4, 31, 0.000, 0.056
4, 32, 0.000, 0.059
4, 33, 0.000, 0.052
4, 34, 0.000, 0.057
4, 35, 0.000, 0.059
4, 36, 0.000, 0.058
4, 37, 0.000, 0.056
4, 38, 0.000, 0.067
4, 39, 0.000, 0.060
4, 40, 0.000, 0.056
4, 41, 0.000, 0.055
4, 42, 0.000, 0.051
4, 43, 0.000, 0.066
4, 44, 0.000, 0.056
4, 45, 0.000, 0.062
4, 46, 0.000, 0.060
4, 47, 0.000, 0.053
4, 48, 0.000, 0.056
4, 49, 0.000, 0.076
4, 50, 0.000, 0.063
4, 51, 0.000, 0.060
4, 52, 0.000, 0.058
4, 53, 0.000, 0.054
4, 54, 0.000, 0.050
4, 55, 0.000, 0.057
4, 56, 0.000, 0.057
4, 57, 0.000, 0.058
4, 58, 0.000, 0.057
4, 59, 0.000, 0.055
4, 60, 0.000, 0.066
4, 61, 0.000, 0.071
4, 62, 0.000, 0.073
4, 63, 0.000, 0.069
4, 64, 0.000, 0.071
4, 65, 0.000, 0.056
4, 66, 0.000, 0.051
4, 67, 0.000, 0.056
4, 68, 0.000, 0.061
4, 69, 0.000, 0.053
4, 70, 0.000, 0.059
4, 71, 0.000, 0.056
4, 72, 0.000, 0.071
4, 73, 0.000, 0.062
4, 74, 0.000, 1045.130
4, 75, 0.000, 0.055
4, 76, 0.000, 0.055
4, 77, 0.000, 0.054
4, 78, 0.000, 0.066
4, 79, 0.000, 0.055
4, 80, 0.000, 0.054
4, 81, 0.000, 0.061
4, 82, 0.000, 0.061
4, 83, 0.000, 0.075
4, 84, 0.000, 0.090
4, 85, 0.000, 0.064
4, 86, 0.000, 0.053
4, 87, 0.000, 0.056
4, 88, 0.000, 0.075
4, 89, 0.000, 0.064
4, 90, 0.000, 0.062
4, 91, 0.000, 0.066
4, 92, 0.000, 0.058
4, 93, 0.000, 0.093
4, 94, 0.000, 0.062
4, 95, 0.000, 0.080
4, 96, 0.000, 0.068
4, 97, 0.000, 0.062
4, 98, 0.000, 0.070
4, 99, 0.000, 0.071
4, 100, 0.000, 0.120
5, 0, 220.330, 0.004
5, 1, 166.003, 0.075
5, 2, 166.003, 0.058
5, 3, 133.086, 35.687
5, 4, 133.086, 0.050
5, 5, 133.086, 0.083
5, 6, 133.086, 0.080
5, 7, 133.086, 0.075
5, 8, 133.086, 0.053
5, 9, 129.179, 86.124
5, 10, 109.330, 0.049
5, 11, 109.330, 0.053
5, 12, 109.330, 0.062
5, 13, 109.330, 19.282
5, 14, 109.330, 0.073
5, 15, 109.330, 0.053
5, 16, 109.330, 0.060
5, 17, 0.763, 169.403
5, 18, 0.763, 0.057
5, 19, 40.883, 0.134
5, 20, 0.763, 0.082
5, 21, 0.763, 0.054
5, 22, 0.763, 0.052
5, 23, 0.763, 0.056
5, 24, 0.763, 36.788
5, 25, 0.763, 0.053
5, 26, 0.763, 0.076
5, 27, 0.763, 0.056
5, 28, 0.763, 0.052
5, 29, 0.763, 0.054
5, 30, 0.763, 0.073
5, 31, 0.763, 0.063
5, 32, 0.763, 0.054
5, 33, 0.763, 0.054
5, 34, 0.763, 0.055
5, 35, 0.763, 0.061
5, 36, 0.763, 0.067
5, 37, 0.763, 0.056
5, 38, 0.000, 426.533
5, 39, 0.000, 0.055
5, 40, 0.000, 0.074
5, 41, 0.000, 0.058
5, 42, 0.000, 0.070
5, 43, 0.000, 0.074
5, 44, 0.000, 0.061
5, 45, 0.000, 0.066
5, 46, 0.000, 0.067
5, 47, 0.000, 0.053
5, 48, 0.000, 0.050
5, 49, 0.000, 0.051
5, 50, 0.000, 0.050
5, 51, 0.000, 0.050
5, 52, 0.000, 0.051
5, 53, 0.000, 0.052
5, 54, 0.000, 0.058
5, 55, 0.000, 0.068
5, 56, 0.000, 0.057
5, 57, 0.000, 0.061
5, 58, 0.000, 0.058
5, 59, 0.000, 0.068
5, 60, 0.000, 0.061
5, 61, 0.000, 0.073
5, 62, 0.000, 0.057
5, 63, 0.000, 0.054
5, 64, 0.000, 0.063
5, 65, 0.000, 0.057
5, 66, 0.000, 0.051
5, 67, 0.000, 0.058
5, 68, 0.000, 0.064
5, 69, 0.000, 0.058
5, 70, 0.000, 0.055
5, 71, 0.000, 0.061
5, 72, 0.000, 0.062
5, 73, 0.000, 0.073
5, 74, 0.000, 0.085
5, 75, 0.000, 944.257
5, 76, 0.000, 0.079
5, 77, 0.000, 0.064
5, 78, 0.000, 0.060
5, 79, 0.000, 0.059
5, 80, 0.000, 0.053
5, 81, 0.000, 0.056
5, 82, 0.000, 0.069
5, 83, 0.000, 0.065
5, 84, 0.000, 0.051
5, 85, 0.000, 0.071
5, 86, 0.000, 0.067
5, 87, 0.000, 0.053
5, 88, 0.000, 0.069
5, 89, 0.000, 0.067
5, 90, 0.000, 0.057
5, 91, 0.000, 0.062
5, 92, 0.000, 0.056
5, 93, 0.000, 0.073
5, 94, 0.000, 0.060
5, 95, 0.000, 285.583
5, 96, 0.000, 0.056
5, 97, 0.000, 0.076
5, 98, 0.000, 0.052
5, 99, 0.000, 0.056
5, 100, 0.000, 0.098
6, 0, 212.176, 0.006
6, 1, 133.554, 0.062
6, 2, 133.554, 0.056
6, 3, 149.978, 38.863
6, 4, 149.978, 0.073
6, 5, 144.067, 62.590
6, 6, 144.067, 0.072
6, 7, 144.067, 0.062
6, 8, 144.067, 0.081
6, 9, 122.590, 79.075
6, 10, 122.590, 0.075
6, 11, 81.506, 0.054
6, 12, 81.506, 12.316
6, 13, 57.645, 129.511
6, 14, 57.645, 0.078
6, 15, 56.722, 0.069
6, 16, 56.722, 0.067
6, 17, 45.661, 187.496
6, 18, 33.959, 0.056
6, 19, 33.959, 92.603
6, 20, 33.959, 0.070
6, 21, 33.959, 0.080
6, 22, 33.959, 0.073
6, 23, 33.959, 0.054
6, 24, 13.446, 258.495
6, 25, 13.446, 0.057
6, 26, 2.392, 391.162
6, 27, 2.392, 0.086
6, 28, 2.392, 0.054
6, 29, 0.000, 415.959
6, 30, 0.000, 0.066
6, 31, 0.000, 0.064
6, 32, 2.392, 407.792
6, 33, 0.000, 0.049
6, 34, 0.000, 0.047
6, 35, 0.000, 0.047
6, 36, 0.000, 0.046
6, 37, 0.000, 0.048
6, 38, 0.000, 0.047
6, 39, 0.000, 0.050
6, 40, 0.000, 0.045
6, 41, 0.000, 0.050
6, 42, 0.000, 0.047
6, 43, 0.000, 0.051
6, 44, 0.000, 0.047
6, 45, 0.000, 0.048
6, 46, 0.000, 0.047
6, 47, 0.000, 0.051
6, 48, 0.000, 0.047
6, 49, 0.000, 0.048
6, 50, 0.000, 0.048
6, 51, 0.000, 0.048
6, 52, 0.000, 0.049
6, 53, 0.000, 0.052
6, 54, 0.000, 0.049
6, 55, 0.000, 0.050
6, 56, 0.000, 0.048
6, 57, 0.000, 0.057
6, 58, 0.000, 0.048
6, 59, 0.000, 0.051
6, 60, 0.000, 0.048
6, 61, 0.000, 0.054
6, 62, 0.000, 0.057
6, 63, 0.000, 0.053
6, 64, 0.000, 0.048
6, 65, 0.000, 0.052
6, 66, 0.000, 0.068
6, 67, 0.000, 0.074
6, 68, 0.000, 0.060
6, 69, 0.000, 0.066
6, 70, 0.000, 0.051
6, 71, 0.000, 0.049
6, 72, 0.000, 0.058
6, 73, 0.000, 0.071
6, 74, 0.000, 0.055
6, 75, 0.000, 0.058
6, 76, 0.000, 0.047
6, 77, 0.000, 0.126
6, 78, 0.000, 0.124
6, 79, 0.000, 0.051
6, 80, 0.000, 0.125
6, 81, 0.000, 0.050
6, 82, 0.000, 0.103
6, 83, 0.000, 0.076
6, 84, 0.000, 0.124
6, 85, 0.000, 0.125
6, 86, 0.000, 0.111
6, 87, 0.000, 0.077
6, 88, 0.000, 0.116
6, 89, 0.000, 0.102
6, 90, 0.000, 0.053
6, 91, 0.000, 0.143
6, 92, 0.000, 0.139
6, 93, 0.000, 0.144
6, 94, 0.000, 0.123
6, 95, 0.000, 0.142
6, 96, 0.000, 0.139
6, 97, 0.000, 0.148
6, 98, 0.000, 0.142
6, 99, 0.000, 0.145
6, 100, 0.000, 0.141
7, 0, 246.015, 0.002
7, 1, 107.020, 0.070
7, 2, 107.020, 0.047
7, 3, 107.020, 20.093
7, 4, 107.020, 0.065
7, 5, 107.020, 0.050
7, 6, 107.020, 0.048
7, 7, 107.020, 0.049
7, 8, 107.020, 0.065
7, 9, 107.020, 24.252
7, 10, 107.020, 0.047
7, 11, 107.020, 0.049
7, 12, 107.020, 0.048
7, 13, 4.715, 110.486
7, 14, 4.715, 0.064
7, 15, 4.715, 0.069
7, 16, 4.715, 0.047
7, 17, 4.715, 0.049
7, 18, 4.715, 0.047
7, 19, 4.715, 0.049
7, 20, 4.715, 0.066
7, 21, 4.715, 0.089
7, 22, 0.000, 196.215
7, 23, 0.000, 0.047
7, 24, 0.000, 0.048
7, 25, 0.000, 0.049
7, 26, 0.000, 0.063
7, 27, 0.000, 0.068
7, 28, 0.000, 0.064
7, 29, 0.000, 0.067
7, 30, 0.000, 0.048
7, 31, 0.000, 39.630
7, 32, 0.000, 0.046
7, 33, 0.000, 0.049
7, 34, 0.000, 0.047
7, 35, 0.000, 0.049
7, 36, 0.000, 0.064
7, 37, 0.000, 0.047
7, 38, 0.000, 0.045
7, 39, 0.000, 0.067
7, 40, 0.000, 0.045
7, 41, 0.000, 0.049
7, 42, 0.000, 0.046
7, 43, 0.000, 0.048
7, 44, 0.000, 0.047
7, 45, 0.000, 0.048
7, 46, 0.000, 0.046
7, 47, 0.000, 0.049
7, 48, 0.000, 0.046
7, 49, 0.000, 0.049
7, 50, 0.000, 0.047
7, 51, 0.000, 0.047
7, 52, 0.000, 0.045
7, 53, 0.000, 0.048
7, 54, 0.000, 0.045
7, 55, 0.000, 0.047
7, 56, 0.000, 0.047
7, 57, 0.000, 0.047
7, 58, 0.000, 0.049
7, 59, 0.000, 0.048
7, 60, 0.000, 0.046
7, 61, 0.000, 0.053
7, 62, 0.000, 0.053
7, 63, 0.000, 0.048
7, 64, 0.000, 0.050
7, 65, 0.000, 0.049
7, 66, 0.000, 0.047
7, 67, 0.000, 0.050
7, 68, 0.000, 0.047
7, 69, 0.000, 0.055
7, 70, 0.000, 0.047
7, 71, 0.000, 0.049
7, 72, 0.000, 0.047
7, 73, 0.000, 0.048
7, 74, 0.000, 0.048
7, 75, 0.000, 0.048
7, 76, 0.000, 0.045
7, 77, 0.000, 0.059
7, 78, 0.000, 0.047
7, 79, 0.000, 0.055
7, 80, 0.000, 0.057
7, 81, 0.000, 0.050
7, 82, 0.000, 0.047
7, 83, 0.000, 0.049
7, 84, 0.000, 0.049
7, 85, 0.000, 0.058
7, 86, 0.000, 0.048
7, 87, 0.000, 0.052
7, 88, 0.000, 0.049
7, 89, 0.000, 0.056
7, 90, 0.000, 0.058
7, 91, 0.000, 0.054
7, 92, 0.000, 0.050
7, 93, 0.000, 0.049
7, 94, 0.000, 0.062
7, 95, 0.000, 0.048
7, 96, 0.000, 0.068
7, 97, 0.000, 0.050
7, 98, 0.000, 0.052
7, 99, 0.000, 0.061
7, 100, 0.000, 0.060
8, 0, 171.193, 0.002
8, 1, 95.470, 0.049
8, 2, 95.470, 0.047
8, 3, 95.470, 0.048
8, 4, 95.470, 14.615
8, 5, 95.470, 0.049
8, 6, 84.499, 0.065
8, 7, 84.499, 19.651
8, 8, 84.499, 0.069
8, 9, 27.617, 91.350
8, 10, 19.746, 120.357
8, 11, 10.529, 0.083
8, 12, 10.529, 0.065
8, 13, 10.529, 0.049
8, 14, 10.529, 0.048
8, 15, 10.529, 0.106
8, 16, 9.216, 206.659
8, 17, 9.216, 0.065
8, 18, 9.216, 0.047
8, 19, 9.216, 0.049
8, 20, 9.216, 0.048
8, 21, 9.216, 0.048
8, 22, 9.216, 0.048
8, 23, 9.216, 0.049
8, 24, 9.216, 0.048
8, 25, 9.216, 48.694
8, 26, 0.000, 0.048
8, 27, 0.000, 0.069
8, 28, 0.000, 0.046
8, 29, 0.000, 78.867
8, 30, 0.000, 0.046
8, 31, 0.000, 0.050
8, 32, 0.000, 0.047
8, 33, 0.000, 0.048
8, 34, 0.000, 0.045
8, 35, 0.000, 0.049
8, 36, 0.000, 0.046
8, 37, 0.000, 0.048
8, 38, 0.000, 0.045
8, 39, 0.000, 0.048
8, 40, 0.000, 0.045
8, 41, 0.000, 0.050
8, 42, 0.000, 0.045
8, 43, 0.000, 0.047
8, 44, 0.000, 0.045
8, 45, 0.000, 0.047
8, 46, 0.000, 0.046
8, 47, 0.000, 0.054
8, 48, 0.000, 0.044
8, 49, 0.000, 0.050
8, 50, 0.000, 0.047
8, 51, 0.000, 0.050
8, 52, 0.000, 0.047
8, 53, 0.000, 0.059
8, 54, 0.000, 0.047
8, 55, 0.000, 0.060
8, 56, 0.000, 0.047
8, 57, 0.000, 0.050
8, 58, 0.000, 0.056
8, 59, 0.000, 0.059
8, 60, 0.000, 0.059
8, 61, 0.000, 0.053
8, 62, 0.000, 0.073
8, 63, 0.000, 0.064
8, 64, 0.000, 0.060
8, 65, 0.000, 0.052
8, 66, 0.000, 0.046
8, 67, 0.000, 0.064
8, 68, 0.000, 0.074
8, 69, 0.000, 0.050
8, 70, 0.000, 0.057
8, 71, 0.000, 0.059
8, 72, 0.000, 0.061
8, 73, 0.000, 0.050
8, 74, 0.000, 0.049
8, 75, 0.000, 0.060
8, 76, 0.000, 0.053
8, 77, 0.000, 0.069
8, 78, 0.000, 0.063
8, 79, 0.000, 0.098
8, 80, 0.000, 0.090
8, 81, 0.000, 0.082
8, 82, 0.000, 0.053
8, 83, 0.000, 0.111
8, 84, 0.000, 0.124
8, 85, 0.000, 0.095
8, 86, 0.000, 0.122
8, 87, 0.000, 0.051
8, 88, 0.000, 0.046
8, 89, 0.000, 0.068
8, 90, 0.000, 0.123
8, 91, 0.000, 0.126
8, 92, 0.000, 0.063
8, 93, 0.000, 0.055
8, 94, 0.000, 0.141
8, 95, 0.000, 0.099
8, 96, 0.000, 0.105
8, 97, 0.000, 0.125
8, 98, 0.000, 0.123
8, 99, 0.000, 0.144
8, 100, 0.000, 0.143
9, 0, 127.124, 0.002
9, 1, 95.408, 0.090
9, 2, 72.851, 29.168
9, 3, 56.581, 0.047
9, 4, 56.581, 20.856
9, 5, 56.581, 0.049
9, 6, 56.581, 0.048
9, 7, 93.937, 0.088
9, 8, 16.873, 62.245
9, 9, 16.873, 0.048
9, 10, 16.873, 0.048
9, 11, 16.873, 0.068
9, 12, 0.000, 106.824
9, 13, 0.000, 0.047
9, 14, 0.000, 0.047
9, 15, 0.000, 0.050
9, 16, 0.000, 0.048
9, 17, 0.000, 0.067
9, 18, 0.000, 0.048
9, 19, 0.000, 0.048
9, 20, 0.000, 0.046
9, 21, 0.000, 0.069
9, 22, 0.000, 0.047
9, 23, 0.000, 0.049
9, 24, 0.000, 0.047
9, 25, 0.000, 64.164
9, 26, 0.000, 0.046
9, 27, 0.000, 0.049
9, 28, 0.000, 0.048
9, 29, 0.000, 0.050
9, 30, 0.000, 0.047
9, 31, 0.000, 0.048
9, 32, 0.000, 0.047
9, 33, 0.000, 0.049
9, 34, 0.000, 0.046
9, 35, 0.000, 0.050
9, 36, 0.000, 0.048
9, 37, 0.000, 0.067
9, 38, 0.000, 0.046
9, 39, 0.000, 0.050
9, 40, 0.000, 0.045
9, 41, 0.000, 0.048
9, 42, 0.000, 0.048
9, 43, 0.000, 0.049
9, 44, 0.000, 0.046
9, 45, 0.000, 0.049
9, 46, 0.000, 0.046
9, 47, 0.000, 0.049
9, 48, 0.000, 0.046
9, 49, 0.000, 0.048
9, 50, 0.000, 0.047
9, 51, 0.000, 0.049
9, 52, 0.000, 0.047
9, 53, 0.000, 0.048
9, 54, 0.000, 0.046
9, 55, 0.000, 0.049
9, 56, 0.000, 0.048
9, 57, 0.000, 0.048
9, 58, 0.000, 0.046
9, 59, 0.000, 0.050
9, 60, 0.000, 0.050
9, 61, 0.000, 0.048
9, 62, 0.000, 0.047
9, 63, 0.000, 0.048
9, 64, 0.000, 0.046
9, 65, 0.000, 0.050
9, 66, 0.000, 0.046
9, 67, 0.000, 0.057
9, 68, 0.000, 0.051
9, 69, 0.000, 0.049
9, 70, 0.000, 0.050
9, 71, 0.000, 0.054
9, 72, 0.000, 0.046
9, 73, 0.000, 0.048
9, 74, 0.000, 0.049
9, 75, 0.000, 0.049
9, 76, 0.000, 0.050
9, 77, 0.000, 0.051
9, 78, 0.000, 0.046
9, 79, 0.000, 0.050
9, 80, 0.000, 0.051
9, 81, 0.000, 0.055
9, 82, 0.000, 0.048
9, 83, 0.000, 0.048
9, 84, 0.000, 0.053
9, 85, 0.000, 0.051
9, 86, 0.000, 0.047
9, 87, 0.000, 0.059
9, 88, 0.000, 0.046
9, 89, 0.000, 0.047
9, 90, 0.000, 0.085
9, 91, 0.000, 0.050
9, 92, 0.000, 0.056
9, 93, 0.000, 0.052
9, 94, 0.000, 16.414
9, 95, 0.000, 0.067
9, 96, 0.000, 0.054
9, 97, 0.000, 0.047
9, 98, 0.000, 0.049
9, 99, 0.000, 0.076
9, 100, 0.000, 0.051
10, 0, 8.251, 0.002
10, 1, 177.227, 0.068
10, 2, 177.227, 0.052
10, 3, 145.915, 39.516
10, 4, 184.004, 0.064
10, 5, 184.004, 0.049
10, 6, 184.004, 0.048
10, 7, 184.004, 0.049
10, 8, 91.569, 64.368
10, 9, 91.569, 0.066
10, 10, 91.569, 0.066
10, 11, 66.842, 117.993
10, 12, 66.842, 0.047
10, 13, 24.604, 154.115
10, 14, 24.604, 0.063
10, 15, 24.604, 0.070
10, 16, 4.101, 133.289
10, 17, 4.101, 0.048
10, 18, 4.101, 0.049
10, 19, 4.101, 0.050
10, 20, 4.101, 0.049
10, 21, 4.101, 51.468
10, 22, 4.101, 0.046
10, 23, 4.101, 0.047
10, 24, 0.000, 282.888
10, 25, 0.000, 0.046
10, 26, 0.000, 0.048
10, 27, 0.000, 0.048
10, 28, 0.000, 0.046
10, 29, 0.000, 0.047
10, 30, 0.000, 0.047
10, 31, 0.000, 0.049
10, 32, 0.000, 0.047
10, 33, 0.000, 0.048
10, 34, 0.000, 0.046
10, 35, 0.000, 0.049
10, 36, 0.000, 0.047
10, 37, 0.000, 0.049
10, 38, 0.000, 0.047
10, 39, 0.000, 0.049
10, 40, 0.000, 0.052
10, 41, 0.000, 0.056
10, 42, 0.000, 0.047
10, 43, 0.000, 0.050
10, 44, 0.000, 0.047
10, 45, 0.000, 0.049
10, 46, 0.000, 0.046
10, 47, 0.000, 0.050
10, 48, 0.000, 0.047
10, 49, 0.000, 0.055
10, 50, 0.000, 0.048
10, 51, 0.000, 0.048
10, 52, 0.000, 0.049
10, 53, 0.000, 0.048
10, 54, 0.000, 0.059
10, 55, 0.000, 0.054
10, 56, 0.000, 0.048
10, 57, 0.000, 0.056
10, 58, 0.000, 0.048
10, 59, 0.000, 0.049
10, 60, 0.000, 0.050
10, 61, 0.000, 0.057
10, 62, 0.000, 0.051
10, 63, 0.000, 0.066
10, 64, 0.000, 0.060
10, 65, 0.000, 0.048
10, 66, 0.000, 0.057
10, 67, 0.000, 0.069
10, 68, 0.000, 0.072
10, 69, 0.000, 955.412
10, 70, 0.000, 0.045
10, 71, 0.000, 0.051
10, 72, 0.000, 0.045
10, 73, 0.000, 0.049
10, 74, 0.000, 0.048
10, 75, 0.000, 0.050
10, 76, 0.000, 0.047
10, 77, 0.000, 0.047
10, 78, 0.000, 0.050
10, 79, 0.000, 0.049
10, 80, 0.000, 0.054
10, 81, 0.000, 0.050
10, 82, 0.000, 0.052
10, 83, 0.000, 0.056
10, 84, 0.000, 0.048
10, 85, 0.000, 0.058
10, 86, 0.000, 0.048
10, 87, 0.000, 0.051
10, 88, 0.000, 0.056
10, 89, 0.000, 0.057
10, 90, 0.000, 0.055
10, 91, 0.000, 0.052
10, 92, 0.000, 0.080
10, 93, 0.000, 0.048
10, 94, 0.000, 0.068
10, 95, 0.000, 0.076
10, 96, 0.000, 0.096
10, 97, 0.000, 267.060
10, 98, 0.000, 0.092
10, 99, 0.000, 0.048
10, 100, 0.000, 0.110
11, 0, 170.338, 0.002
11, 1, 106.426, 0.048
11, 2, 106.426, 0.048
11, 3, 94.217, 35.797
11, 4, 94.217, 0.046
11, 5, 53.264, 0.068
11, 6, 53.264, 0.065
11, 7, 53.264, 0.048
11, 8, 53.264, 25.106
11, 9, 53.264, 0.049
11, 10, 53.264, 0.048
11, 11, 53.264, 0.049
11, 12, 53.264, 0.047
11, 13, 17.501, 132.352
11, 14, 17.501, 0.064
11, 15, 17.501, 0.068
11, 16, 17.501, 0.048
11, 17, 17.501, 0.049
11, 18, 17.501, 0.048
11, 19, 17.501, 0.047
11, 20, 17.501, 0.083
11, 21, 17.501, 0.069
11, 22, 17.501, 0.063
11, 23, 17.501, 28.692
11, 24, 5.400, 247.490
11, 25, 5.400, 0.048
11, 26, 5.400, 0.046
11, 27, 5.400, 0.049
11, 28, 5.400, 0.048
11, 29, 5.400, 0.050
11, 30, 5.400, 0.046
11, 31, 0.000, 364.253
11, 32, 0.000, 0.047
11, 33, 0.000, 0.050
11, 34, 0.000, 0.048
11, 35, 0.000, 0.048
11, 36, 0.000, 0.048
11, 37, 0.000, 0.055
11, 38, 0.000, 0.067
11, 39, 0.000, 0.049
11, 40, 0.000, 0.046
11, 41, 0.000, 0.048
11, 42, 0.000, 0.048
11, 43, 0.000, 0.048
11, 44, 0.000, 0.047
11, 45, 0.000, 0.047
11, 46, 0.000, 0.047
11, 47, 0.000, 0.048
11, 48, 0.000, 0.047
11, 49, 0.000, 0.049
11, 50, 0.000, 0.046
11, 51, 0.000, 0.048
11, 52, 0.000, 0.046
11, 53, 0.000, 0.047
11, 54, 0.000, 0.053
11, 55, 0.000, 0.047
11, 56, 0.000, 0.047
11, 57, 0.000, 0.046
11, 58, 0.000, 0.047
11, 59, 0.000, 0.049
11, 60, 0.000, 0.049
11, 61, 0.000, 0.050
11, 62, 0.000, 0.047
11, 63, 0.000, 0.047
11, 64, 0.000, 0.047
11, 65, 0.000, 0.048
11, 66, 0.000, 0.055
11, 67, 0.000, 0.049
11, 68, 0.000, 0.050
11, 69, 0.000, 0.052
11, 70, 0.000, 0.048
11, 71, 0.000, 0.052
11, 72, 0.000, 0.049
11, 73, 0.000, 0.052
11, 74, 0.000, 0.052
11, 75, 0.000, 0.062
11, 76, 0.000, 0.062
11, 77, 0.000, 1098.182
11, 78, 0.000, 0.048
11, 79, 0.000, 0.050
11, 80, 0.000, 0.050
11, 81, 0.000, 0.052
11, 82, 0.000, 0.047
11, 83, 0.000, 0.052
11, 84, 0.000, 0.048
11, 85, 0.000, 0.049
11, 86, 0.000, 0.054
11, 87, 0.000, 0.049
11, 88, 0.000, 0.055
11, 89, 0.000, 0.062
11, 90, 0.000, 0.060
11, 91, 0.000, 0.064
11, 92, 0.000, 0.064
11, 93, 0.000, 0.049
11, 94, 0.000, 0.065
11, 95, 0.000, 0.057
11, 96, 0.000, 0.049
11, 97, 0.000, 0.072
11, 98, 0.000, 0.061
11, 99, 0.000, 0.055
11, 100, 0.000, 0.066
12, 0, 155.431, 0.002
12, 1, 56.542, 0.089
12, 2, 56.542, 0.048
12, 3, 56.542, 16.980
12, 4, 56.542, 0.066
12, 5, 42.288, 56.600
12, 6, 42.288, 0.065
12, 7, 4.760, 73.231
12, 8, 4.760, 0.063
12, 9, 4.760, 0.067
12, 10, 4.760, 0.066
12, 11, 4.760, 0.050
12, 12, 4.760, 0.048
12, 13, 4.760, 0.049
12, 14, 4.760, 0.049
12, 15, 4.760, 13.562
12, 16, 4.760, 0.048
12, 17, 4.760, 0.049
12, 18, 4.760, 0.047
12, 19, 4.760, 0.049
12, 20, 4.760, 0.067
12, 21, 4.760, 0.068
12, 22, 4.760, 0.047
12, 23, 4.760, 63.154
12, 24, 4.760, 0.065
12, 25, 0.000, 248.740
12, 26, 0.000, 0.062
12, 27, 0.000, 0.048
12, 28, 0.000, 0.062
12, 29, 0.000, 0.049
12, 30, 0.000, 0.046
12, 31, 0.000, 0.048
12, 32, 0.000, 0.048
12, 33, 0.000, 0.048
12, 34, 0.000, 0.046
12, 35, 0.000, 0.048
12, 36, 0.000, 0.048
12, 37, 0.000, 0.047
12, 38, 0.000, 0.046
12, 39, 0.000, 0.048
12, 40, 0.000, 0.050
12, 41, 0.000, 0.050
12, 42, 0.000, 0.045
12, 43, 0.000, 0.049
12, 44, 0.000, 0.046
12, 45, 0.000, 0.047
12, 46, 0.000, 0.047
12, 47, 0.000, 0.048
12, 48, 0.000, 0.046
12, 49, 0.000, 0.049
12, 50, 0.000, 0.047
12, 51, 0.000, 0.047
12, 52, 0.000, 0.047
12, 53, 0.000, 0.048
12, 54, 0.000, 0.053
12, 55, 0.000, 0.047
12, 56, 0.000, 0.051
12, 57, 0.000, 0.048
12, 58, 0.000, 0.049
12, 59, 0.000, 0.050
12, 60, 0.000, 0.055
12, 61, 0.000, 0.052
12, 62, 0.000, 0.049
12, 63, 0.000, 0.052
12, 64, 0.000, 0.047
12, 65, 0.000, 0.049
12, 66, 0.000, 0.054
12, 67, 0.000, 0.049
12, 68, 0.000, 0.046
12, 69, 0.000, 0.092
12, 70, 0.000, 0.047
12, 71, 0.000, 0.060
12, 72, 0.000, 0.099
12, 73, 0.000, 0.049
12, 74, 0.000, 0.049
12, 75, 0.000, 0.071
12, 76, 0.000, 0.056
12, 77, 0.000, 0.087
12, 78, 0.000, 0.050
12, 79, 0.000, 0.056
12, 80, 0.000, 0.048
12, 81, 0.000, 0.071
12, 82, 0.000, 0.049
12, 83, 0.000, 0.058
12, 84, 0.000, 0.103
12, 85, 0.000, 0.053
12, 86, 0.000, 0.061
12, 87, 0.000, 0.086
12, 88, 0.000, 0.122
12, 89, 0.000, 0.083
12, 90, 0.000, 0.059
12, 91, 0.000, 0.064
12, 92, 0.000, 0.111
12, 93, 0.000, 0.072
12, 94, 0.000, 0.073
12, 95, 0.000, 0.066
12, 96, 0.000, 0.073
12, 97, 0.000, 0.091
12, 98, 0.000, 0.058
12, 99, 0.000, 0.064
12, 100, 0.000, 0.073
13, 0, 123.946, 0.002
13, 1, 159.180, 0.048
13, 2, 147.158, 25.860
13, 3, 147.158, 0.048
13, 4, 79.337, 41.239
13, 5, 79.337, 0.085
13, 6, 73.038, 72.459
13, 7, 73.038, 0.066
13, 8, 36.946, 0.086
13, 9, 36.946, 0.050
13, 10, 36.946, 0.048
13, 11, 36.946, 0.049
13, 12, 36.946, 0.068
13, 13, 30.761, 122.632
13, 14, 30.761, 0.046
13, 15, 30.761, 0.048
13, 16, 31.194, 172.041
13, 17, 5.406, 0.047
13, 18, 5.406, 0.049
13, 19, 5.406, 0.067
13, 20, 5.406, 0.047
13, 21, 5.406, 0.049
13, 22, 0.432, 254.911
13, 23, 0.432, 0.047
13, 24, 0.432, 0.065
13, 25, 0.432, 0.048
13, 26, 0.432, 0.047
13, 27, 0.432, 0.050
13, 28, 0.432, 0.065
13, 29, 0.432, 0.048
13, 30, 0.432, 0.048
13, 31, 0.432, 0.049
13, 32, 0.432, 0.046
13, 33, 0.432, 0.049
13, 34, 0.432, 0.047
13, 35, 0.432, 0.047
13, 36, 0.432, 0.047
13, 37, 0.432, 0.049
13, 38, 0.432, 0.047
13, 39, 0.432, 0.048
13, 40, 0.432, 0.047
13, 41, 0.432, 0.049
13, 42, 0.432, 0.047
13, 43, 0.432, 0.048
13, 44, 0.432, 0.046
13, 45, 0.432, 0.049
13, 46, 0.432, 0.049
13, 47, 0.432, 0.049
13, 48, 0.432, 0.046
13, 49, 0.432, 0.048
13, 50, 0.432, 0.046
13, 51, 0.432, 0.047
13, 52, 0.432, 0.046
13, 53, 0.432, 0.055
13, 54, 0.432, 0.046
13, 55, 0.432, 0.051
13, 56, 0.432, 0.046
13, 57, 0.432, 0.051
13, 58, 0.432, 0.046
13, 59, 0.432, 0.053
13, 60, 0.432, 0.051
13, 61, 0.432, 0.057
13, 62, 0.432, 0.046
13, 63, 0.432, 0.051
13, 64, 0.432, 0.049
13, 65, 0.432, 0.055
13, 66, 0.432, 0.047
13, 67, 0.432, 0.060
13, 68, 0.432, 0.059
13, 69, 0.432, 0.072
13, 70, 0.432, 0.059
13, 71, 0.432, 977.129
13, 72, 0.432, 0.051
13, 73, 0.432, 0.063
13, 74, 0.432, 0.056
13, 75, 0.432, 0.082
13, 76, 0.432, 0.056
13, 77, 0.432, 0.085
13, 78, 0.432, 0.061
13, 79, 0.432, 0.066
13, 80, 0.432, 0.057
13, 81, 0.432, 0.054
13, 82, 0.432, 0.075
13, 83, 0.432, 213.078
13, 84, 0.432, 0.053
13, 85, 0.432, 0.055
13, 86, 0.432, 0.052
13, 87, 0.432, 0.062
13, 88, 0.432, 0.056
13, 89, 0.432, 0.056
13, 90, 0.432, 0.051
13, 91, 0.432, 0.057
13, 92, 0.432, 0.053
13, 93, 0.432, 0.059
13, 94, 0.432, 0.058
13, 95, 0.432, 0.068
13, 96, 0.432, 0.053
13, 97, 0.432, 0.060
13, 98, 0.432, 0.060
13, 99, 0.432, 0.059
13, 100, 0.432, 0.054
14, 0, 255.191, 0.003
14, 1, 174.228, 0.078
14, 2, 174.228, 0.077
14, 3, 88.452, 39.086
14, 4, 67.612, 0.048
14, 5, 67.612, 19.781
14, 6, 67.612, 0.051
14, 7, 67.612, 0.076
14, 8, 67.612, 0.051
14, 9, 67.612, 0.075
14, 10, 67.612, 0.049
14, 11, 25.873, 95.968
14, 12, 25.873, 0.049
14, 13, 25.873, 0.075
14, 14, 25.873, 0.099
14, 15, 25.873, 0.073
14, 16, 17.436, 168.646
14, 17, 17.436, 0.053
14, 18, 17.436, 0.051
14, 19, 17.436, 0.060
14, 20, 17.436, 0.051
14, 21, 17.436, 0.056
14, 22, 17.436, 0.071
14, 23, 17.436, 0.059
14, 24, 17.436, 0.084
14, 25, 17.436, 0.055
14, 26, 17.436, 0.058
14, 27, 17.436, 0.059
14, 28, 17.436, 0.060
14, 29, 0.000, 326.111
14, 30, 0.000, 0.064
14, 31, 0.000, 0.064
14, 32, 0.000, 0.078
14, 33, 0.000, 0.054
14, 34, 0.000, 0.051
14, 35, 0.000, 0.057
14, 36, 0.000, 0.051
14, 37, 0.000, 0.076
14, 38, 0.000, 0.060
14, 39, 0.000, 0.053
14, 40, 0.000, 0.050
14, 41, 0.000, 0.053
14, 42, 0.000, 0.055
14, 43, 0.000, 0.053
14, 44, 0.000, 0.053
14, 45, 0.000, 0.053
14, 46, 0.000, 0.053
14, 47, 0.000, 0.062
14, 48, 0.000, 0.066
14, 49, 0.000, 0.055
14, 50, 0.000, 0.073
14, 51, 0.000, 0.057
14, 52, 0.000, 0.065
14, 53, 0.000, 0.060
14, 54, 0.000, 0.059
14, 55, 0.000, 0.059
14, 56, 0.000, 0.061
14, 57, 0.000, 0.055
14, 58, 0.000, 0.066
14, 59, 0.000, 0.065
14, 60, 0.000, 0.071
14, 61, 0.000, 0.090
14, 62, 0.000, 0.062
14, 63, 0.000, 0.059
14, 64, 0.000, 0.054
14, 65, 0.000, 0.068
14, 66, 0.000, 0.067
14, 67, 0.000, 0.055
14, 68, 0.000, 0.087
14, 69, 0.000, 0.054
14, 70, 0.000, 0.070
14, 71, 0.000, 0.073
14, 72, 0.000, 0.131
14, 73, 0.000, 0.054
14, 74, 0.000, 0.079
14, 75, 0.000, 0.061
14, 76, 0.000, 0.111
14, 77, 0.000, 0.099
14, 78, 0.000, 0.093
14, 79, 0.000, 0.110
14, 80, 0.000, 0.143
14, 81, 0.000, 0.160
14, 82, 0.000, 0.052
14, 83, 0.000, 0.078
14, 84, 0.000, 0.108
14, 85, 0.000, 0.129
14, 86, 0.000, 0.164
14, 87, 0.000, 0.065
14, 88, 0.000, 0.177
14, 89, 0.000, 0.187
14, 90, 0.000, 0.100
14, 91, 0.000, 0.187
14, 92, 0.000, 0.176
14, 93, 0.000, 0.118
14, 94, 0.000, 0.069
14, 95, 0.000, 0.176
14, 96, 0.000, 0.156
14, 97, 0.000, 0.181
14, 98, 0.000, 0.084
14, 99, 0.000, 0.188
14, 100, 0.000, 0.190
15, 0, 139.826, 0.003
15, 1, 212.487, 0.081
15, 2, 190.891, 30.014
15, 3, 164.781, 0.060
15, 4, 164.781, 18.179
15, 5, 86.671, 0.079
15, 6, 59.613, 57.616
15, 7, 59.613, 0.087
15, 8, 59.613, 0.055
15, 9, 59.613, 0.052
15, 10, 59.613, 0.053
15, 11, 29.522, 98.693
15, 12, 29.522, 0.060
15, 13, 22.289, 0.056
15, 14, 22.289, 0.050
15, 15, 22.289, 19.741
15, 16, 22.289, 0.054
15, 17, 22.289, 0.056
15, 18, 22.289, 0.058
15, 19, 16.561, 210.283
15, 20, 16.561, 0.050
15, 21, 5.718, 225.274
15, 22, 5.718, 0.081
15, 23, 5.718, 0.059
15, 24, 2.363, 290.122
15, 25, 0.000, 314.121
15, 26, 0.000, 0.051
15, 27, 0.000, 0.056
15, 28, 0.000, 0.050
15, 29, 0.000, 0.080
15, 30, 0.000, 0.064
15, 31, 0.000, 0.062
15, 32, 0.000, 0.061
15, 33, 0.000, 0.071
15, 34, 0.000, 0.052
15, 35, 0.000, 0.055
15, 36, 0.000, 0.053
15, 37, 0.000, 0.055
15, 38, 0.000, 0.056
15, 39, 0.000, 0.060
15, 40, 0.000, 0.057
15, 41, 0.000, 0.055
15, 42, 0.000, 0.058
15, 43, 0.000, 0.059
15, 44, 0.000, 0.054
15, 45, 0.000, 0.062
15, 46, 0.000, 0.074
15, 47, 0.000, 0.060
15, 48, 0.000, 0.055
15, 49, 0.000, 0.069
15, 50, 0.000, 0.054
15, 51, 0.000, 0.054
15, 52, 0.000, 0.053
15, 53, 0.000, 0.073
15, 54, 0.000, 0.075
15, 55, 0.000, 0.063
15, 56, 0.000, 0.054
15, 57, 0.000, 0.064
15, 58, 0.000, 0.059
15, 59, 0.000, 0.054
15, 60, 0.000, 0.055
15, 61, 0.000, 0.063
15, 62, 0.000, 0.072
15, 63, 0.000, 0.058
15, 64, 0.000, 0.107
15, 65, 0.000, 0.074
15, 66, 0.000, 0.098
15, 67, 0.000, 0.055
15, 68, 0.000, 0.063
15, 69, 0.000, 0.121
15, 70, 0.000, 0.058
15, 71, 0.000, 0.089
15, 72, 0.000, 0.083
15, 73, 0.000, 0.056
15, 74, 0.000, 0.084
15, 75, 0.000, 0.064
15, 76, 0.000, 0.148
15, 77, 0.000, 0.120
15, 78, 0.000, 0.066
15, 79, 0.000, 0.141
15, 80, 0.000, 0.081
15, 81, 0.000, 0.153
15, 82, 0.000, 0.154
15, 83, 0.000, 0.080
15, 84, 0.000, 0.080
15, 85, 0.000, 0.148
15, 86, 0.000, 0.082
15, 87, 0.000, 0.076
15, 88, 0.000, 0.155
15, 89, 0.000, 0.172
15, 90, 0.000, 0.159
15, 91, 0.000, 0.178
15, 92, 0.000, 0.165
15, 93, 0.000, 0.152
15, 94, 0.000, 0.148
15, 95, 0.000, 0.161
15, 96, 0.000, 0.152
15, 97, 0.000, 0.171
15, 98, 0.000, 0.169
15, 99, 0.000, 0.167
15, 100, 0.000, 0.190
16, 0, 254.306, 0.003
16, 1, 103.383, 0.055
16, 2, 103.383, 0.058
16, 3, 103.383, 13.344
16, 4, 103.383, 0.052
16, 5, 103.383, 0.057
16, 6, 103.383, 0.073
16, 7, 102.996, 62.748
16, 8, 102.996, 0.051
16, 9, 89.712, 91.492
16, 10, 89.712, 0.059
16, 11, 89.712, 0.093
16, 12, 89.712, 0.058
16, 13, 17.389, 96.065
16, 14, 17.389, 0.050
16, 15, 17.389, 0.078
16, 16, 17.389, 0.071
16, 17, 17.389, 0.060
16, 18, 17.389, 0.049
16, 19, 17.389, 0.079
16, 20, 17.389, 0.081
16, 21, 17.389, 0.078
16, 22, 17.389, 56.658
16, 23, 17.389, 0.077
16, 24, 17.389, 0.054
16, 25, 17.389, 0.068
16, 26, 17.389, 0.052
16, 27, 17.389, 0.103
16, 28, 17.389, 0.076
16, 29, 17.389, 0.059
16, 30, 17.389, 0.060
16, 31, 17.389, 0.054
16, 32, 17.389, 0.056
16, 33, 17.389, 0.064
16, 34, 17.389, 0.056
16, 35, 11.035, 361.425
16, 36, 11.035, 0.059
16, 37, 11.035, 0.076
16, 38, 11.035, 0.053
16, 39, 11.035, 0.061
16, 40, 0.000, 436.769
16, 41, 0.000, 0.055
16, 42, 0.000, 0.052
16, 43, 0.000, 0.052
16, 44, 0.000, 0.052
16, 45, 0.000, 0.060
16, 46, 0.000, 0.051
16, 47, 0.000, 0.053
16, 48, 0.000, 0.065
16, 49, 0.000, 0.059
16, 50, 0.000, 0.061
16, 51, 0.000, 0.055
16, 52, 0.000, 0.071
16, 53, 0.000, 0.062
16, 54, 0.000, 0.053
16, 55, 0.000, 0.072
16, 56, 0.000, 0.052
16, 57, 0.000, 0.057
16, 58, 0.000, 0.051
16, 59, 0.000, 0.058
16, 60, 0.000, 0.059
16, 61, 0.000, 0.076
16, 62, 0.000, 0.057
16, 63, 0.000, 0.060
16, 64, 0.000, 0.078
16, 65, 0.000, 0.079
16, 66, 0.000, 0.088
16, 67, 0.000, 0.075
16, 68, 0.000, 0.084
16, 69, 0.000, 0.072
16, 70, 0.000, 0.070
16, 71, 0.000, 0.073
16, 72, 0.000, 0.096
16, 73, 0.000, 0.092
16, 74, 0.000, 0.131
16, 75, 0.000, 0.071
16, 76, 0.000, 0.148
16, 77, 0.000, 0.098
16, 78, 0.000, 0.072
16, 79, 0.000, 0.162
16, 80, 0.000, 0.216
16, 81, 0.000, 0.125
16, 82, 0.000, 0.147
16, 83, 0.000, 0.145
16, 84, 0.000, 0.154
16, 85, 0.000, 0.186
16, 86, 0.000, 0.160
16, 87, 0.000, 0.160
16, 88, 0.000, 0.180
16, 89, 0.000, 0.154
16, 90, 0.000, 0.179
16, 91, 0.000, 0.109
16, 92, 0.000, 0.174
16, 93, 0.000, 0.165
16, 94, 0.000, 0.163
16, 95, 0.000, 0.175
16, 96, 0.000, 0.180
16, 97, 0.000, 0.187
16, 98, 0.000, 0.184
16, 99, 0.000, 0.229
16, 100, 0.000, 0.174
17, 0, 164.922, 0.002
17, 1, 168.743, 0.085
17, 2, 168.743, 0.060
17, 3, 133.010, 36.382
17, 4, 96.215, 56.435
17, 5, 96.215, 0.087
17, 6, 96.215, 0.052
17, 7, 96.215, 0.082
17, 8, 96.215, 0.055
17, 9, 63.458, 72.345
17, 10, 63.458, 0.060
17, 11, 63.458, 0.078
17, 12, 55.414, 131.260
17, 13, 55.414, 0.079
17, 14, 68.047, 0.080
17, 15, 63.185, 178.173
17, 16, 63.185, 0.055
17, 17, 63.185, 0.078
17, 18, 0.000, 0.087
17, 19, 0.000, 0.055
17, 20, 0.000, 60.688
17, 21, 0.000, 0.054
17, 22, 0.000, 0.057
17, 23, 0.000, 0.051
17, 24, 0.000, 0.052
17, 25, 0.000, 0.055
17, 26, 0.000, 0.077
17, 27, 0.000, 0.058
17, 28, 0.000, 0.059
17, 29, 0.000, 0.056
17, 30, 0.000, 0.057
17, 31, 0.000, 0.080
17, 32, 0.000, 0.054
17, 33, 0.000, 0.065
17, 34, 0.000, 0.054
17, 35, 0.000, 0.061
17, 36, 0.000, 0.051
17, 37, 0.000, 0.050
17, 38, 0.000, 0.051
17, 39, 0.000, 0.052
17, 40, 0.000, 0.064
17, 41, 0.000, 0.059
17, 42, 0.000, 0.054
17, 43, 0.000, 0.058
17, 44, 0.000, 0.063
17, 45, 0.000, 0.054
17, 46, 0.000, 0.067
17, 47, 0.000, 0.056
17, 48, 0.000, 0.048
17, 49, 0.000, 0.055
17, 50, 0.000, 0.061
17, 51, 0.000, 0.057
17, 52, 0.000, 0.050
17, 53, 0.000, 0.058
17, 54, 0.000, 0.066
17, 55, 0.000, 0.076
17, 56, 0.000, 0.059
17, 57, 0.000, 0.061
17, 58, 0.000, 0.065
17, 59, 0.000, 0.080
17, 60, 0.000, 0.071
17, 61, 0.000, 0.071
17, 62, 0.000, 0.081
17, 63, 0.000, 0.069
17, 64, 0.000, 0.055
17, 65, 0.000, 0.069
17, 66, 0.000, 0.059
17, 67, 0.000, 0.062
17, 68, 0.000, 0.062
17, 69, 0.000, 0.085
17, 70, 0.000, 0.136
17, 71, 0.000, 0.073
17, 72, 0.000, 0.133
17, 73, 0.000, 0.063
17, 74, 0.000, 0.059
17, 75, 0.000, 0.067
17, 76, 0.000, 0.144
17, 77, 0.000, 0.076
17, 78, 0.000, 0.173
17, 79, 0.000, 0.097
17, 80, 0.000, 0.104
17, 81, 0.000, 0.150
17, 82, 0.000, 0.114
17, 83, 0.000, 0.085
17, 84, 0.000, 0.061
17, 85, 0.000, 0.140
17, 86, 0.000, 0.174
17, 87, 0.000, 0.100
17, 88, 0.000, 0.163
17, 89, 0.000, 0.162
17, 90, 0.000, 0.077
17, 91, 0.000, 0.155
17, 92, 0.000, 0.148
17, 93, 0.000, 0.177
17, 94, 0.000, 0.089
17, 95, 0.000, 0.180
17, 96, 0.000, 0.087
17, 97, 0.000, 0.151
17, 98, 0.000, 0.166
17, 99, 0.000, 0.173
17, 100, 0.000, 0.170
18, 0, 282.221, 0.003
18, 1, 197.727, 0.075
18, 2, 96.495, 28.381
18, 3, 96.495, 0.076
18, 4, 96.495, 0.073
18, 5, 96.495, 0.076
18, 6, 96.495, 0.051
18, 7, 96.495, 23.083
18, 8, 96.495, 0.053
18, 9, 61.571, 98.839
18, 10, 61.571, 0.071
18, 11, 61.571, 0.089
18, 12, 61.571, 0.080
18, 13, 0.000, 0.105
18, 14, 0.000, 36.153
18, 15, 0.000, 0.091
18, 16, 0.000, 0.057
18, 17, 0.000, 0.059
18, 18, 0.000, 0.053
18, 19, 0.000, 0.128
18, 20, 0.000, 0.054
18, 21, 0.000, 0.086
18, 22, 0.000, 0.056
18, 23, 0.000, 0.061
18, 24, 0.000, 0.054
18, 25, 0.000, 0.059
18, 26, 0.000, 39.184
18, 27, 0.000, 0.062
18, 28, 0.000, 0.071
18, 29, 0.000, 0.055
18, 30, 0.000, 0.052
18, 31, 0.000, 0.065
18, 32, 0.000, 0.059
18, 33, 0.000, 0.052
18, 34, 0.000, 0.054
18, 35, 0.000, 0.056
18, 36, 0.000, 0.051
18, 37, 0.000, 0.059
18, 38, 0.000, 0.056
18, 39, 0.000, 0.062
18, 40, 0.000, 0.056
18, 41, 0.000, 0.053
18, 42, 0.000, 0.069
18, 43, 0.000, 0.055
18, 44, 0.000, 0.063
18, 45, 0.000, 0.059
18, 46, 0.000, 0.060
18, 47, 0.000, 0.060
18, 48, 0.000, 0.060
18, 49, 0.000, 0.058
18, 50, 0.000, 0.051
18, 51, 0.000, 0.056
18, 52, 0.000, 0.054
18, 53, 0.000, 0.055
18, 54, 0.000, 0.072
18, 55, 0.000, 0.051
18, 56, 0.000, 0.054
18, 57, 0.000, 0.068
18, 58, 0.000, 0.052
18, 59, 0.000, 0.053
18, 60, 0.000, 0.057
18, 61, 0.000, 0.057
18, 62, 0.000, 0.051
18, 63, 0.000, 0.066
18, 64, 0.000, 0.055
18, 65, 0.000, 0.058
18, 66, 0.000, 0.055
18, 67, 0.000, 0.056
18, 68, 0.000, 0.059
18, 69, 0.000, 0.055
18, 70, 0.000, 0.057
18, 71, 0.000, 0.059
18, 72, 0.000, 0.057
18, 73, 0.000, 0.080
18, 74, 0.000, 0.051
18, 75, 0.000, 0.066
18, 76, 0.000, 0.080
18, 77, 0.000, 0.064
18, 78, 0.000, 0.063
18, 79, 0.000, 0.077
18, 80, 0.000, 0.052
18, 81, 0.000, 0.060
18, 82, 0.000, 0.053
18, 83, 0.000, 0.071
18, 84, 0.000, 0.074
18, 85, 0.000, 0.065
18, 86, 0.000, 0.060
18, 87, 0.000, 0.066
18, 88, 0.000, 0.061
18, 89, 0.000, 0.075
18, 90, 0.000, 0.070
18, 91, 0.000, 0.129
18, 92, 0.000, 0.050
18, 93, 0.000, 0.063
18, 94, 0.000, 0.101
18, 95, 0.000, 0.079
18, 96, 0.000, 0.060
18, 97, 0.000, 0.116
18, 98, 0.000, 0.120
18, 99, 0.000, 0.074
18, 100, 0.000, 0.143
19, 0, 215.862, 0.003
19, 1, 149.546, 0.129
19, 2, 80.721, 30.396
19, 3, 80.721, 0.083
19, 4, 80.721, 0.061
19, 5, 80.721, 0.056
19, 6, 80.710, 74.984
19, 7, 80.710, 0.057
19, 8, 80.710, 0.079
19, 9, 80.710, 0.063
19, 10, 80.710, 0.068
19, 11, 80.710, 0.087
19, 12, 39.252, 133.089
19, 13, 39.252, 0.058
19, 14, 39.252, 0.055
19, 15, 39.252, 0.064
19, 16, 39.252, 0.056
19, 17, 39.252, 0.055
19, 18, 39.252, 0.050
19, 19, 39.252, 0.051
19, 20, 39.252, 0.067
19, 21, 39.252, 0.053
19, 22, 39.252, 0.075
19, 23, 39.252, 29.868
19, 24, 39.252, 0.054
19, 25, 39.252, 0.053
19, 26, 39.252, 0.053
19, 27, 39.252, 0.081
19, 28, 34.086, 345.114
19, 29, 34.086, 0.085
19, 30, 34.086, 0.057
19, 31, 34.086, 0.061
19, 32, 0.000, 370.998
19, 33, 0.000, 0.058
19, 34, 0.000, 0.079
19, 35, 0.000, 0.091
19, 36, 0.000, 0.051
19, 37, 0.000, 0.071
19, 38, 0.000, 0.052
19, 39, 0.000, 0.053
19, 40, 0.000, 0.078
19, 41, 0.000, 0.054
19, 42, 0.000, 0.051
19, 43, 0.000, 0.063
19, 44, 0.000, 0.051
19, 45, 0.000, 0.051
19, 46, 0.000, 0.053
19, 47, 0.000, 0.060
19, 48, 0.000, 0.059
19, 49, 0.000, 0.053
19, 50, 0.000, 0.050
19, 51, 0.000, 0.060
19, 52, 0.000, 0.054
19, 53, 0.000, 0.056
19, 54, 0.000, 0.056
19, 55, 0.000, 0.071
19, 56, 0.000, 0.070
19, 57, 0.000, 0.060
19, 58, 0.000, 0.052
19, 59, 0.000, 0.058
19, 60, 0.000, 0.105
19, 61, 0.000, 0.050
19, 62, 0.000, 0.058
19, 63, 0.000, 0.058
19, 64, 0.000, 0.077
19, 65, 0.000, 0.092
19, 66, 0.000, 0.083
19, 67, 0.000, 0.068
19, 68, 0.000, 0.087
19, 69, 0.000, 0.109
19, 70, 0.000, 0.081
19, 71, 0.000, 0.085
19, 72, 0.000, 0.168
19, 73, 0.000, 0.080
19, 74, 0.000, 0.058
19, 75, 0.000, 0.093
19, 76, 0.000, 0.086
19, 77, 0.000, 0.099
19, 78, 0.000, 0.154
19, 79, 0.000, 0.060
19, 80, 0.000, 0.123
19, 81, 0.000, 0.145
19, 82, 0.000, 0.100
19, 83, 0.000, 0.124
19, 84, 0.000, 0.140
19, 85, 0.000, 0.056
19, 86, 0.000, 0.046
19, 87, 0.000, 0.068
19, 88, 0.000, 0.142
19, 89, 0.000, 0.147
19, 90, 0.000, 0.141
19, 91, 0.000, 0.173
19, 92, 0.000, 0.120
19, 93, 0.000, 0.145
19, 94, 0.000, 0.141
19, 95, 0.000, 0.078
19, 96, 0.000, 0.058
19, 97, 0.000, 0.143
19, 98, 0.000, 0.142
19, 99, 0.000, 0.143
19, 100, 0.000, 0.056
20, 0, 242.086, 0.002
20, 1, 200.302, 0.070
20, 2, 147.043, 30.183
20, 3, 117.737, 0.067
20, 4, 117.737, 17.488
20, 5, 117.737, 0.067
20, 6, 117.737, 0.067
20, 7, 117.737, 0.049
20, 8, 117.737, 0.049
20, 9, 117.737, 17.338
20, 10, 25.430, 107.305
20, 11, 25.430, 0.047
20, 12, 25.430, 0.085
20, 13, 25.430, 0.048
20, 14, 25.430, 0.048
20, 15, 24.022, 157.797
20, 16, 24.022, 0.063
20, 17, 12.063, 177.107
20, 18, 12.063, 0.065
20, 19, 9.791, 213.122
20, 20, 9.791, 0.063
20, 21, 9.791, 0.070
20, 22, 9.791, 0.052
20, 23, 9.791, 0.054
20, 24, 1.536, 322.164
20, 25, 0.000, 0.088
20, 26, 0.000, 0.057
20, 27, 0.000, 0.056
20, 28, 0.000, 0.058
20, 29, 0.000, 393.398
20, 30, 0.736, 0.056
20, 31, 0.736, 0.084
20, 32, 0.736, 0.061
20, 33, 0.736, 0.073
20, 34, 0.736, 0.051
20, 35, 0.736, 0.052
20, 36, 0.736, 0.054
20, 37, 0.736, 0.056
20, 38, 0.736, 0.052
20, 39, 0.736, 83.574
20, 40, 0.736, 0.051
20, 41, 0.736, 0.054
20, 42, 0.736, 0.079
20, 43, 0.736, 0.059
20, 44, 0.736, 0.063
20, 45, 0.736, 0.068
20, 46, 0.736, 0.053
20, 47, 0.736, 0.067
20, 48, 0.000, 0.058
20, 49, 0.000, 0.053
20, 50, 0.000, 0.072
20, 51, 0.000, 0.057
20, 52, 0.736, 0.055
20, 53, 0.000, 0.056
20, 54, 0.000, 0.051
20, 55, 0.000, 0.054
20, 56, 0.000, 0.067
20, 57, 0.000, 0.069
20, 58, 0.000, 0.053
20, 59, 0.000, 0.054
20, 60, 0.000, 0.063
20, 61, 0.000, 0.053
20, 62, 0.000, 0.058
20, 63, 0.000, 0.069
20, 64, 0.000, 0.055
20, 65, 0.000, 0.054
20, 66, 0.000, 0.062
20, 67, 0.000, 0.068
20, 68, 0.000, 0.073
20, 69, 0.000, 0.060
20, 70, 0.000, 0.052
20, 71, 0.000, 106.127
20, 72, 0.000, 0.052
20, 73, 0.000, 0.064
20, 74, 0.000, 0.053
20, 75, 0.000, 0.077
20, 76, 0.000, 0.080
20, 77, 0.000, 0.061
20, 78, 0.000, 0.051
20, 79, 0.000, 0.063
20, 80, 0.000, 0.056
20, 81, 0.000, 0.063
20, 82, 0.000, 0.067
20, 83, 0.000, 0.074
20, 84, 0.000, 0.061
20, 85, 0.000, 0.068
20, 86, 0.000, 0.056
20, 87, 0.000, 0.074
20, 88, 0.000, 0.050
20, 89, 0.000, 0.057
20, 90, 0.000, 0.059
20, 91, 0.000, 0.058
20, 92, 0.000, 1643.005
20, 93, 0.000, 0.059
20, 94, 0.000, 0.057
20, 95, 0.000, 0.057
20, 96, 0.000, 0.057
20, 97, 0.000, 0.063
20, 98, 0.000, 0.085
20, 99, 0.000, 0.068
20, 100, 0.000, 0.066
