Run, Query, Loss, Time
1, 0, 230.168, 0.002
1, 1, 154.348, 0.677
1, 2, 64.731, 35.389
1, 3, 18.318, 0.672
1, 4, 18.318, 0.679
1, 5, 18.318, 32.652
1, 6, 18.318, 0.678
1, 7, 18.318, 0.672
1, 8, 18.318, 0.678
1, 9, 18.318, 59.484
1, 10, 0.000, 165.873
1, 11, 0.000, 0.679
1, 12, 0.000, 0.678
1, 13, 0.000, 0.672
1, 14, 0.000, 0.675
1, 15, 0.000, 0.670
1, 16, 0.000, 0.673
1, 17, 0.000, 0.672
1, 18, 0.000, 0.677
1, 19, 0.000, 0.672
1, 20, 0.000, 0.679
1, 21, 0.000, 0.671
1, 22, 0.000, 0.677
1, 23, 0.000, 0.672
1, 24, 0.000, 0.677
1, 25, 0.000, 0.670
1, 26, 0.000, 0.678
1, 27, 0.000, 0.671
1, 28, 0.000, 0.678
1, 29, 0.000, 0.669
1, 30, 0.000, 0.681
1, 31, 0.000, 0.677
1, 32, 0.000, 0.677
1, 33, 0.000, 0.671
1, 34, 0.000, 0.676
1, 35, 0.000, 0.678
1, 36, 0.000, 0.678
1, 37, 0.000, 0.665
1, 38, 0.000, 0.677
1, 39, 0.000, 0.671
1, 40, 0.000, 0.679
1, 41, 0.000, 0.672
1, 42, 0.000, 0.678
1, 43, 0.000, 0.670
1, 44, 0.000, 0.678
1, 45, 0.000, 0.667
1, 46, 0.000, 0.677
1, 47, 0.000, 0.673
1, 48, 0.000, 0.677
1, 49, 0.000, 0.672
1, 50, 0.000, 0.678
1, 51, 0.000, 0.674
1, 52, 0.000, 0.678
1, 53, 0.000, 0.665
1, 54, 0.000, 0.678
1, 55, 0.000, 0.671
1, 56, 0.000, 0.675
1, 57, 0.000, 0.673
1, 58, 0.000, 0.677
1, 59, 0.000, 0.672
1, 60, 0.000, 0.676
1, 61, 0.000, 0.673
1, 62, 0.000, 0.675
1, 63, 0.000, 0.666
1, 64, 0.000, 0.678
1, 65, 0.000, 0.673
1, 66, 0.000, 0.676
1, 67, 0.000, 0.675
1, 68, 0.000, 0.677
1, 69, 0.000, 0.674
1, 70, 0.000, 0.677
1, 71, 0.000, 0.670
1, 72, 0.000, 0.678
1, 73, 0.000, 0.673
1, 74, 0.000, 0.679
1, 75, 0.000, 0.674
1, 76, 0.000, 0.677
1, 77, 0.000, 0.668
1, 78, 0.000, 0.678
1, 79, 0.000, 0.673
1, 80, 0.000, 0.679
1, 81, 0.000, 0.672
1, 82, 0.000, 0.678
1, 83, 0.000, 0.669
1, 84, 0.000, 0.680
1, 85, 0.000, 0.670
1, 86, 0.000, 0.679
1, 87, 0.000, 0.674
1, 88, 0.000, 0.678
1, 89, 0.000, 0.672
1, 90, 0.000, 0.680
1, 91, 0.000, 0.671
1, 92, 0.000, 0.681
1, 93, 0.000, 0.679
1, 94, 0.000, 0.679
1, 95, 0.000, 0.673
1, 96, 0.000, 0.679
1, 97, 0.000, 0.673
1, 98, 0.000, 0.678
1, 99, 0.000, 0.670
1, 100, 0.000, 0.681
2, 0, 117.695, 0.002
2, 1, 55.578, 0.684
2, 2, 55.578, 0.684
2, 3, 55.578, 22.637
2, 4, 55.578, 0.681
2, 5, 55.578, 0.670
2, 6, 55.578, 0.678
2, 7, 0.000, 89.406
2, 8, 0.000, 0.679
2, 9, 0.000, 0.672
2, 10, 0.000, 0.678
2, 11, 0.000, 0.670
2, 12, 0.000, 0.678
2, 13, 0.000, 31.264
2, 14, 0.000, 0.679
2, 15, 0.000, 0.675
2, 16, 0.000, 0.675
2, 17, 0.000, 0.673
2, 18, 0.000, 0.675
2, 19, 0.000, 0.672
2, 20, 0.000, 0.677
2, 21, 0.000, 0.673
2, 22, 0.000, 0.679
2, 23, 0.000, 0.675
2, 24, 0.000, 0.679
2, 25, 0.000, 0.673
2, 26, 0.000, 0.680
2, 27, 0.000, 0.674
2, 28, 0.000, 0.677
2, 29, 0.000, 0.672
2, 30, 0.000, 0.678
2, 31, 0.000, 0.671
2, 32, 0.000, 0.678
2, 33, 0.000, 0.671
2, 34, 0.000, 0.676
2, 35, 0.000, 0.672
2, 36, 0.000, 0.676
2, 37, 0.000, 0.675
2, 38, 0.000, 0.679
2, 39, 0.000, 0.671
2, 40, 0.000, 0.675
2, 41, 0.000, 0.673
2, 42, 0.000, 0.677
2, 43, 0.000, 0.668
2, 44, 0.000, 0.676
2, 45, 0.000, 0.670
2, 46, 0.000, 0.681
2, 47, 0.000, 0.673
2, 48, 0.000, 0.677
2, 49, 0.000, 0.669
2, 50, 0.000, 0.678
2, 51, 0.000, 0.671
2, 52, 0.000, 0.676
2, 53, 0.000, 0.674
2, 54, 0.000, 0.676
2, 55, 0.000, 0.672
2, 56, 0.000, 0.677
2, 57, 0.000, 0.671
2, 58, 0.000, 0.677
2, 59, 0.000, 0.670
2, 60, 0.000, 0.677
2, 61, 0.000, 0.674
2, 62, 0.000, 0.677
2, 63, 0.000, 0.673
2, 64, 0.000, 0.676
2, 65, 0.000, 0.669
2, 66, 0.000, 0.681
2, 67, 0.000, 0.671
2, 68, 0.000, 0.678
2, 69, 0.000, 0.673
2, 70, 0.000, 0.678
2, 71, 0.000, 0.672
2, 72, 0.000, 0.680
2, 73, 0.000, 0.675
2, 74, 0.000, 0.675
2, 75, 0.000, 0.673
2, 76, 0.000, 0.678
2, 77, 0.000, 0.675
2, 78, 0.000, 0.677
2, 79, 0.000, 0.672
2, 80, 0.000, 0.679
2, 81, 0.000, 0.671
2, 82, 0.000, 0.677
2, 83, 0.000, 0.668
2, 84, 0.000, 0.678
2, 85, 0.000, 0.669
2, 86, 0.000, 0.675
2, 87, 0.000, 0.674
2, 88, 0.000, 0.678
2, 89, 0.000, 0.675
2, 90, 0.000, 0.683
2, 91, 0.000, 0.672
2, 92, 0.000, 0.679
2, 93, 0.000, 0.671
2, 94, 0.000, 0.679
2, 95, 0.000, 0.671
2, 96, 0.000, 0.680
2, 97, 0.000, 0.678
2, 98, 0.000, 0.678
2, 99, 0.000, 0.675
2, 100, 0.000, 0.676
3, 0, 0.000, 0.002
3, 1, 0.654, 0.688
3, 2, 0.654, 0.681
3, 3, 0.654, 22.755
3, 4, 0.654, 0.679
3, 5, 0.654, 0.671
3, 6, 0.000, 78.288
3, 7, 0.000, 0.673
3, 8, 0.000, 0.678
3, 9, 0.000, 0.670
3, 10, 0.000, 0.677
3, 11, 0.000, 52.797
3, 12, 0.000, 0.677
3, 13, 0.000, 0.673
3, 14, 0.000, 0.677
3, 15, 0.000, 0.673
3, 16, 0.000, 0.677
3, 17, 0.000, 0.669
3, 18, 0.000, 0.679
3, 19, 0.000, 0.673
3, 20, 0.000, 0.678
3, 21, 0.000, 0.672
3, 22, 0.000, 0.679
3, 23, 0.000, 0.667
3, 24, 0.000, 0.675
3, 25, 0.000, 0.672
3, 26, 0.000, 0.678
3, 27, 0.000, 0.669
3, 28, 0.000, 0.677
3, 29, 0.000, 638.953
3, 30, 0.000, 0.675
3, 31, 0.000, 0.671
3, 32, 0.000, 0.675
3, 33, 0.000, 0.672
3, 34, 0.000, 0.677
3, 35, 0.000, 0.671
3, 36, 0.000, 0.677
3, 37, 0.000, 0.671
3, 38, 0.000, 0.679
3, 39, 0.000, 145.527
3, 40, 0.000, 0.679
3, 41, 0.000, 0.674
3, 42, 0.000, 0.675
3, 43, 0.000, 0.672
3, 44, 0.000, 0.677
3, 45, 0.000, 0.670
3, 46, 0.000, 0.675
3, 47, 0.000, 0.675
3, 48, 0.000, 0.675
3, 49, 0.000, 0.670
3, 50, 0.000, 0.677
3, 51, 0.000, 0.671
3, 52, 0.000, 0.679
3, 53, 0.000, 0.673
3, 54, 0.000, 0.675
3, 55, 0.000, 0.672
3, 56, 0.000, 0.678
3, 57, 0.000, 0.671
3, 58, 0.000, 0.677
3, 59, 0.000, 0.674
3, 60, 0.000, 0.678
3, 61, 0.000, 0.673
3, 62, 0.000, 0.677
3, 63, 0.000, 0.677
3, 64, 0.000, 0.676
3, 65, 0.000, 0.672
3, 66, 0.000, 0.678
3, 67, 0.000, 0.674
3, 68, 0.000, 0.678
3, 69, 0.000, 0.673
3, 70, 0.000, 0.678
3, 71, 0.000, 0.671
3, 72, 0.000, 0.676
3, 73, 0.000, 0.672
3, 74, 0.000, 0.679
3, 75, 0.000, 0.670
3, 76, 0.000, 0.675
3, 77, 0.000, 0.673
3, 78, 0.000, 0.679
3, 79, 0.000, 0.670
3, 80, 0.000, 0.676
3, 81, 0.000, 0.673
3, 82, 0.000, 0.678
3, 83, 0.000, 0.668
3, 84, 0.000, 0.680
3, 85, 0.000, 0.672
3, 86, 0.000, 0.682
3, 87, 0.000, 0.671
3, 88, 0.000, 0.676
3, 89, 0.000, 0.675
3, 90, 0.000, 0.679
3, 91, 0.000, 0.671
3, 92, 0.000, 0.681
3, 93, 0.000, 0.673
3, 94, 0.000, 0.677
3, 95, 0.000, 0.673
3, 96, 0.000, 0.681
3, 97, 0.000, 0.671
3, 98, 0.000, 0.681
3, 99, 0.000, 0.678
3, 100, 0.000, 0.678
4, 0, 96.914, 0.002
4, 1, 56.158, 0.686
4, 2, 56.158, 0.684
4, 3, 56.158, 22.761
4, 4, 24.632, 0.680
4, 5, 24.632, 0.673
4, 6, 11.287, 86.105
4, 7, 11.287, 0.670
4, 8, 11.287, 0.678
4, 9, 11.287, 0.673
4, 10, 11.287, 0.677
4, 11, 11.287, 0.671
4, 12, 11.287, 39.770
4, 13, 11.287, 0.674
4, 14, 0.000, 221.607
4, 15, 0.000, 0.679
4, 16, 0.000, 0.680
4, 17, 0.000, 0.667
4, 18, 0.000, 0.678
4, 19, 0.000, 0.671
4, 20, 0.000, 0.676
4, 21, 0.000, 0.674
4, 22, 0.000, 0.675
4, 23, 0.000, 0.669
4, 24, 0.000, 0.677
4, 25, 0.000, 0.671
4, 26, 0.000, 0.678
4, 27, 0.000, 0.673
4, 28, 0.000, 0.678
4, 29, 0.000, 0.669
4, 30, 0.000, 0.677
4, 31, 0.000, 0.673
4, 32, 0.000, 0.676
4, 33, 0.000, 0.670
4, 34, 0.000, 0.679
4, 35, 0.000, 0.673
4, 36, 0.000, 0.681
4, 37, 0.000, 0.679
4, 38, 0.000, 0.677
4, 39, 0.000, 0.671
4, 40, 0.000, 0.677
4, 41, 0.000, 0.675
4, 42, 0.000, 0.677
4, 43, 0.000, 0.671
4, 44, 0.000, 0.676
4, 45, 0.000, 0.671
4, 46, 0.000, 0.679
4, 47, 0.000, 0.674
4, 48, 0.000, 0.675
4, 49, 0.000, 0.674
4, 50, 0.000, 0.678
4, 51, 0.000, 0.668
4, 52, 0.000, 0.676
4, 53, 0.000, 0.680
4, 54, 0.000, 0.677
4, 55, 0.000, 0.669
4, 56, 0.000, 0.676
4, 57, 0.000, 0.671
4, 58, 0.000, 0.679
4, 59, 0.000, 0.670
4, 60, 0.000, 0.679
4, 61, 0.000, 0.674
4, 62, 0.000, 0.677
4, 63, 0.000, 0.669
4, 64, 0.000, 0.678
4, 65, 0.000, 0.671
4, 66, 0.000, 1539.476
4, 67, 0.000, 0.680
4, 68, 0.000, 0.676
4, 69, 0.000, 0.672
4, 70, 0.000, 0.677
4, 71, 0.000, 0.670
4, 72, 0.000, 0.679
4, 73, 0.000, 0.674
4, 74, 0.000, 0.678
4, 75, 0.000, 0.672
4, 76, 0.000, 0.678
4, 77, 0.000, 0.671
4, 78, 0.000, 0.676
4, 79, 0.000, 0.671
4, 80, 0.000, 0.676
4, 81, 0.000, 0.671
4, 82, 0.000, 0.678
4, 83, 0.000, 0.670
4, 84, 0.000, 0.679
4, 85, 0.000, 0.673
4, 86, 0.000, 0.679
4, 87, 0.000, 0.672
4, 88, 0.000, 0.675
4, 89, 0.000, 0.668
4, 90, 0.000, 0.676
4, 91, 0.000, 0.673
4, 92, 0.000, 0.677
4, 93, 0.000, 0.670
4, 94, 0.000, 0.675
4, 95, 0.000, 0.672
4, 96, 0.000, 0.679
4, 97, 0.000, 0.674
4, 98, 0.000, 0.684
4, 99, 0.000, 0.674
4, 100, 0.000, 0.677
5, 0, 67.491, 0.002
5, 1, 35.071, 0.690
5, 2, 35.071, 0.681
5, 3, 35.071, 22.878
5, 4, 35.071, 0.678
5, 5, 35.071, 0.664
5, 6, 35.071, 0.678
5, 7, 35.071, 43.039
5, 8, 35.071, 0.677
5, 9, 35.071, 0.674
5, 10, 35.071, 0.675
5, 11, 35.071, 0.669
5, 12, 35.071, 59.626
5, 13, 9.762, 193.756
5, 14, 0.000, 216.347
5, 15, 0.000, 0.672
5, 16, 0.000, 0.678
5, 17, 0.000, 0.673
5, 18, 0.000, 0.677
5, 19, 0.000, 0.671
5, 20, 0.000, 0.677
5, 21, 0.000, 0.669
5, 22, 0.000, 0.677
5, 23, 0.000, 0.669
5, 24, 0.000, 0.676
5, 25, 0.000, 0.668
5, 26, 0.000, 0.677
5, 27, 0.000, 0.670
5, 28, 0.000, 0.677
5, 29, 0.000, 0.666
5, 30, 0.000, 0.680
5, 31, 0.000, 0.673
5, 32, 0.000, 0.677
5, 33, 0.000, 0.672
5, 34, 0.000, 0.675
5, 35, 0.000, 0.668
5, 36, 0.000, 0.675
5, 37, 0.000, 0.674
5, 38, 0.000, 0.679
5, 39, 0.000, 0.672
5, 40, 0.000, 0.680
5, 41, 0.000, 0.670
5, 42, 0.000, 0.678
5, 43, 0.000, 0.676
5, 44, 0.000, 0.678
5, 45, 0.000, 0.673
5, 46, 0.000, 0.679
5, 47, 0.000, 0.670
5, 48, 0.000, 0.678
5, 49, 0.000, 0.673
5, 50, 0.000, 0.680
5, 51, 0.000, 0.675
5, 52, 0.000, 0.679
5, 53, 0.000, 0.671
5, 54, 0.000, 0.679
5, 55, 0.000, 0.670
5, 56, 0.000, 0.677
5, 57, 0.000, 0.670
5, 58, 0.000, 0.678
5, 59, 0.000, 0.670
5, 60, 0.000, 0.678
5, 61, 0.000, 0.670
5, 62, 0.000, 0.679
5, 63, 0.000, 0.668
5, 64, 0.000, 0.680
5, 65, 0.000, 0.677
5, 66, 0.000, 0.680
5, 67, 0.000, 0.671
5, 68, 0.000, 0.677
5, 69, 0.000, 0.673
5, 70, 0.000, 0.678
5, 71, 0.000, 0.671
5, 72, 0.000, 0.678
5, 73, 0.000, 0.671
5, 74, 0.000, 0.674
5, 75, 0.000, 0.671
5, 76, 0.000, 0.678
5, 77, 0.000, 0.672
5, 78, 0.000, 0.680
5, 79, 0.000, 0.673
5, 80, 0.000, 0.678
5, 81, 0.000, 0.673
5, 82, 0.000, 0.680
5, 83, 0.000, 0.672
5, 84, 0.000, 0.676
5, 85, 0.000, 0.674
5, 86, 0.000, 0.679
5, 87, 0.000, 0.668
5, 88, 0.000, 0.679
5, 89, 0.000, 0.672
5, 90, 0.000, 0.681
5, 91, 0.000, 0.675
5, 92, 0.000, 0.680
5, 93, 0.000, 0.674
5, 94, 0.000, 0.678
5, 95, 0.000, 0.673
5, 96, 0.000, 0.680
5, 97, 0.000, 0.670
5, 98, 0.000, 0.682
5, 99, 0.000, 0.675
5, 100, 0.000, 0.678
6, 0, 122.041, 0.002
6, 1, 82.405, 0.688
6, 2, 82.405, 0.681
6, 3, 82.405, 22.514
6, 4, 38.478, 0.680
6, 5, 31.757, 73.741
6, 6, 31.757, 0.678
6, 7, 31.757, 0.670
6, 8, 0.000, 118.987
6, 9, 0.000, 0.678
6, 10, 0.000, 0.676
6, 11, 0.000, 0.674
6, 12, 0.000, 0.678
6, 13, 0.000, 0.672
6, 14, 0.000, 0.679
6, 15, 0.000, 0.673
6, 16, 0.000, 0.676
6, 17, 0.000, 0.672
6, 18, 0.000, 0.676
6, 19, 0.000, 0.669
6, 20, 0.000, 0.676
6, 21, 0.000, 0.668
6, 22, 0.000, 0.679
6, 23, 0.000, 0.670
6, 24, 0.000, 0.679
6, 25, 0.000, 0.670
6, 26, 0.000, 0.680
6, 27, 0.000, 0.672
6, 28, 0.000, 0.676
6, 29, 0.000, 0.668
6, 30, 0.000, 0.675
6, 31, 0.000, 0.671
6, 32, 0.000, 0.678
6, 33, 0.000, 0.670
6, 34, 0.000, 0.676
6, 35, 0.000, 0.670
6, 36, 0.000, 0.678
6, 37, 0.000, 0.671
6, 38, 0.000, 0.678
6, 39, 0.000, 0.672
6, 40, 0.000, 0.678
6, 41, 0.000, 0.672
6, 42, 0.000, 0.678
6, 43, 0.000, 0.671
6, 44, 0.000, 0.678
6, 45, 0.000, 0.673
6, 46, 0.000, 0.678
6, 47, 0.000, 0.674
6, 48, 0.000, 0.678
6, 49, 0.000, 0.677
6, 50, 0.000, 0.678
6, 51, 0.000, 0.670
6, 52, 0.000, 0.679
6, 53, 0.000, 0.673
6, 54, 0.000, 0.676
6, 55, 0.000, 0.669
6, 56, 0.000, 0.676
6, 57, 0.000, 0.674
6, 58, 0.000, 0.677
6, 59, 0.000, 0.676
6, 60, 0.000, 0.675
6, 61, 0.000, 0.672
6, 62, 0.000, 0.678
6, 63, 0.000, 0.672
6, 64, 0.000, 0.676
6, 65, 0.000, 0.676
6, 66, 0.000, 0.680
6, 67, 0.000, 0.673
6, 68, 0.000, 0.678
6, 69, 0.000, 0.674
6, 70, 0.000, 0.679
6, 71, 0.000, 0.677
6, 72, 0.000, 0.681
6, 73, 0.000, 0.672
6, 74, 0.000, 0.678
6, 75, 0.000, 0.670
6, 76, 0.000, 0.680
6, 77, 0.000, 0.675
6, 78, 0.000, 0.680
6, 79, 0.000, 0.670
6, 80, 0.000, 0.683
6, 81, 0.000, 0.672
6, 82, 0.000, 0.680
6, 83, 0.000, 0.670
6, 84, 0.000, 0.680
6, 85, 0.000, 0.669
6, 86, 0.000, 0.677
6, 87, 0.000, 0.670
6, 88, 0.000, 0.680
6, 89, 0.000, 0.674
6, 90, 0.000, 0.682
6, 91, 0.000, 0.673
6, 92, 0.000, 0.682
6, 93, 0.000, 0.673
6, 94, 0.000, 0.680
6, 95, 0.000, 0.675
6, 96, 0.000, 0.681
6, 97, 0.000, 0.675
6, 98, 0.000, 0.680
6, 99, 0.000, 0.675
6, 100, 0.000, 0.680
7, 0, 110.737, 0.002
7, 1, 142.322, 0.683
7, 2, 66.117, 37.606
7, 3, 13.764, 0.669
7, 4, 13.764, 0.676
7, 5, 13.764, 43.502
7, 6, 1.533, 0.674
7, 7, 1.533, 0.668
7, 8, 1.533, 44.829
7, 9, 1.533, 0.671
7, 10, 0.000, 0.676
7, 11, 0.000, 41.507
7, 12, 0.000, 0.676
7, 13, 0.000, 0.671
7, 14, 0.000, 0.673
7, 15, 0.000, 0.667
7, 16, 0.000, 0.674
7, 17, 0.000, 0.669
7, 18, 0.000, 0.674
7, 19, 0.000, 0.668
7, 20, 0.000, 0.678
7, 21, 0.000, 0.662
7, 22, 0.000, 0.674
7, 23, 0.000, 0.665
7, 24, 0.000, 0.675
7, 25, 0.000, 0.671
7, 26, 0.000, 0.675
7, 27, 0.000, 0.669
7, 28, 0.000, 0.678
7, 29, 0.000, 0.665
7, 30, 0.000, 0.677
7, 31, 0.000, 0.669
7, 32, 0.000, 0.674
7, 33, 0.000, 0.672
7, 34, 0.000, 0.678
7, 35, 0.000, 0.665
7, 36, 0.000, 797.237
7, 37, 0.000, 0.674
7, 38, 0.000, 0.680
7, 39, 0.000, 0.670
7, 40, 0.000, 0.682
7, 41, 0.000, 0.670
7, 42, 0.000, 0.679
7, 43, 0.000, 0.667
7, 44, 0.000, 0.679
7, 45, 0.000, 0.674
7, 46, 0.000, 0.679
7, 47, 0.000, 0.671
7, 48, 0.000, 0.678
7, 49, 0.000, 0.669
7, 50, 0.000, 0.685
7, 51, 0.000, 0.672
7, 52, 0.000, 0.681
7, 53, 0.000, 0.667
7, 54, 0.000, 0.681
7, 55, 0.000, 0.668
7, 56, 0.000, 0.681
7, 57, 0.000, 0.669
7, 58, 0.000, 0.676
7, 59, 0.000, 0.665
7, 60, 0.000, 0.675
7, 61, 0.000, 0.668
7, 62, 0.000, 0.678
7, 63, 0.000, 0.667
7, 64, 0.000, 0.679
7, 65, 0.000, 0.672
7, 66, 0.000, 0.676
7, 67, 0.000, 0.669
7, 68, 0.000, 0.675
7, 69, 0.000, 0.668
7, 70, 0.000, 0.677
7, 71, 0.000, 0.668
7, 72, 0.000, 0.675
7, 73, 0.000, 0.671
7, 74, 0.000, 0.673
7, 75, 0.000, 0.667
7, 76, 0.000, 0.677
7, 77, 0.000, 0.665
7, 78, 0.000, 0.674
7, 79, 0.000, 0.670
7, 80, 0.000, 0.676
7, 81, 0.000, 0.669
7, 82, 0.000, 0.676
7, 83, 0.000, 0.668
7, 84, 0.000, 0.673
7, 85, 0.000, 0.670
7, 86, 0.000, 0.675
7, 87, 0.000, 0.668
7, 88, 0.000, 0.679
7, 89, 0.000, 0.670
7, 90, 0.000, 0.674
7, 91, 0.000, 616.958
7, 92, 0.000, 0.674
7, 93, 0.000, 0.667
7, 94, 0.000, 0.677
7, 95, 0.000, 0.676
7, 96, 0.000, 0.678
7, 97, 0.000, 0.673
7, 98, 0.000, 0.679
7, 99, 0.000, 0.668
7, 100, 0.000, 0.675
8, 0, 223.101, 0.002
8, 1, 65.247, 0.686
8, 2, 65.247, 0.684
8, 3, 65.247, 22.282
8, 4, 63.825, 0.679
8, 5, 63.825, 0.666
8, 6, 0.000, 68.987
8, 7, 0.000, 0.675
8, 8, 0.000, 0.678
8, 9, 0.000, 0.670
8, 10, 0.000, 0.678
8, 11, 0.000, 53.644
8, 12, 0.000, 0.676
8, 13, 0.000, 0.670
8, 14, 0.000, 0.679
8, 15, 0.000, 0.674
8, 16, 0.000, 0.677
8, 17, 0.000, 0.669
8, 18, 0.000, 0.677
8, 19, 0.000, 0.667
8, 20, 0.000, 0.676
8, 21, 0.000, 0.673
8, 22, 0.000, 0.678
8, 23, 0.000, 0.670
8, 24, 0.000, 0.678
8, 25, 0.000, 0.670
8, 26, 0.000, 0.675
8, 27, 0.000, 0.670
8, 28, 0.000, 0.677
8, 29, 0.000, 0.672
8, 30, 0.000, 0.677
8, 31, 0.000, 0.674
8, 32, 0.000, 0.677
8, 33, 0.000, 0.667
8, 34, 0.000, 0.676
8, 35, 0.000, 0.673
8, 36, 0.000, 0.675
8, 37, 0.000, 0.669
8, 38, 0.000, 0.676
8, 39, 0.000, 0.675
8, 40, 0.000, 0.679
8, 41, 0.000, 0.668
8, 42, 0.000, 0.678
8, 43, 0.000, 0.670
8, 44, 0.000, 0.679
8, 45, 0.000, 0.672
8, 46, 0.000, 0.677
8, 47, 0.000, 0.673
8, 48, 0.000, 0.677
8, 49, 0.000, 0.669
8, 50, 0.000, 0.675
8, 51, 0.000, 0.674
8, 52, 0.000, 0.676
8, 53, 0.000, 0.671
8, 54, 0.000, 0.679
8, 55, 0.000, 0.673
8, 56, 0.000, 0.679
8, 57, 0.000, 0.671
8, 58, 0.000, 0.677
8, 59, 0.000, 0.669
8, 60, 0.000, 0.679
8, 61, 0.000, 0.669
8, 62, 0.000, 0.674
8, 63, 0.000, 0.668
8, 64, 0.000, 0.677
8, 65, 0.000, 0.666
8, 66, 0.000, 0.677
8, 67, 0.000, 0.675
8, 68, 0.000, 0.675
8, 69, 0.000, 0.668
8, 70, 0.000, 0.672
8, 71, 0.000, 0.671
8, 72, 0.000, 0.676
8, 73, 0.000, 0.670
8, 74, 0.000, 0.675
8, 75, 0.000, 0.671
8, 76, 0.000, 0.675
8, 77, 0.000, 0.671
8, 78, 0.000, 0.676
8, 79, 0.000, 0.669
8, 80, 0.000, 0.676
8, 81, 0.000, 0.672
8, 82, 0.000, 0.674
8, 83, 0.000, 0.673
8, 84, 0.000, 0.674
8, 85, 0.000, 0.673
8, 86, 0.000, 0.676
8, 87, 0.000, 0.671
8, 88, 0.000, 0.678
8, 89, 0.000, 0.672
8, 90, 0.000, 0.677
8, 91, 0.000, 0.674
8, 92, 0.000, 0.680
8, 93, 0.000, 0.676
8, 94, 0.000, 0.675
8, 95, 0.000, 0.673
8, 96, 0.000, 0.678
8, 97, 0.000, 0.673
8, 98, 0.000, 0.676
8, 99, 0.000, 0.676
8, 100, 0.000, 0.677
9, 0, 206.342, 0.002
9, 1, 138.020, 0.684
9, 2, 138.020, 0.681
9, 3, 138.020, 22.304
9, 4, 138.020, 0.675
9, 5, 138.020, 0.675
9, 6, 122.267, 77.207
9, 7, 88.433, 0.679
9, 8, 53.745, 129.332
9, 9, 53.745, 0.673
9, 10, 53.745, 0.674
9, 11, 53.745, 0.672
9, 12, 0.000, 210.039
9, 13, 0.000, 0.669
9, 14, 0.000, 0.674
9, 15, 0.000, 0.672
9, 16, 0.000, 0.677
9, 17, 0.000, 0.673
9, 18, 0.000, 0.677
9, 19, 0.000, 0.674
9, 20, 0.000, 0.674
9, 21, 0.000, 0.673
9, 22, 0.000, 0.678
9, 23, 0.000, 0.675
9, 24, 0.000, 0.674
9, 25, 0.000, 0.670
9, 26, 0.000, 0.676
9, 27, 0.000, 0.670
9, 28, 0.000, 0.675
9, 29, 0.000, 0.672
9, 30, 0.000, 0.673
9, 31, 0.000, 0.670
9, 32, 0.000, 0.674
9, 33, 0.000, 0.673
9, 34, 0.000, 0.675
9, 35, 0.000, 0.672
9, 36, 0.000, 0.676
9, 37, 0.000, 0.672
9, 38, 0.000, 0.676
9, 39, 0.000, 0.671
9, 40, 0.000, 0.675
9, 41, 0.000, 0.674
9, 42, 0.000, 0.671
9, 43, 0.000, 0.674
9, 44, 0.000, 0.677
9, 45, 0.000, 0.672
9, 46, 0.000, 0.676
9, 47, 0.000, 0.675
9, 48, 0.000, 0.674
9, 49, 0.000, 0.671
9, 50, 0.000, 0.671
9, 51, 0.000, 0.669
9, 52, 0.000, 0.676
9, 53, 0.000, 0.672
9, 54, 0.000, 0.677
9, 55, 0.000, 0.676
9, 56, 0.000, 0.678
9, 57, 0.000, 0.675
9, 58, 0.000, 0.676
9, 59, 0.000, 0.670
9, 60, 0.000, 0.675
9, 61, 0.000, 0.672
9, 62, 0.000, 0.674
9, 63, 0.000, 0.676
9, 64, 0.000, 0.676
9, 65, 0.000, 0.673
9, 66, 0.000, 0.677
9, 67, 0.000, 0.674
9, 68, 0.000, 0.676
9, 69, 0.000, 0.671
9, 70, 0.000, 0.676
9, 71, 0.000, 0.671
9, 72, 0.000, 0.675
9, 73, 0.000, 0.675
9, 74, 0.000, 0.673
9, 75, 0.000, 0.672
9, 76, 0.000, 0.675
9, 77, 0.000, 0.672
9, 78, 0.000, 0.676
9, 79, 0.000, 0.674
9, 80, 0.000, 0.674
9, 81, 0.000, 0.673
9, 82, 0.000, 0.676
9, 83, 0.000, 0.668
9, 84, 0.000, 0.675
9, 85, 0.000, 0.672
9, 86, 0.000, 0.674
9, 87, 0.000, 0.673
9, 88, 0.000, 0.678
9, 89, 0.000, 0.671
9, 90, 0.000, 0.675
9, 91, 0.000, 0.672
9, 92, 0.000, 0.675
9, 93, 0.000, 0.673
9, 94, 0.000, 0.676
9, 95, 0.000, 0.673
9, 96, 0.000, 0.677
9, 97, 0.000, 0.674
9, 98, 0.000, 0.677
9, 99, 0.000, 0.675
9, 100, 0.000, 0.675
10, 0, 167.385, 0.002
10, 1, 81.789, 0.683
10, 2, 13.191, 35.728
10, 3, 13.191, 0.675
10, 4, 13.191, 0.677
10, 5, 13.191, 0.674
10, 6, 13.191, 32.597
10, 7, 13.191, 0.673
10, 8, 13.191, 0.677
10, 9, 13.191, 0.676
10, 10, 0.000, 146.356
10, 11, 0.000, 0.678
10, 12, 0.000, 0.675
10, 13, 0.000, 0.669
10, 14, 0.000, 0.677
10, 15, 0.000, 0.666
10, 16, 0.000, 0.673
10, 17, 0.000, 0.672
10, 18, 0.000, 0.677
10, 19, 0.000, 0.673
10, 20, 0.000, 0.678
10, 21, 0.000, 0.671
10, 22, 0.000, 0.673
10, 23, 0.000, 0.670
10, 24, 0.000, 0.675
10, 25, 0.000, 0.671
10, 26, 0.000, 0.676
10, 27, 0.000, 0.672
10, 28, 0.000, 0.676
10, 29, 0.000, 0.670
10, 30, 0.000, 0.676
10, 31, 0.000, 0.670
10, 32, 0.000, 0.675
10, 33, 0.000, 0.673
10, 34, 0.000, 0.674
10, 35, 0.000, 0.674
10, 36, 0.000, 0.676
10, 37, 0.000, 0.671
10, 38, 0.000, 0.675
10, 39, 0.000, 0.676
10, 40, 0.000, 0.674
10, 41, 0.000, 0.669
10, 42, 0.000, 0.676
10, 43, 0.000, 0.674
10, 44, 0.000, 0.678
10, 45, 0.000, 0.673
10, 46, 0.000, 0.675
10, 47, 0.000, 0.675
10, 48, 0.000, 0.675
10, 49, 0.000, 0.673
10, 50, 0.000, 0.677
10, 51, 0.000, 0.666
10, 52, 0.000, 0.677
10, 53, 0.000, 0.675
10, 54, 0.000, 0.674
10, 55, 0.000, 0.669
10, 56, 0.000, 0.673
10, 57, 0.000, 0.673
10, 58, 0.000, 0.675
10, 59, 0.000, 0.672
10, 60, 0.000, 0.678
10, 61, 0.000, 0.677
10, 62, 0.000, 0.676
10, 63, 0.000, 0.672
10, 64, 0.000, 0.675
10, 65, 0.000, 0.670
10, 66, 0.000, 0.676
10, 67, 0.000, 0.674
10, 68, 0.000, 0.676
10, 69, 0.000, 0.671
10, 70, 0.000, 0.674
10, 71, 0.000, 0.672
10, 72, 0.000, 0.675
10, 73, 0.000, 0.675
10, 74, 0.000, 0.674
10, 75, 0.000, 0.671
10, 76, 0.000, 0.675
10, 77, 0.000, 0.673
10, 78, 0.000, 0.676
10, 79, 0.000, 0.673
10, 80, 0.000, 0.674
10, 81, 0.000, 0.674
10, 82, 0.000, 0.678
10, 83, 0.000, 0.672
10, 84, 0.000, 0.674
10, 85, 0.000, 0.671
10, 86, 0.000, 0.676
10, 87, 0.000, 0.674
10, 88, 0.000, 0.676
10, 89, 0.000, 0.674
10, 90, 0.000, 0.675
10, 91, 0.000, 0.671
10, 92, 0.000, 0.675
10, 93, 0.000, 0.675
10, 94, 0.000, 0.676
10, 95, 0.000, 0.674
10, 96, 0.000, 0.676
10, 97, 0.000, 0.673
10, 98, 0.000, 0.677
10, 99, 0.000, 0.672
10, 100, 0.000, 0.677
11, 0, 149.202, 0.002
11, 1, 99.522, 0.686
11, 2, 99.522, 0.677
11, 3, 99.522, 22.935
11, 4, 99.522, 0.677
11, 5, 99.522, 0.673
11, 6, 14.740, 76.357
11, 7, 14.740, 0.673
11, 8, 14.740, 0.676
11, 9, 14.740, 0.671
11, 10, 14.740, 0.673
11, 11, 10.979, 162.531
11, 12, 10.979, 0.675
11, 13, 0.000, 211.108
11, 14, 0.000, 0.675
11, 15, 0.000, 0.673
11, 16, 0.000, 0.674
11, 17, 0.000, 0.675
11, 18, 0.000, 0.676
11, 19, 0.000, 0.673
11, 20, 0.000, 0.676
11, 21, 0.000, 0.674
11, 22, 0.000, 0.676
11, 23, 0.000, 0.673
11, 24, 0.000, 0.674
11, 25, 0.000, 0.672
11, 26, 0.000, 0.676
11, 27, 0.000, 0.673
11, 28, 0.000, 0.674
11, 29, 0.000, 0.672
11, 30, 0.000, 0.675
11, 31, 0.000, 0.675
11, 32, 0.000, 0.674
11, 33, 0.000, 0.672
11, 34, 0.000, 0.678
11, 35, 0.000, 0.677
11, 36, 0.000, 0.676
11, 37, 0.000, 0.671
11, 38, 0.000, 0.675
11, 39, 0.000, 0.673
11, 40, 0.000, 0.675
11, 41, 0.000, 0.675
11, 42, 0.000, 0.677
11, 43, 0.000, 0.673
11, 44, 0.000, 0.677
11, 45, 0.000, 0.672
11, 46, 0.000, 0.675
11, 47, 0.000, 0.671
11, 48, 0.000, 0.675
11, 49, 0.000, 0.672
11, 50, 0.000, 0.675
11, 51, 0.000, 0.673
11, 52, 0.000, 0.675
11, 53, 0.000, 0.673
11, 54, 0.000, 0.673
11, 55, 0.000, 0.670
11, 56, 0.000, 0.675
11, 57, 0.000, 0.674
11, 58, 0.000, 0.673
11, 59, 0.000, 0.672
11, 60, 0.000, 0.673
11, 61, 0.000, 0.673
11, 62, 0.000, 0.676
11, 63, 0.000, 0.673
11, 64, 0.000, 0.678
11, 65, 0.000, 0.673
11, 66, 0.000, 0.677
11, 67, 0.000, 0.671
11, 68, 0.000, 0.676
11, 69, 0.000, 0.676
11, 70, 0.000, 0.677
11, 71, 0.000, 0.675
11, 72, 0.000, 0.672
11, 73, 0.000, 0.670
11, 74, 0.000, 0.678
11, 75, 0.000, 0.674
11, 76, 0.000, 0.678
11, 77, 0.000, 0.672
11, 78, 0.000, 0.674
11, 79, 0.000, 0.674
11, 80, 0.000, 0.681
11, 81, 0.000, 0.672
11, 82, 0.000, 0.675
11, 83, 0.000, 0.674
11, 84, 0.000, 0.674
11, 85, 0.000, 0.673
11, 86, 0.000, 0.675
11, 87, 0.000, 0.672
11, 88, 0.000, 0.674
11, 89, 0.000, 0.674
11, 90, 0.000, 0.677
11, 91, 0.000, 0.672
11, 92, 0.000, 0.675
11, 93, 0.000, 0.673
11, 94, 0.000, 0.675
11, 95, 0.000, 0.673
11, 96, 0.000, 0.674
11, 97, 0.000, 0.673
11, 98, 0.000, 0.680
11, 99, 0.000, 0.674
11, 100, 0.000, 0.676
12, 0, 92.730, 0.002
12, 1, 76.201, 0.684
12, 2, 21.294, 37.174
12, 3, 15.183, 0.674
12, 4, 15.183, 0.677
12, 5, 1.624, 69.103
12, 6, 1.624, 0.675
12, 7, 1.624, 0.673
12, 8, 1.624, 0.675
12, 9, 1.414, 137.010
12, 10, 1.414, 0.674
12, 11, 1.414, 0.670
12, 12, 1.414, 0.676
12, 13, 1.414, 0.673
12, 14, 1.414, 0.675
12, 15, 1.414, 0.673
12, 16, 0.000, 295.270
12, 17, 0.000, 0.678
12, 18, 0.000, 0.674
12, 19, 0.000, 0.672
12, 20, 0.000, 0.674
12, 21, 0.000, 0.672
12, 22, 0.000, 478.234
12, 23, 1.414, 0.681
12, 24, 0.000, 0.674
12, 25, 0.000, 0.674
12, 26, 0.000, 0.676
12, 27, 0.000, 0.676
12, 28, 0.000, 0.675
12, 29, 0.000, 0.672
12, 30, 0.000, 0.675
12, 31, 0.000, 0.672
12, 32, 0.000, 0.674
12, 33, 0.000, 0.675
12, 34, 0.000, 934.885
12, 35, 0.000, 0.680
12, 36, 0.000, 0.674
12, 37, 0.000, 0.673
12, 38, 0.000, 0.677
12, 39, 0.000, 0.672
12, 40, 0.000, 0.673
12, 41, 0.000, 0.674
12, 42, 0.000, 0.675
12, 43, 0.000, 0.671
12, 44, 0.000, 0.676
12, 45, 0.000, 0.674
12, 46, 0.000, 0.677
12, 47, 0.000, 0.671
12, 48, 0.000, 0.677
12, 49, 0.000, 0.675
12, 50, 0.000, 0.675
12, 51, 0.000, 0.678
12, 52, 0.000, 0.675
12, 53, 0.000, 0.673
12, 54, 0.000, 0.672
12, 55, 0.000, 0.674
12, 56, 0.000, 0.675
12, 57, 0.000, 0.672
12, 58, 0.000, 0.676
12, 59, 0.000, 0.673
12, 60, 0.000, 0.675
12, 61, 0.000, 0.670
12, 62, 0.000, 0.674
12, 63, 0.000, 0.675
12, 64, 0.000, 0.674
12, 65, 0.000, 0.670
12, 66, 0.000, 0.674
12, 67, 0.000, 0.671
12, 68, 0.000, 0.678
12, 69, 0.000, 0.671
12, 70, 0.000, 0.673
12, 71, 0.000, 0.671
12, 72, 0.000, 0.676
12, 73, 0.000, 0.677
12, 74, 0.000, 0.675
12, 75, 0.000, 0.670
12, 76, 0.000, 0.677
12, 77, 0.000, 0.674
12, 78, 0.000, 0.675
12, 79, 0.000, 0.672
12, 80, 0.000, 0.675
12, 81, 0.000, 2741.898
12, 82, 0.000, 0.675
12, 83, 0.000, 0.674
12, 84, 0.000, 0.674
12, 85, 0.000, 0.673
12, 86, 0.000, 0.673
12, 87, 0.000, 0.677
12, 88, 0.000, 0.676
12, 89, 0.000, 0.676
12, 90, 0.000, 0.676
12, 91, 0.000, 0.676
12, 92, 0.000, 0.674
12, 93, 0.000, 0.672
12, 94, 0.000, 518.431
12, 95, 0.000, 0.680
12, 96, 0.000, 0.676
12, 97, 0.000, 0.674
12, 98, 0.000, 0.678
12, 99, 0.000, 0.671
12, 100, 0.000, 0.675
13, 0, 77.406, 0.002
13, 1, 80.371, 0.686
13, 2, 28.679, 35.756
13, 3, 28.679, 0.673
13, 4, 28.679, 0.675
13, 5, 28.679, 0.674
13, 6, 21.901, 70.987
13, 7, 21.901, 0.671
13, 8, 21.901, 0.675
13, 9, 21.901, 0.673
13, 10, 21.901, 0.676
13, 11, 21.901, 0.670
13, 12, 2.616, 179.421
13, 13, 2.616, 0.677
13, 14, 2.616, 0.673
13, 15, 2.616, 0.672
13, 16, 2.616, 0.672
13, 17, 2.616, 0.676
13, 18, 2.616, 0.673
13, 19, 2.616, 0.667
13, 20, 2.616, 0.674
13, 21, 2.616, 477.600
13, 22, 0.000, 0.678
13, 23, 0.000, 0.673
13, 24, 0.000, 0.675
13, 25, 0.000, 0.672
13, 26, 0.000, 0.674
13, 27, 0.000, 0.671
13, 28, 0.000, 0.675
13, 29, 0.000, 0.670
13, 30, 0.000, 0.675
13, 31, 0.000, 0.669
13, 32, 0.000, 0.675
13, 33, 0.000, 0.673
13, 34, 0.000, 0.674
13, 35, 0.000, 0.669
13, 36, 0.000, 0.677
13, 37, 0.000, 0.671
13, 38, 0.000, 0.675
13, 39, 0.000, 0.676
13, 40, 0.000, 0.674
13, 41, 0.000, 0.671
13, 42, 0.000, 0.673
13, 43, 0.000, 0.673
13, 44, 0.000, 0.677
13, 45, 0.000, 0.670
13, 46, 0.000, 0.676
13, 47, 0.000, 0.673
13, 48, 0.000, 0.675
13, 49, 0.000, 0.671
13, 50, 0.000, 0.675
13, 51, 0.000, 0.671
13, 52, 0.000, 0.675
13, 53, 0.000, 0.677
13, 54, 0.000, 0.677
13, 55, 0.000, 0.672
13, 56, 0.000, 0.674
13, 57, 0.000, 0.674
13, 58, 0.000, 0.677
13, 59, 0.000, 0.672
13, 60, 0.000, 0.673
13, 61, 0.000, 0.670
13, 62, 0.000, 0.677
13, 63, 0.000, 0.671
13, 64, 0.000, 0.675
13, 65, 0.000, 0.667
13, 66, 0.000, 0.674
13, 67, 0.000, 0.673
13, 68, 0.000, 0.676
13, 69, 0.000, 0.667
13, 70, 0.000, 0.677
13, 71, 0.000, 0.670
13, 72, 0.000, 0.673
13, 73, 0.000, 0.671
13, 74, 0.000, 0.674
13, 75, 0.000, 0.670
13, 76, 0.000, 0.677
13, 77, 0.000, 0.668
13, 78, 0.000, 0.677
13, 79, 0.000, 0.673
13, 80, 0.000, 536.000
13, 81, 0.000, 0.676
13, 82, 0.000, 0.675
13, 83, 0.000, 0.671
13, 84, 0.000, 0.677
13, 85, 0.000, 0.670
13, 86, 0.000, 0.673
13, 87, 0.000, 0.668
13, 88, 0.000, 0.677
13, 89, 0.000, 0.675
13, 90, 0.000, 0.675
13, 91, 0.000, 0.673
13, 92, 0.000, 0.676
13, 93, 0.000, 0.674
13, 94, 0.000, 0.676
13, 95, 0.000, 0.667
13, 96, 0.000, 0.674
13, 97, 0.000, 0.675
13, 98, 0.000, 0.676
13, 99, 0.000, 0.669
13, 100, 0.000, 0.676
14, 0, 60.600, 0.002
14, 1, 214.312, 0.686
14, 2, 72.372, 36.629
14, 3, 72.372, 0.674
14, 4, 28.418, 0.676
14, 5, 0.000, 71.475
14, 6, 0.000, 0.674
14, 7, 0.000, 0.672
14, 8, 0.000, 0.676
14, 9, 0.000, 0.670
14, 10, 0.000, 36.150
14, 11, 0.000, 0.671
14, 12, 0.000, 0.676
14, 13, 0.000, 0.671
14, 14, 0.000, 0.678
14, 15, 0.000, 0.669
14, 16, 0.000, 0.674
14, 17, 0.000, 0.670
14, 18, 0.000, 0.674
14, 19, 0.000, 0.671
14, 20, 0.000, 0.675
14, 21, 0.000, 0.671
14, 22, 0.000, 0.674
14, 23, 0.000, 0.672
14, 24, 0.000, 0.677
14, 25, 0.000, 0.673
14, 26, 0.000, 0.675
14, 27, 0.000, 0.674
14, 28, 0.000, 0.675
14, 29, 0.000, 0.674
14, 30, 0.000, 0.672
14, 31, 0.000, 0.671
14, 32, 0.000, 0.676
14, 33, 0.000, 0.677
14, 34, 0.000, 0.675
14, 35, 0.000, 0.674
14, 36, 0.000, 0.675
14, 37, 0.000, 0.673
14, 38, 0.000, 0.677
14, 39, 0.000, 0.679
14, 40, 0.000, 0.674
14, 41, 0.000, 0.670
14, 42, 0.000, 0.674
14, 43, 0.000, 0.673
14, 44, 0.000, 0.677
14, 45, 0.000, 0.672
14, 46, 0.000, 0.674
14, 47, 0.000, 0.671
14, 48, 0.000, 0.676
14, 49, 0.000, 0.671
14, 50, 0.000, 0.678
14, 51, 0.000, 0.672
14, 52, 0.000, 0.678
14, 53, 0.000, 0.674
14, 54, 0.000, 0.678
14, 55, 0.000, 0.671
14, 56, 0.000, 0.676
14, 57, 0.000, 0.674
14, 58, 0.000, 0.676
14, 59, 0.000, 0.671
14, 60, 0.000, 0.676
14, 61, 0.000, 0.675
14, 62, 0.000, 0.676
14, 63, 0.000, 0.672
14, 64, 0.000, 0.676
14, 65, 0.000, 0.672
14, 66, 0.000, 0.672
14, 67, 0.000, 0.671
14, 68, 0.000, 0.675
14, 69, 0.000, 0.672
14, 70, 0.000, 0.676
14, 71, 0.000, 0.672
14, 72, 0.000, 0.676
14, 73, 0.000, 0.672
14, 74, 0.000, 0.675
14, 75, 0.000, 0.675
14, 76, 0.000, 0.676
14, 77, 0.000, 0.670
14, 78, 0.000, 0.675
14, 79, 0.000, 0.671
14, 80, 0.000, 0.675
14, 81, 0.000, 0.668
14, 82, 0.000, 0.675
14, 83, 0.000, 0.673
14, 84, 0.000, 0.672
14, 85, 0.000, 0.672
14, 86, 0.000, 0.675
14, 87, 0.000, 0.672
14, 88, 0.000, 0.676
14, 89, 0.000, 0.676
14, 90, 0.000, 0.673
14, 91, 0.000, 0.670
14, 92, 0.000, 0.675
14, 93, 0.000, 0.675
14, 94, 0.000, 0.674
14, 95, 0.000, 0.679
14, 96, 0.000, 0.675
14, 97, 0.000, 0.676
14, 98, 0.000, 0.674
14, 99, 0.000, 0.676
14, 100, 0.000, 0.678
15, 0, 52.020, 0.002
15, 1, 33.798, 0.686
15, 2, 33.798, 0.680
15, 3, 21.688, 47.083
15, 4, 21.688, 0.677
15, 5, 21.688, 0.674
15, 6, 21.688, 0.676
15, 7, 18.532, 74.914
15, 8, 18.532, 0.676
15, 9, 18.532, 0.670
15, 10, 18.532, 0.676
15, 11, 21.194, 166.695
15, 12, 9.055, 193.790
15, 13, 2.662, 223.942
15, 14, 2.662, 0.673
15, 15, 2.662, 0.670
15, 16, 0.000, 351.367
15, 17, 2.662, 0.673
15, 18, 0.000, 0.674
15, 19, 0.000, 0.676
15, 20, 0.000, 0.673
15, 21, 0.000, 0.673
15, 22, 0.000, 0.674
15, 23, 0.000, 0.666
15, 24, 0.000, 0.675
15, 25, 0.000, 0.672
15, 26, 0.000, 0.676
15, 27, 0.000, 0.674
15, 28, 0.000, 783.873
15, 29, 0.000, 0.678
15, 30, 0.000, 0.677
15, 31, 0.000, 0.673
15, 32, 0.000, 0.675
15, 33, 0.000, 0.672
15, 34, 0.000, 0.674
15, 35, 0.000, 0.669
15, 36, 0.000, 0.675
15, 37, 0.000, 0.672
15, 38, 0.000, 0.677
15, 39, 0.000, 0.672
15, 40, 0.000, 0.676
15, 41, 0.000, 0.672
15, 42, 0.000, 0.678
15, 43, 0.000, 0.670
15, 44, 0.000, 0.674
15, 45, 0.000, 0.669
15, 46, 0.000, 0.674
15, 47, 0.000, 0.672
15, 48, 0.000, 0.678
15, 49, 0.000, 0.672
15, 50, 0.000, 0.674
15, 51, 0.000, 0.675
15, 52, 0.000, 0.675
15, 53, 0.000, 0.675
15, 54, 0.000, 0.676
15, 55, 0.000, 0.676
15, 56, 0.000, 0.674
15, 57, 0.000, 0.677
15, 58, 0.000, 0.676
15, 59, 0.000, 0.670
15, 60, 0.000, 0.677
15, 61, 0.000, 0.675
15, 62, 0.000, 0.675
15, 63, 0.000, 0.672
15, 64, 0.000, 0.673
15, 65, 0.000, 0.676
15, 66, 0.000, 0.674
15, 67, 0.000, 0.671
15, 68, 0.000, 0.675
15, 69, 0.000, 0.672
15, 70, 0.000, 0.675
15, 71, 0.000, 0.674
15, 72, 0.000, 0.678
15, 73, 0.000, 0.672
15, 74, 0.000, 0.674
15, 75, 0.000, 0.674
15, 76, 0.000, 0.675
15, 77, 0.000, 0.673
15, 78, 0.000, 0.674
15, 79, 0.000, 0.673
15, 80, 0.000, 0.676
15, 81, 0.000, 0.672
15, 82, 0.000, 0.675
15, 83, 0.000, 0.670
15, 84, 0.000, 0.676
15, 85, 0.000, 0.673
15, 86, 0.000, 0.677
15, 87, 0.000, 0.672
15, 88, 0.000, 0.676
15, 89, 0.000, 0.678
15, 90, 0.000, 0.677
15, 91, 0.000, 0.671
15, 92, 0.000, 0.677
15, 93, 0.000, 0.681
15, 94, 0.000, 0.678
15, 95, 0.000, 0.677
15, 96, 0.000, 0.677
15, 97, 0.000, 0.673
15, 98, 0.000, 0.677
15, 99, 0.000, 0.674
15, 100, 0.000, 0.676
16, 0, 203.778, 0.002
16, 1, 171.966, 0.684
16, 2, 87.653, 37.065
16, 3, 87.653, 0.676
16, 4, 57.185, 0.677
16, 5, 57.185, 23.197
16, 6, 57.185, 0.679
16, 7, 57.185, 0.676
16, 8, 55.214, 97.732
16, 9, 32.265, 138.341
16, 10, 32.265, 0.676
16, 11, 32.265, 0.674
16, 12, 0.000, 202.588
16, 13, 0.000, 0.680
16, 14, 0.000, 0.676
16, 15, 0.000, 0.671
16, 16, 0.000, 0.678
16, 17, 0.000, 0.670
16, 18, 0.000, 0.676
16, 19, 0.000, 0.671
16, 20, 0.000, 0.676
16, 21, 0.000, 0.673
16, 22, 0.000, 0.677
16, 23, 0.000, 0.673
16, 24, 0.000, 0.674
16, 25, 0.000, 0.676
16, 26, 0.000, 0.675
16, 27, 0.000, 0.672
16, 28, 0.000, 0.676
16, 29, 0.000, 0.674
16, 30, 0.000, 0.675
16, 31, 0.000, 0.676
16, 32, 0.000, 0.678
16, 33, 0.000, 0.672
16, 34, 0.000, 0.676
16, 35, 0.000, 0.670
16, 36, 0.000, 0.676
16, 37, 0.000, 0.672
16, 38, 0.000, 0.674
16, 39, 0.000, 0.672
16, 40, 0.000, 0.673
16, 41, 0.000, 0.674
16, 42, 0.000, 0.675
16, 43, 0.000, 0.674
16, 44, 0.000, 0.676
16, 45, 0.000, 0.670
16, 46, 0.000, 0.674
16, 47, 0.000, 0.674
16, 48, 0.000, 0.675
16, 49, 0.000, 0.674
16, 50, 0.000, 0.677
16, 51, 0.000, 0.671
16, 52, 0.000, 0.676
16, 53, 0.000, 0.674
16, 54, 0.000, 0.674
16, 55, 0.000, 0.676
16, 56, 0.000, 0.675
16, 57, 0.000, 0.668
16, 58, 0.000, 0.676
16, 59, 0.000, 0.673
16, 60, 0.000, 0.673
16, 61, 0.000, 0.675
16, 62, 0.000, 0.676
16, 63, 0.000, 0.674
16, 64, 0.000, 0.673
16, 65, 0.000, 0.671
16, 66, 0.000, 0.675
16, 67, 0.000, 0.670
16, 68, 0.000, 0.674
16, 69, 0.000, 0.678
16, 70, 0.000, 0.678
16, 71, 0.000, 0.674
16, 72, 0.000, 0.678
16, 73, 0.000, 0.674
16, 74, 0.000, 0.675
16, 75, 0.000, 0.672
16, 76, 0.000, 0.677
16, 77, 0.000, 0.674
16, 78, 0.000, 0.677
16, 79, 0.000, 0.675
16, 80, 0.000, 0.677
16, 81, 0.000, 0.674
16, 82, 0.000, 0.674
16, 83, 0.000, 0.675
16, 84, 0.000, 0.673
16, 85, 0.000, 0.675
16, 86, 0.000, 0.675
16, 87, 0.000, 0.678
16, 88, 0.000, 0.676
16, 89, 0.000, 0.673
16, 90, 0.000, 0.675
16, 91, 0.000, 0.675
16, 92, 0.000, 0.680
16, 93, 0.000, 0.680
16, 94, 0.000, 0.678
16, 95, 0.000, 0.674
16, 96, 0.000, 0.677
16, 97, 0.000, 0.676
16, 98, 0.000, 0.676
16, 99, 0.000, 0.674
16, 100, 0.000, 0.678
17, 0, 150.024, 0.002
17, 1, 86.426, 0.687
17, 2, 86.426, 0.681
17, 3, 72.375, 47.064
17, 4, 72.375, 0.677
17, 5, 72.375, 0.674
17, 6, 72.375, 0.675
17, 7, 72.375, 0.671
17, 8, 72.375, 45.843
17, 9, 51.035, 128.293
17, 10, 51.035, 0.676
17, 11, 13.261, 140.390
17, 12, 13.261, 0.675
17, 13, 0.000, 197.049
17, 14, 0.000, 0.674
17, 15, 0.000, 0.670
17, 16, 0.000, 0.675
17, 17, 0.000, 0.673
17, 18, 0.000, 0.676
17, 19, 0.000, 0.673
17, 20, 0.000, 0.675
17, 21, 0.000, 0.680
17, 22, 0.000, 0.676
17, 23, 0.000, 0.669
17, 24, 0.000, 0.676
17, 25, 0.000, 0.676
17, 26, 0.000, 0.675
17, 27, 0.000, 0.674
17, 28, 0.000, 0.678
17, 29, 0.000, 0.670
17, 30, 0.000, 0.672
17, 31, 0.000, 0.678
17, 32, 0.000, 0.672
17, 33, 0.000, 0.676
17, 34, 0.000, 0.676
17, 35, 0.000, 0.676
17, 36, 0.000, 0.675
17, 37, 0.000, 0.672
17, 38, 0.000, 0.674
17, 39, 0.000, 0.669
17, 40, 0.000, 0.671
17, 41, 0.000, 0.675
17, 42, 0.000, 0.675
17, 43, 0.000, 0.673
17, 44, 0.000, 0.673
17, 45, 0.000, 0.671
17, 46, 0.000, 0.674
17, 47, 0.000, 0.673
17, 48, 0.000, 0.675
17, 49, 0.000, 0.670
17, 50, 0.000, 0.674
17, 51, 0.000, 0.674
17, 52, 0.000, 0.673
17, 53, 0.000, 0.673
17, 54, 0.000, 0.672
17, 55, 0.000, 0.671
17, 56, 0.000, 0.675
17, 57, 0.000, 0.674
17, 58, 0.000, 0.677
17, 59, 0.000, 0.675
17, 60, 0.000, 0.673
17, 61, 0.000, 0.669
17, 62, 0.000, 0.676
17, 63, 0.000, 0.675
17, 64, 0.000, 0.678
17, 65, 0.000, 0.675
17, 66, 0.000, 0.677
17, 67, 0.000, 0.670
17, 68, 0.000, 0.676
17, 69, 0.000, 0.671
17, 70, 0.000, 0.674
17, 71, 0.000, 0.673
17, 72, 0.000, 0.673
17, 73, 0.000, 0.673
17, 74, 0.000, 0.675
17, 75, 0.000, 0.667
17, 76, 0.000, 0.676
17, 77, 0.000, 0.669
17, 78, 0.000, 0.676
17, 79, 0.000, 0.672
17, 80, 0.000, 0.676
17, 81, 0.000, 0.672
17, 82, 0.000, 0.674
17, 83, 0.000, 0.671
17, 84, 0.000, 0.678
17, 85, 0.000, 0.675
17, 86, 0.000, 0.674
17, 87, 0.000, 0.677
17, 88, 0.000, 0.675
17, 89, 0.000, 0.674
17, 90, 0.000, 0.677
17, 91, 0.000, 0.674
17, 92, 0.000, 0.675
17, 93, 0.000, 0.669
17, 94, 0.000, 0.677
17, 95, 0.000, 0.674
17, 96, 0.000, 0.678
17, 97, 0.000, 0.674
17, 98, 0.000, 0.677
17, 99, 0.000, 0.675
17, 100, 0.000, 0.676
18, 0, 150.366, 0.002
18, 1, 54.919, 0.684
18, 2, 54.919, 0.677
18, 3, 54.919, 23.119
18, 4, 54.919, 0.677
18, 5, 30.607, 70.843
18, 6, 30.607, 0.678
18, 7, 30.607, 0.678
18, 8, 30.607, 0.676
18, 9, 30.607, 0.669
18, 10, 30.607, 34.056
18, 11, 30.607, 0.668
18, 12, 0.000, 179.626
18, 13, 0.000, 0.679
18, 14, 0.000, 0.674
18, 15, 0.000, 0.674
18, 16, 0.000, 0.673
18, 17, 0.000, 0.671
18, 18, 0.000, 0.677
18, 19, 0.000, 0.670
18, 20, 0.000, 0.676
18, 21, 0.000, 0.670
18, 22, 0.000, 0.676
18, 23, 0.000, 0.672
18, 24, 0.000, 0.674
18, 25, 0.000, 0.672
18, 26, 0.000, 0.676
18, 27, 0.000, 0.675
18, 28, 0.000, 0.674
18, 29, 0.000, 0.673
18, 30, 0.000, 0.674
18, 31, 0.000, 0.673
18, 32, 0.000, 0.675
18, 33, 0.000, 0.671
18, 34, 0.000, 0.673
18, 35, 0.000, 0.675
18, 36, 0.000, 0.673
18, 37, 0.000, 0.672
18, 38, 0.000, 0.672
18, 39, 0.000, 0.675
18, 40, 0.000, 0.674
18, 41, 0.000, 0.672
18, 42, 0.000, 0.677
18, 43, 0.000, 0.674
18, 44, 0.000, 0.677
18, 45, 0.000, 0.674
18, 46, 0.000, 0.677
18, 47, 0.000, 0.673
18, 48, 0.000, 0.677
18, 49, 0.000, 0.677
18, 50, 0.000, 0.676
18, 51, 0.000, 0.674
18, 52, 0.000, 0.675
18, 53, 0.000, 0.674
18, 54, 0.000, 0.675
18, 55, 0.000, 0.673
18, 56, 0.000, 0.677
18, 57, 0.000, 0.673
18, 58, 0.000, 0.675
18, 59, 0.000, 0.676
18, 60, 0.000, 0.676
18, 61, 0.000, 0.675
18, 62, 0.000, 0.675
18, 63, 0.000, 0.671
18, 64, 0.000, 0.676
18, 65, 0.000, 0.675
18, 66, 0.000, 0.679
18, 67, 0.000, 0.674
18, 68, 0.000, 0.682
18, 69, 0.000, 0.676
18, 70, 0.000, 0.681
18, 71, 0.000, 0.679
18, 72, 0.000, 0.678
18, 73, 0.000, 0.670
18, 74, 0.000, 0.678
18, 75, 0.000, 0.671
18, 76, 0.000, 0.682
18, 77, 0.000, 0.673
18, 78, 0.000, 0.681
18, 79, 0.000, 0.670
18, 80, 0.000, 0.679
18, 81, 0.000, 0.673
18, 82, 0.000, 0.682
18, 83, 0.000, 0.673
18, 84, 0.000, 0.677
18, 85, 0.000, 0.674
18, 86, 0.000, 0.681
18, 87, 0.000, 0.674
18, 88, 0.000, 0.679
18, 89, 0.000, 0.675
18, 90, 0.000, 0.680
18, 91, 0.000, 0.676
18, 92, 0.000, 0.678
18, 93, 0.000, 0.677
18, 94, 0.000, 0.682
18, 95, 0.000, 0.675
18, 96, 0.000, 0.681
18, 97, 0.000, 0.677
18, 98, 0.000, 0.679
18, 99, 0.000, 0.673
18, 100, 0.000, 0.679
19, 0, 112.050, 0.002
19, 1, 0.210, 0.682
19, 2, 0.210, 0.683
19, 3, 0.210, 22.617
19, 4, 0.210, 0.679
19, 5, 0.210, 0.674
19, 6, 0.210, 0.676
19, 7, 0.210, 40.811
19, 8, 0.210, 0.678
19, 9, 0.000, 113.324
19, 10, 0.000, 0.675
19, 11, 0.000, 0.668
19, 12, 0.000, 0.677
19, 13, 0.000, 0.672
19, 14, 0.000, 0.678
19, 15, 0.000, 0.670
19, 16, 0.000, 343.066
19, 17, 0.210, 0.674
19, 18, 0.000, 0.674
19, 19, 0.210, 0.672
19, 20, 0.000, 0.678
19, 21, 0.210, 0.670
19, 22, 0.000, 0.677
19, 23, 0.000, 65.693
19, 24, 0.000, 0.679
19, 25, 0.000, 0.668
19, 26, 0.000, 0.674
19, 27, 0.000, 0.671
19, 28, 0.000, 0.675
19, 29, 0.000, 0.669
19, 30, 0.000, 0.675
19, 31, 0.000, 0.670
19, 32, 0.000, 0.678
19, 33, 0.000, 0.664
19, 34, 0.000, 0.681
19, 35, 0.000, 0.670
19, 36, 0.000, 0.680
19, 37, 0.000, 0.667
19, 38, 0.000, 0.680
19, 39, 0.000, 0.670
19, 40, 0.000, 0.680
19, 41, 0.000, 0.669
19, 42, 0.000, 0.675
19, 43, 0.000, 0.669
19, 44, 0.000, 0.679
19, 45, 0.000, 0.670
19, 46, 0.000, 0.678
19, 47, 0.000, 0.670
19, 48, 0.000, 0.680
19, 49, 0.000, 0.670
19, 50, 0.000, 0.676
19, 51, 0.000, 0.674
19, 52, 0.000, 0.680
19, 53, 0.000, 0.670
19, 54, 0.000, 0.677
19, 55, 0.000, 0.669
19, 56, 0.000, 0.679
19, 57, 0.000, 0.668
19, 58, 0.000, 94.165
19, 59, 0.000, 0.673
19, 60, 0.000, 0.680
19, 61, 0.000, 0.667
19, 62, 0.000, 0.679
19, 63, 0.000, 0.671
19, 64, 0.000, 0.679
19, 65, 0.000, 0.671
19, 66, 0.000, 0.675
19, 67, 0.000, 0.670
19, 68, 0.000, 0.674
19, 69, 0.000, 0.668
19, 70, 0.000, 0.674
19, 71, 0.000, 0.673
19, 72, 0.000, 0.675
19, 73, 0.000, 0.671
19, 74, 0.000, 0.676
19, 75, 0.000, 0.670
19, 76, 0.000, 0.674
19, 77, 0.000, 0.669
19, 78, 0.000, 0.676
19, 79, 0.000, 0.669
19, 80, 0.000, 0.674
19, 81, 0.000, 0.668
19, 82, 0.000, 0.679
19, 83, 0.000, 0.671
19, 84, 0.000, 0.675
19, 85, 0.000, 0.672
19, 86, 0.000, 0.673
19, 87, 0.000, 0.669
19, 88, 0.000, 0.675
19, 89, 0.000, 0.669
19, 90, 0.000, 0.675
19, 91, 0.000, 0.671
19, 92, 0.000, 0.676
19, 93, 0.000, 0.671
19, 94, 0.000, 0.676
19, 95, 0.000, 0.673
19, 96, 0.210, 0.673
19, 97, 0.210, 0.671
19, 98, 0.210, 0.675
19, 99, 0.000, 0.671
19, 100, 0.210, 0.675
20, 0, 39.928, 0.002
20, 1, 39.928, 0.685
20, 2, 39.928, 0.683
20, 3, 39.928, 22.061
20, 4, 39.928, 0.678
20, 5, 8.432, 71.009
20, 6, 8.432, 0.677
20, 7, 8.432, 0.670
20, 8, 8.432, 0.676
20, 9, 0.583, 127.646
20, 10, 0.583, 0.678
20, 11, 0.583, 0.669
20, 12, 0.583, 0.677
20, 13, 0.583, 0.669
20, 14, 0.607, 220.433
20, 15, 0.607, 0.673
20, 16, 0.607, 0.678
20, 17, 0.607, 0.667
20, 18, 0.607, 0.677
20, 19, 0.607, 0.673
20, 20, 0.024, 462.942
20, 21, 0.024, 0.674
20, 22, 0.024, 0.676
20, 23, 0.024, 0.668
20, 24, 0.607, 0.681
20, 25, 0.607, 0.672
20, 26, 0.607, 66.608
20, 27, 0.607, 0.670
20, 28, 0.607, 0.679
20, 29, 0.607, 0.667
20, 30, 0.607, 0.680
20, 31, 0.024, 0.670
20, 32, 0.024, 0.676
20, 33, 0.024, 0.664
20, 34, 0.024, 0.682
20, 35, 0.024, 0.670
20, 36, 0.024, 0.682
20, 37, 0.024, 0.671
20, 38, 0.024, 0.681
20, 39, 0.024, 0.668
20, 40, 0.024, 0.680
20, 41, 0.024, 0.670
20, 42, 0.024, 0.678
20, 43, 0.024, 0.676
20, 44, 0.024, 0.677
20, 45, 0.024, 0.670
20, 46, 0.024, 0.678
20, 47, 0.024, 0.670
20, 48, 0.024, 0.678
20, 49, 0.024, 0.670
20, 50, 0.024, 0.679
20, 51, 0.024, 0.669
20, 52, 0.024, 0.677
20, 53, 0.024, 110.677
20, 54, 0.024, 0.680
20, 55, 0.024, 0.671
20, 56, 0.024, 0.680
20, 57, 0.024, 0.676
20, 58, 0.024, 0.679
20, 59, 0.024, 0.668
20, 60, 0.024, 0.678
20, 61, 0.024, 0.672
20, 62, 0.024, 0.677
20, 63, 0.024, 0.668
20, 64, 0.024, 0.679
20, 65, 0.024, 0.671
20, 66, 0.024, 0.676
20, 67, 0.024, 0.668
20, 68, 0.024, 0.676
20, 69, 0.024, 0.671
20, 70, 0.024, 0.679
20, 71, 0.024, 0.671
20, 72, 0.024, 0.678
20, 73, 0.024, 0.667
20, 74, 0.024, 0.678
20, 75, 0.024, 0.668
20, 76, 0.024, 0.675
20, 77, 0.024, 0.670
20, 78, 0.024, 0.673
20, 79, 0.024, 0.672
20, 80, 0.024, 0.676
20, 81, 0.024, 0.666
20, 82, 0.024, 0.676
20, 83, 0.024, 0.673
20, 84, 0.024, 0.672
20, 85, 0.024, 0.667
20, 86, 0.024, 0.676
20, 87, 0.024, 0.669
20, 88, 0.024, 0.673
20, 89, 0.024, 0.670
20, 90, 0.024, 3078.904
20, 91, 0.024, 0.679
20, 92, 0.024, 0.674
20, 93, 0.024, 0.672
20, 94, 0.024, 0.674
20, 95, 0.024, 0.673
20, 96, 0.024, 0.677
20, 97, 0.024, 0.671
20, 98, 0.024, 594.274
20, 99, 0.024, 0.677
20, 100, 0.024, 0.678
