Run, Query, Loss, Time
1, 0, 128.212, 0.002
1, 1, 66.804, 0.065
1, 2, 66.804, 0.036
1, 3, 66.804, 13.610
1, 4, 66.804, 0.036
1, 5, 66.804, 0.036
1, 6, 66.804, 0.036
1, 7, 66.804, 0.036
1, 8, 66.804, 0.036
1, 9, 66.804, 31.490
1, 10, 44.797, 85.955
1, 11, 1.442, 105.429
1, 12, 14.619, 0.046
1, 13, 14.619, 0.036
1, 14, 14.619, 0.036
1, 15, 0.000, 126.879
1, 16, 0.000, 0.035
1, 17, 0.000, 0.036
1, 18, 0.000, 0.036
1, 19, 0.000, 0.036
1, 20, 0.000, 0.036
1, 21, 0.000, 0.036
1, 22, 0.000, 0.036
1, 23, 0.000, 0.037
1, 24, 0.000, 0.037
1, 25, 0.000, 0.037
1, 26, 0.000, 0.036
1, 27, 0.000, 0.036
1, 28, 0.000, 0.035
1, 29, 0.000, 0.036
1, 30, 0.000, 0.037
1, 31, 0.000, 0.038
1, 32, 0.000, 0.037
1, 33, 0.000, 0.038
1, 34, 0.000, 0.037
1, 35, 0.000, 0.036
1, 36, 0.000, 0.042
1, 37, 0.000, 0.038
1, 38, 0.000, 0.041
1, 39, 0.000, 0.040
1, 40, 0.000, 0.037
1, 41, 0.000, 0.037
1, 42, 0.000, 0.036
1, 43, 0.000, 0.044
1, 44, 0.000, 0.048
1, 45, 0.000, 0.069
1, 46, 0.000, 0.086
1, 47, 0.000, 0.070
1, 48, 0.000, 0.039
1, 49, 0.000, 0.065
1, 50, 0.000, 0.054
1, 51, 0.000, 0.064
1, 52, 0.000, 0.087
1, 53, 0.000, 0.075
1, 54, 0.000, 0.075
1, 55, 0.000, 0.087
1, 56, 0.000, 0.086
1, 57, 0.000, 0.086
1, 58, 0.000, 0.076
1, 59, 0.000, 0.046
1, 60, 0.000, 0.075
1, 61, 0.000, 0.087
1, 62, 0.000, 0.087
1, 63, 0.000, 0.087
1, 64, 0.000, 0.087
1, 65, 0.000, 0.087
1, 66, 0.000, 0.087
1, 67, 0.000, 0.087
1, 68, 0.000, 0.087
1, 69, 0.000, 0.086
1, 70, 0.000, 0.087
1, 71, 0.000, 0.087
1, 72, 0.000, 0.086
1, 73, 0.000, 0.087
1, 74, 0.000, 0.087
1, 75, 0.000, 0.087
1, 76, 0.000, 0.087
1, 77, 0.000, 0.087
1, 78, 0.000, 0.087
1, 79, 0.000, 0.086
1, 80, 0.000, 0.087
1, 81, 0.000, 0.087
1, 82, 0.000, 0.087
1, 83, 0.000, 0.087
1, 84, 0.000, 0.087
1, 85, 0.000, 0.087
1, 86, 0.000, 0.087
1, 87, 0.000, 0.087
1, 88, 0.000, 0.087
1, 89, 0.000, 0.087
1, 90, 0.000, 0.087
1, 91, 0.000, 0.087
1, 92, 0.000, 0.087
1, 93, 0.000, 0.087
1, 94, 0.000, 0.087
1, 95, 0.000, 0.087
1, 96, 0.000, 0.087
1, 97, 0.000, 0.087
1, 98, 0.000, 0.087
1, 99, 0.000, 0.087
1, 100, 0.000, 0.086
2, 0, 117.695, 0.002
2, 1, 5.107, 0.049
2, 2, 5.107, 0.036
2, 3, 5.107, 11.190
2, 4, 5.107, 0.048
2, 5, 5.107, 0.049
2, 6, 5.107, 0.048
2, 7, 4.938, 60.470
2, 8, 4.938, 0.035
2, 9, 0.000, 0.049
2, 10, 0.000, 0.036
2, 11, 0.000, 23.080
2, 12, 0.000, 0.036
2, 13, 0.000, 0.036
2, 14, 0.000, 0.036
2, 15, 0.000, 0.036
2, 16, 0.000, 0.036
2, 17, 0.000, 0.036
2, 18, 0.000, 0.035
2, 19, 0.000, 0.036
2, 20, 0.000, 0.036
2, 21, 0.000, 0.035
2, 22, 0.000, 0.036
2, 23, 0.000, 0.036
2, 24, 0.000, 0.035
2, 25, 0.000, 0.035
2, 26, 0.000, 0.035
2, 27, 0.000, 0.037
2, 28, 0.000, 0.036
2, 29, 0.000, 0.035
2, 30, 0.000, 0.035
2, 31, 0.000, 0.037
2, 32, 0.000, 0.039
2, 33, 0.000, 0.036
2, 34, 0.000, 0.036
2, 35, 0.000, 0.035
2, 36, 0.000, 0.040
2, 37, 0.000, 0.049
2, 38, 0.000, 0.042
2, 39, 0.000, 0.039
2, 40, 0.000, 0.037
2, 41, 0.000, 0.043
2, 42, 0.000, 0.045
2, 43, 0.000, 0.050
2, 44, 0.000, 0.036
2, 45, 0.000, 0.056
2, 46, 0.000, 0.043
2, 47, 0.000, 0.043
2, 48, 0.000, 0.058
2, 49, 0.000, 0.075
2, 50, 0.000, 0.046
2, 51, 0.000, 0.042
2, 52, 0.000, 0.058
2, 53, 0.000, 0.059
2, 54, 0.000, 0.075
2, 55, 0.000, 0.075
2, 56, 0.000, 0.076
2, 57, 0.000, 0.058
2, 58, 0.000, 0.039
2, 59, 0.000, 0.054
2, 60, 0.000, 0.075
2, 61, 0.000, 0.050
2, 62, 0.000, 0.087
2, 63, 0.000, 0.087
2, 64, 0.000, 0.087
2, 65, 0.000, 0.087
2, 66, 0.000, 0.087
2, 67, 0.000, 0.087
2, 68, 0.000, 0.087
2, 69, 0.000, 0.087
2, 70, 0.000, 0.087
2, 71, 0.000, 0.055
2, 72, 0.000, 0.087
2, 73, 0.000, 0.087
2, 74, 0.000, 0.087
2, 75, 0.000, 0.087
2, 76, 0.000, 8.737
2, 77, 0.000, 0.087
2, 78, 0.000, 0.087
2, 79, 0.000, 0.087
2, 80, 0.000, 0.087
2, 81, 0.000, 0.075
2, 82, 0.000, 0.087
2, 83, 0.000, 0.087
2, 84, 0.000, 0.087
2, 85, 0.000, 0.075
2, 86, 0.000, 0.087
2, 87, 0.000, 0.087
2, 88, 0.000, 0.087
2, 89, 0.000, 0.087
2, 90, 0.000, 0.087
2, 91, 0.000, 0.076
2, 92, 0.000, 0.087
2, 93, 0.000, 0.086
2, 94, 0.000, 0.087
2, 95, 0.000, 0.087
2, 96, 0.000, 0.087
2, 97, 0.000, 0.087
2, 98, 0.000, 0.087
2, 99, 0.000, 0.087
2, 100, 0.000, 0.087
3, 0, 0.000, 0.002
3, 1, 90.701, 0.037
3, 2, 90.701, 0.036
3, 3, 48.024, 30.575
3, 4, 48.024, 0.046
3, 5, 48.024, 0.036
3, 6, 48.024, 0.036
3, 7, 48.024, 0.036
3, 8, 48.024, 15.251
3, 9, 34.687, 0.036
3, 10, 22.035, 97.910
3, 11, 22.035, 0.046
3, 12, 22.035, 0.036
3, 13, 22.035, 0.036
3, 14, 16.941, 141.540
3, 15, 16.941, 0.035
3, 16, 16.941, 0.036
3, 17, 16.941, 0.036
3, 18, 16.941, 0.036
3, 19, 0.654, 184.915
3, 20, 0.654, 0.035
3, 21, 0.654, 0.035
3, 22, 0.654, 0.036
3, 23, 0.000, 286.047
3, 24, 0.654, 0.036
3, 25, 0.000, 0.036
3, 26, 0.000, 0.036
3, 27, 0.000, 0.036
3, 28, 0.000, 0.036
3, 29, 0.000, 0.036
3, 30, 0.654, 68.802
3, 31, 0.000, 0.036
3, 32, 0.000, 0.036
3, 33, 0.000, 0.036
3, 34, 0.000, 0.036
3, 35, 0.000, 0.036
3, 36, 0.000, 0.036
3, 37, 0.000, 0.036
3, 38, 0.000, 0.036
3, 39, 0.000, 0.035
3, 40, 0.000, 0.037
3, 41, 0.000, 0.036
3, 42, 0.000, 0.035
3, 43, 0.000, 0.036
3, 44, 0.000, 0.036
3, 45, 0.000, 0.035
3, 46, 0.000, 0.036
3, 47, 0.000, 0.036
3, 48, 0.000, 0.035
3, 49, 0.000, 0.036
3, 50, 0.000, 0.035
3, 51, 0.000, 0.036
3, 52, 0.000, 0.036
3, 53, 0.000, 0.035
3, 54, 0.000, 0.036
3, 55, 0.000, 0.036
3, 56, 0.000, 0.036
3, 57, 0.000, 0.038
3, 58, 0.000, 0.036
3, 59, 0.000, 0.036
3, 60, 0.000, 0.036
3, 61, 0.000, 0.037
3, 62, 0.000, 0.036
3, 63, 0.000, 31.832
3, 64, 0.000, 0.036
3, 65, 0.000, 0.036
3, 66, 0.000, 0.036
3, 67, 0.000, 0.036
3, 68, 0.000, 0.035
3, 69, 0.000, 0.037
3, 70, 0.000, 0.036
3, 71, 0.000, 0.035
3, 72, 0.000, 0.038
3, 73, 0.000, 0.036
3, 74, 0.000, 0.035
3, 75, 0.000, 0.036
3, 76, 0.000, 0.036
3, 77, 0.000, 0.035
3, 78, 0.000, 0.035
3, 79, 0.000, 0.041
3, 80, 0.000, 0.037
3, 81, 0.000, 0.047
3, 82, 0.000, 0.038
3, 83, 0.000, 0.046
3, 84, 0.000, 0.035
3, 85, 0.000, 0.048
3, 86, 0.000, 0.037
3, 87, 0.000, 0.037
3, 88, 0.000, 0.043
3, 89, 0.000, 0.041
3, 90, 0.000, 0.042
3, 91, 0.000, 0.045
3, 92, 0.000, 0.044
3, 93, 0.000, 0.048
3, 94, 0.000, 0.035
3, 95, 0.000, 0.039
3, 96, 0.000, 0.041
3, 97, 0.000, 0.049
3, 98, 0.000, 0.039
3, 99, 0.000, 0.044
3, 100, 0.000, 0.058
4, 0, 96.914, 0.002
4, 1, 14.664, 0.049
4, 2, 14.664, 0.036
4, 3, 14.664, 16.425
4, 4, 11.287, 0.035
4, 5, 11.287, 0.036
4, 6, 11.287, 0.048
4, 7, 11.287, 8.385
4, 8, 11.287, 0.036
4, 9, 11.287, 0.036
4, 10, 11.287, 0.036
4, 11, 11.287, 0.036
4, 12, 11.287, 0.036
4, 13, 11.287, 0.036
4, 14, 0.000, 113.893
4, 15, 0.000, 0.035
4, 16, 0.000, 0.035
4, 17, 0.000, 0.036
4, 18, 0.000, 0.036
4, 19, 0.000, 0.036
4, 20, 0.000, 0.036
4, 21, 0.000, 0.035
4, 22, 0.000, 0.037
4, 23, 0.000, 0.037
4, 24, 0.000, 0.036
4, 25, 0.000, 0.036
4, 26, 0.000, 0.036
4, 27, 0.000, 0.036
4, 28, 0.000, 0.036
4, 29, 0.000, 0.036
4, 30, 0.000, 0.036
4, 31, 0.000, 0.042
4, 32, 0.000, 0.035
4, 33, 0.000, 0.044
4, 34, 0.000, 0.040
4, 35, 0.000, 0.037
4, 36, 0.000, 0.038
4, 37, 0.000, 0.038
4, 38, 0.000, 0.037
4, 39, 0.000, 0.042
4, 40, 0.000, 0.037
4, 41, 0.000, 0.041
4, 42, 0.000, 0.040
4, 43, 0.000, 0.044
4, 44, 0.000, 0.036
4, 45, 0.000, 0.051
4, 46, 0.000, 0.045
4, 47, 0.000, 0.040
4, 48, 0.000, 0.037
4, 49, 0.000, 0.036
4, 50, 0.000, 0.036
4, 51, 0.000, 0.038
4, 52, 0.000, 0.039
4, 53, 0.000, 0.057
4, 54, 0.000, 0.044
4, 55, 0.000, 0.041
4, 56, 0.000, 0.053
4, 57, 0.000, 0.053
4, 58, 0.000, 0.074
4, 59, 0.000, 0.054
4, 60, 0.000, 0.087
4, 61, 0.000, 0.038
4, 62, 0.000, 0.065
4, 63, 0.000, 0.060
4, 64, 0.000, 0.036
4, 65, 0.000, 0.087
4, 66, 0.000, 0.056
4, 67, 0.000, 0.050
4, 68, 0.000, 0.068
4, 69, 0.000, 0.046
4, 70, 0.000, 0.076
4, 71, 0.000, 0.075
4, 72, 0.000, 0.054
4, 73, 0.000, 0.087
4, 74, 0.000, 0.075
4, 75, 0.000, 0.054
4, 76, 0.000, 0.076
4, 77, 0.000, 0.075
4, 78, 0.000, 0.075
4, 79, 0.000, 0.087
4, 80, 0.000, 0.087
4, 81, 0.000, 0.075
4, 82, 0.000, 0.087
4, 83, 0.000, 0.075
4, 84, 0.000, 0.086
4, 85, 0.000, 0.087
4, 86, 0.000, 0.086
4, 87, 0.000, 0.087
4, 88, 0.000, 0.087
4, 89, 0.000, 0.087
4, 90, 0.000, 0.087
4, 91, 0.000, 0.087
4, 92, 0.000, 0.087
4, 93, 0.000, 0.087
4, 94, 0.000, 0.087
4, 95, 0.000, 0.087
4, 96, 0.000, 0.087
4, 97, 0.000, 0.087
4, 98, 0.000, 0.087
4, 99, 0.000, 0.087
4, 100, 0.000, 0.087
5, 0, 67.491, 0.002
5, 1, 71.584, 0.037
5, 2, 71.584, 0.036
5, 3, 71.584, 15.385
5, 4, 44.961, 0.035
5, 5, 44.961, 0.036
5, 6, 44.961, 0.036
5, 7, 44.961, 10.973
5, 8, 44.961, 0.048
5, 9, 44.961, 0.036
5, 10, 41.001, 95.575
5, 11, 41.001, 0.035
5, 12, 38.014, 117.151
5, 13, 38.014, 0.046
5, 14, 38.014, 0.048
5, 15, 0.000, 145.277
5, 16, 0.000, 0.035
5, 17, 0.000, 0.036
5, 18, 0.000, 0.047
5, 19, 0.000, 0.035
5, 20, 0.000, 0.036
5, 21, 0.000, 0.036
5, 22, 0.000, 0.035
5, 23, 0.000, 0.037
5, 24, 0.000, 0.037
5, 25, 0.000, 0.036
5, 26, 0.000, 0.035
5, 27, 0.000, 0.036
5, 28, 0.000, 0.037
5, 29, 0.000, 0.040
5, 30, 0.000, 0.035
5, 31, 0.000, 0.037
5, 32, 0.000, 0.035
5, 33, 0.000, 0.035
5, 34, 0.000, 0.037
5, 35, 0.000, 0.056
5, 36, 0.000, 0.044
5, 37, 0.000, 0.041
5, 38, 0.000, 0.039
5, 39, 0.000, 0.043
5, 40, 0.000, 0.045
5, 41, 0.000, 0.042
5, 42, 0.000, 0.058
5, 43, 0.000, 0.048
5, 44, 0.000, 0.057
5, 45, 0.000, 0.043
5, 46, 0.000, 0.048
5, 47, 0.000, 0.042
5, 48, 0.000, 0.069
5, 49, 0.000, 0.057
5, 50, 0.000, 0.038
5, 51, 0.000, 0.049
5, 52, 0.000, 0.053
5, 53, 0.000, 0.086
5, 54, 0.000, 0.075
5, 55, 0.000, 0.087
5, 56, 0.000, 0.055
5, 57, 0.000, 0.075
5, 58, 0.000, 0.087
5, 59, 0.000, 0.054
5, 60, 0.000, 0.075
5, 61, 0.000, 0.087
5, 62, 0.000, 0.087
5, 63, 0.000, 0.087
5, 64, 0.000, 0.087
5, 65, 0.000, 0.087
5, 66, 0.000, 0.075
5, 67, 0.000, 0.087
5, 68, 0.000, 0.087
5, 69, 0.000, 0.060
5, 70, 0.000, 0.087
5, 71, 0.000, 0.087
5, 72, 0.000, 0.087
5, 73, 0.000, 0.087
5, 74, 0.000, 0.087
5, 75, 0.000, 0.087
5, 76, 0.000, 0.087
5, 77, 0.000, 0.087
5, 78, 0.000, 0.087
5, 79, 0.000, 0.087
5, 80, 0.000, 0.087
5, 81, 0.000, 0.087
5, 82, 0.000, 0.087
5, 83, 0.000, 0.087
5, 84, 0.000, 0.087
5, 85, 0.000, 0.087
5, 86, 0.000, 0.087
5, 87, 0.000, 0.087
5, 88, 0.000, 0.087
5, 89, 0.000, 0.087
5, 90, 0.000, 0.087
5, 91, 0.000, 0.087
5, 92, 0.000, 0.087
5, 93, 0.000, 0.088
5, 94, 0.000, 0.087
5, 95, 0.000, 0.087
5, 96, 0.000, 0.087
5, 97, 0.000, 0.087
5, 98, 0.000, 0.088
5, 99, 0.000, 0.087
5, 100, 0.000, 0.087
6, 0, 122.041, 0.002
6, 1, 117.481, 0.049
6, 2, 77.706, 25.185
6, 3, 47.158, 0.034
6, 4, 43.144, 40.979
6, 5, 43.144, 0.035
6, 6, 43.144, 0.036
6, 7, 36.423, 73.099
6, 8, 36.423, 0.035
6, 9, 36.423, 0.036
6, 10, 36.423, 0.037
6, 11, 36.423, 0.036
6, 12, 36.423, 0.037
6, 13, 36.423, 0.036
6, 14, 0.000, 152.249
6, 15, 0.000, 0.035
6, 16, 0.000, 0.035
6, 17, 0.000, 0.035
6, 18, 0.000, 0.036
6, 19, 0.000, 0.035
6, 20, 0.000, 0.035
6, 21, 0.000, 0.036
6, 22, 0.000, 0.036
6, 23, 0.000, 0.035
6, 24, 0.000, 0.036
6, 25, 0.000, 0.036
6, 26, 0.000, 0.036
6, 27, 0.000, 0.035
6, 28, 0.000, 0.036
6, 29, 0.000, 0.036
6, 30, 0.000, 0.038
6, 31, 0.000, 0.037
6, 32, 0.000, 0.036
6, 33, 0.000, 0.041
6, 34, 0.000, 0.038
6, 35, 0.000, 0.054
6, 36, 0.000, 0.040
6, 37, 0.000, 0.043
6, 38, 0.000, 0.039
6, 39, 0.000, 0.038
6, 40, 0.000, 0.037
6, 41, 0.000, 0.060
6, 42, 0.000, 0.047
6, 43, 0.000, 0.041
6, 44, 0.000, 584.052
6, 45, 0.000, 0.036
6, 46, 0.000, 0.038
6, 47, 0.000, 0.036
6, 48, 0.000, 0.037
6, 49, 0.000, 0.046
6, 50, 0.000, 0.043
6, 51, 0.000, 0.035
6, 52, 0.000, 0.038
6, 53, 0.000, 0.039
6, 54, 0.000, 0.039
6, 55, 0.000, 0.039
6, 56, 0.000, 0.048
6, 57, 0.000, 0.045
6, 58, 0.000, 0.040
6, 59, 0.000, 0.068
6, 60, 0.000, 0.075
6, 61, 0.000, 0.075
6, 62, 0.000, 0.037
6, 63, 0.000, 0.076
6, 64, 0.000, 0.039
6, 65, 0.000, 0.069
6, 66, 0.000, 0.075
6, 67, 0.000, 0.064
6, 68, 0.000, 0.087
6, 69, 0.000, 0.087
6, 70, 0.000, 0.075
6, 71, 0.000, 0.086
6, 72, 0.000, 0.037
6, 73, 0.000, 0.086
6, 74, 0.000, 0.086
6, 75, 0.000, 0.066
6, 76, 0.000, 0.086
6, 77, 0.000, 0.087
6, 78, 0.000, 0.087
6, 79, 0.000, 0.087
6, 80, 0.000, 0.087
6, 81, 0.000, 0.035
6, 82, 0.000, 0.087
6, 83, 0.000, 0.087
6, 84, 0.000, 0.045
6, 85, 0.000, 0.087
6, 86, 0.000, 0.087
6, 87, 0.000, 0.066
6, 88, 0.000, 0.087
6, 89, 0.000, 0.087
6, 90, 0.000, 0.088
6, 91, 0.000, 0.087
6, 92, 0.000, 0.087
6, 93, 0.000, 0.087
6, 94, 0.000, 0.087
6, 95, 0.000, 0.087
6, 96, 0.000, 0.087
6, 97, 0.000, 0.087
6, 98, 0.000, 0.059
6, 99, 0.000, 0.087
6, 100, 0.000, 0.087
7, 0, 110.737, 0.002
7, 1, 196.096, 0.037
7, 2, 83.859, 26.855
7, 3, 7.468, 38.387
7, 4, 7.468, 0.035
7, 5, 7.468, 0.049
7, 6, 7.468, 0.036
7, 7, 7.468, 0.036
7, 8, 7.468, 15.870
7, 9, 7.468, 0.048
7, 10, 1.533, 96.516
7, 11, 1.533, 0.035
7, 12, 1.533, 0.035
7, 13, 1.533, 0.036
7, 14, 1.533, 0.036
7, 15, 1.533, 0.037
7, 16, 0.000, 167.036
7, 17, 0.000, 0.035
7, 18, 0.000, 0.036
7, 19, 0.000, 0.035
7, 20, 0.000, 0.037
7, 21, 0.000, 0.036
7, 22, 0.000, 0.036
7, 23, 0.000, 0.035
7, 24, 0.000, 0.038
7, 25, 0.000, 0.036
7, 26, 0.000, 0.035
7, 27, 0.000, 0.036
7, 28, 0.000, 0.038
7, 29, 0.000, 0.036
7, 30, 0.000, 0.036
7, 31, 0.000, 360.995
7, 32, 0.000, 0.035
7, 33, 0.000, 0.036
7, 34, 0.000, 0.036
7, 35, 0.000, 0.036
7, 36, 0.000, 0.036
7, 37, 0.000, 0.035
7, 38, 0.000, 0.035
7, 39, 0.000, 0.036
7, 40, 0.000, 0.048
7, 41, 0.000, 0.036
7, 42, 0.000, 0.035
7, 43, 0.000, 0.037
7, 44, 0.000, 0.036
7, 45, 0.000, 0.038
7, 46, 0.000, 0.036
7, 47, 0.000, 0.036
7, 48, 0.000, 0.036
7, 49, 0.000, 0.035
7, 50, 0.000, 0.037
7, 51, 0.000, 0.035
7, 52, 0.000, 0.037
7, 53, 0.000, 0.036
7, 54, 0.000, 0.035
7, 55, 0.000, 0.037
7, 56, 0.000, 0.036
7, 57, 0.000, 0.040
7, 58, 0.000, 0.038
7, 59, 0.000, 0.041
7, 60, 0.000, 182.322
7, 61, 0.000, 0.037
7, 62, 0.000, 0.036
7, 63, 0.000, 0.042
7, 64, 0.000, 0.042
7, 65, 0.000, 0.040
7, 66, 0.000, 0.057
7, 67, 0.000, 0.052
7, 68, 0.000, 0.061
7, 69, 0.000, 0.035
7, 70, 0.000, 0.037
7, 71, 0.000, 0.053
7, 72, 0.000, 0.035
7, 73, 0.000, 0.040
7, 74, 0.000, 0.040
7, 75, 0.000, 0.041
7, 76, 0.000, 0.037
7, 77, 0.000, 0.075
7, 78, 0.000, 0.075
7, 79, 0.000, 0.061
7, 80, 0.000, 0.050
7, 81, 0.000, 0.049
7, 82, 0.000, 0.056
7, 83, 0.000, 0.073
7, 84, 0.000, 0.075
7, 85, 0.000, 0.075
7, 86, 0.000, 0.075
7, 87, 0.000, 0.075
7, 88, 0.000, 0.058
7, 89, 0.000, 0.075
7, 90, 0.000, 0.075
7, 91, 0.000, 0.055
7, 92, 0.000, 0.037
7, 93, 0.000, 0.076
7, 94, 0.000, 0.076
7, 95, 0.000, 0.051
7, 96, 0.000, 0.051
7, 97, 0.000, 0.076
7, 98, 0.000, 0.041
7, 99, 0.000, 0.076
7, 100, 0.000, 0.076
8, 0, 223.101, 0.002
8, 1, 71.967, 0.049
8, 2, 71.967, 0.036
8, 3, 71.967, 0.036
8, 4, 71.967, 11.884
8, 5, 71.967, 0.036
8, 6, 71.967, 0.036
8, 7, 71.967, 0.036
8, 8, 71.967, 0.036
8, 9, 71.967, 28.036
8, 10, 0.000, 82.598
8, 11, 0.000, 0.035
8, 12, 0.000, 0.036
8, 13, 0.000, 0.036
8, 14, 0.000, 0.048
8, 15, 0.000, 0.036
8, 16, 0.000, 0.036
8, 17, 0.000, 20.448
8, 18, 0.000, 0.036
8, 19, 0.000, 0.036
8, 20, 0.000, 0.036
8, 21, 0.000, 0.035
8, 22, 0.000, 0.036
8, 23, 0.000, 0.036
8, 24, 0.000, 0.036
8, 25, 0.000, 0.036
8, 26, 0.000, 0.036
8, 27, 0.000, 0.037
8, 28, 0.000, 0.036
8, 29, 0.000, 0.036
8, 30, 0.000, 0.036
8, 31, 0.000, 0.037
8, 32, 0.000, 0.036
8, 33, 0.000, 0.036
8, 34, 0.000, 0.036
8, 35, 0.000, 0.038
8, 36, 0.000, 0.036
8, 37, 0.000, 0.040
8, 38, 0.000, 0.038
8, 39, 0.000, 0.035
8, 40, 0.000, 0.038
8, 41, 0.000, 0.037
8, 42, 0.000, 0.036
8, 43, 0.000, 0.046
8, 44, 0.000, 0.043
8, 45, 0.000, 0.036
8, 46, 0.000, 0.050
8, 47, 0.000, 0.041
8, 48, 0.000, 0.054
8, 49, 0.000, 0.044
8, 50, 0.000, 0.043
8, 51, 0.000, 0.045
8, 52, 0.000, 0.042
8, 53, 0.000, 0.037
8, 54, 0.000, 0.067
8, 55, 0.000, 0.055
8, 56, 0.000, 0.069
8, 57, 0.000, 0.086
8, 58, 0.000, 0.072
8, 59, 0.000, 0.042
8, 60, 0.000, 0.051
8, 61, 0.000, 0.040
8, 62, 0.000, 0.047
8, 63, 0.000, 0.050
8, 64, 0.000, 0.086
8, 65, 0.000, 0.086
8, 66, 0.000, 0.053
8, 67, 0.000, 0.086
8, 68, 0.000, 0.086
8, 69, 0.000, 0.086
8, 70, 0.000, 0.075
8, 71, 0.000, 0.086
8, 72, 0.000, 0.075
8, 73, 0.000, 0.086
8, 74, 0.000, 0.086
8, 75, 0.000, 0.057
8, 76, 0.000, 0.075
8, 77, 0.000, 0.075
8, 78, 0.000, 0.086
8, 79, 0.000, 0.086
8, 80, 0.000, 0.056
8, 81, 0.000, 0.086
8, 82, 0.000, 0.059
8, 83, 0.000, 0.086
8, 84, 0.000, 0.086
8, 85, 0.000, 0.086
8, 86, 0.000, 0.086
8, 87, 0.000, 0.087
8, 88, 0.000, 0.087
8, 89, 0.000, 0.087
8, 90, 0.000, 0.087
8, 91, 0.000, 0.087
8, 92, 0.000, 0.087
8, 93, 0.000, 0.088
8, 94, 0.000, 0.087
8, 95, 0.000, 0.087
8, 96, 0.000, 0.087
8, 97, 0.000, 0.087
8, 98, 0.000, 0.087
8, 99, 0.000, 0.087
8, 100, 0.000, 0.087
9, 0, 206.342, 0.002
9, 1, 122.438, 0.037
9, 2, 122.438, 0.037
9, 3, 122.438, 19.019
9, 4, 122.438, 0.035
9, 5, 69.498, 43.689
9, 6, 0.000, 0.046
9, 7, 0.000, 0.036
9, 8, 0.000, 0.037
9, 9, 0.000, 18.752
9, 10, 0.000, 0.048
9, 11, 0.000, 0.049
9, 12, 0.000, 0.036
9, 13, 0.000, 0.036
9, 14, 0.000, 0.036
9, 15, 0.000, 0.036
9, 16, 0.000, 0.036
9, 17, 0.000, 0.035
9, 18, 0.000, 23.712
9, 19, 0.000, 0.035
9, 20, 0.000, 0.036
9, 21, 0.000, 0.037
9, 22, 0.000, 0.035
9, 23, 0.000, 0.035
9, 24, 0.000, 0.035
9, 25, 0.000, 0.036
9, 26, 0.000, 0.036
9, 27, 0.000, 0.035
9, 28, 0.000, 0.036
9, 29, 0.000, 0.038
9, 30, 0.000, 0.037
9, 31, 0.000, 0.043
9, 32, 0.000, 0.037
9, 33, 0.000, 0.046
9, 34, 0.000, 0.038
9, 35, 0.000, 0.049
9, 36, 0.000, 0.040
9, 37, 0.000, 0.036
9, 38, 0.000, 0.035
9, 39, 0.000, 0.037
9, 40, 0.000, 0.047
9, 41, 0.000, 0.046
9, 42, 0.000, 0.054
9, 43, 0.000, 0.052
9, 44, 0.000, 0.042
9, 45, 0.000, 0.037
9, 46, 0.000, 0.061
9, 47, 0.000, 0.043
9, 48, 0.000, 0.071
9, 49, 0.000, 0.053
9, 50, 0.000, 0.036
9, 51, 0.000, 0.040
9, 52, 0.000, 0.040
9, 53, 0.000, 0.041
9, 54, 0.000, 0.041
9, 55, 0.000, 0.037
9, 56, 0.000, 0.045
9, 57, 0.000, 0.039
9, 58, 0.000, 0.059
9, 59, 0.000, 0.062
9, 60, 0.000, 0.075
9, 61, 0.000, 0.087
9, 62, 0.000, 0.043
9, 63, 0.000, 0.037
9, 64, 0.000, 0.057
9, 65, 0.000, 0.087
9, 66, 0.000, 0.075
9, 67, 0.000, 0.086
9, 68, 0.000, 0.087
9, 69, 0.000, 0.086
9, 70, 0.000, 0.087
9, 71, 0.000, 0.086
9, 72, 0.000, 0.086
9, 73, 0.000, 0.087
9, 74, 0.000, 0.086
9, 75, 0.000, 0.087
9, 76, 0.000, 0.086
9, 77, 0.000, 0.086
9, 78, 0.000, 0.086
9, 79, 0.000, 0.087
9, 80, 0.000, 0.086
9, 81, 0.000, 0.087
9, 82, 0.000, 0.087
9, 83, 0.000, 0.087
9, 84, 0.000, 0.086
9, 85, 0.000, 0.087
9, 86, 0.000, 0.087
9, 87, 0.000, 0.087
9, 88, 0.000, 0.087
9, 89, 0.000, 0.087
9, 90, 0.000, 0.088
9, 91, 0.000, 0.087
9, 92, 0.000, 0.087
9, 93, 0.000, 0.087
9, 94, 0.000, 0.088
9, 95, 0.000, 0.087
9, 96, 0.000, 0.087
9, 97, 0.000, 0.087
9, 98, 0.000, 0.087
9, 99, 0.000, 0.087
9, 100, 0.000, 0.087
10, 0, 167.385, 0.002
10, 1, 66.259, 0.037
10, 2, 66.259, 0.036
10, 3, 66.259, 0.036
10, 4, 66.259, 18.989
10, 5, 66.259, 0.035
10, 6, 40.939, 59.555
10, 7, 53.250, 0.057
10, 8, 22.018, 59.275
10, 9, 22.018, 0.035
10, 10, 22.018, 0.036
10, 11, 22.018, 0.036
10, 12, 22.018, 0.036
10, 13, 22.018, 0.036
10, 14, 22.018, 0.048
10, 15, 22.018, 0.036
10, 16, 22.018, 0.036
10, 17, 22.018, 53.075
10, 18, 6.870, 160.713
10, 19, 6.870, 0.036
10, 20, 3.884, 189.303
10, 21, 3.884, 0.047
10, 22, 3.884, 0.035
10, 23, 3.884, 0.036
10, 24, 0.000, 264.554
10, 25, 0.000, 0.036
10, 26, 0.000, 0.036
10, 27, 0.000, 0.035
10, 28, 0.000, 0.035
10, 29, 0.000, 0.037
10, 30, 0.000, 0.036
10, 31, 0.000, 0.038
10, 32, 0.000, 0.035
10, 33, 0.000, 0.037
10, 34, 0.000, 0.037
10, 35, 0.000, 0.042
10, 36, 0.000, 0.041
10, 37, 0.000, 0.052
10, 38, 0.000, 0.042
10, 39, 0.000, 0.043
10, 40, 0.000, 0.039
10, 41, 0.000, 0.039
10, 42, 0.000, 0.050
10, 43, 0.000, 0.041
10, 44, 0.000, 0.048
10, 45, 0.000, 0.046
10, 46, 0.000, 0.037
10, 47, 0.000, 0.075
10, 48, 0.000, 0.038
10, 49, 0.000, 0.052
10, 50, 0.000, 0.048
10, 51, 0.000, 0.061
10, 52, 0.000, 0.087
10, 53, 0.000, 0.036
10, 54, 0.000, 0.062
10, 55, 0.000, 0.075
10, 56, 0.000, 0.087
10, 57, 0.000, 0.088
10, 58, 0.000, 0.043
10, 59, 0.000, 0.039
10, 60, 0.000, 0.073
10, 61, 0.000, 0.075
10, 62, 0.000, 0.087
10, 63, 0.000, 0.086
10, 64, 0.000, 0.086
10, 65, 0.000, 0.087
10, 66, 0.000, 0.087
10, 67, 0.000, 0.075
10, 68, 0.000, 0.087
10, 69, 0.000, 0.087
10, 70, 0.000, 0.086
10, 71, 0.000, 0.087
10, 72, 0.000, 0.087
10, 73, 0.000, 0.087
10, 74, 0.000, 0.087
10, 75, 0.000, 0.088
10, 76, 0.000, 0.087
10, 77, 0.000, 0.087
10, 78, 0.000, 0.087
10, 79, 0.000, 0.087
10, 80, 0.000, 0.087
10, 81, 0.000, 0.087
10, 82, 0.000, 0.087
10, 83, 0.000, 0.088
10, 84, 0.000, 0.087
10, 85, 0.000, 0.087
10, 86, 0.000, 0.087
10, 87, 0.000, 0.087
10, 88, 0.000, 0.087
10, 89, 0.000, 0.087
10, 90, 0.000, 0.087
10, 91, 0.000, 0.087
10, 92, 0.000, 0.087
10, 93, 0.000, 0.087
10, 94, 0.000, 0.087
10, 95, 0.000, 0.088
10, 96, 0.000, 0.088
10, 97, 0.000, 0.088
10, 98, 0.000, 0.088
10, 99, 0.000, 0.088
10, 100, 0.000, 0.087
11, 0, 149.202, 0.002
11, 1, 102.337, 0.062
11, 2, 102.337, 0.037
11, 3, 102.337, 19.378
11, 4, 102.337, 0.035
11, 5, 102.337, 0.036
11, 6, 102.337, 0.037
11, 7, 102.337, 0.036
11, 8, 102.337, 23.705
11, 9, 102.337, 0.048
11, 10, 102.337, 0.036
11, 11, 81.062, 100.052
11, 12, 35.995, 0.045
11, 13, 0.000, 111.786
11, 14, 0.000, 0.035
11, 15, 0.000, 0.036
11, 16, 0.000, 0.036
11, 17, 0.000, 0.036
11, 18, 0.000, 0.035
11, 19, 0.000, 0.037
11, 20, 0.000, 0.036
11, 21, 0.000, 0.036
11, 22, 0.000, 0.036
11, 23, 0.000, 0.036
11, 24, 0.000, 0.035
11, 25, 0.000, 0.037
11, 26, 0.000, 0.037
11, 27, 0.000, 0.038
11, 28, 0.000, 0.035
11, 29, 0.000, 0.035
11, 30, 0.000, 0.035
11, 31, 0.000, 0.035
11, 32, 0.000, 0.040
11, 33, 0.000, 0.036
11, 34, 0.000, 0.036
11, 35, 0.000, 0.036
11, 36, 0.000, 0.037
11, 37, 0.000, 0.036
11, 38, 0.000, 0.036
11, 39, 0.000, 0.038
11, 40, 0.000, 0.035
11, 41, 0.000, 0.040
11, 42, 0.000, 0.036
11, 43, 0.000, 0.046
11, 44, 0.000, 0.036
11, 45, 0.000, 0.048
11, 46, 0.000, 0.053
11, 47, 0.000, 0.036
11, 48, 0.000, 0.047
11, 49, 0.000, 0.037
11, 50, 0.000, 0.040
11, 51, 0.000, 0.037
11, 52, 0.000, 0.043
11, 53, 0.000, 0.040
11, 54, 0.000, 0.047
11, 55, 0.000, 0.037
11, 56, 0.000, 0.044
11, 57, 0.000, 0.036
11, 58, 0.000, 0.037
11, 59, 0.000, 0.037
11, 60, 0.000, 0.060
11, 61, 0.000, 0.043
11, 62, 0.000, 0.043
11, 63, 0.000, 0.073
11, 64, 0.000, 0.076
11, 65, 0.000, 0.051
11, 66, 0.000, 0.035
11, 67, 0.000, 0.058
11, 68, 0.000, 0.049
11, 69, 0.000, 0.075
11, 70, 0.000, 0.086
11, 71, 0.000, 0.075
11, 72, 0.000, 0.086
11, 73, 0.000, 0.036
11, 74, 0.000, 0.058
11, 75, 0.000, 0.086
11, 76, 0.000, 0.075
11, 77, 0.000, 0.086
11, 78, 0.000, 0.086
11, 79, 0.000, 0.086
11, 80, 0.000, 0.065
11, 81, 0.000, 0.086
11, 82, 0.000, 0.087
11, 83, 0.000, 0.066
11, 84, 0.000, 0.087
11, 85, 0.000, 0.086
11, 86, 0.000, 0.087
11, 87, 0.000, 0.086
11, 88, 0.000, 0.087
11, 89, 0.000, 0.087
11, 90, 0.000, 0.087
11, 91, 0.000, 0.087
11, 92, 0.000, 0.087
11, 93, 0.000, 0.087
11, 94, 0.000, 0.087
11, 95, 0.000, 0.087
11, 96, 0.000, 0.087
11, 97, 0.000, 0.087
11, 98, 0.000, 0.087
11, 99, 0.000, 0.087
11, 100, 0.000, 0.088
12, 0, 92.730, 0.002
12, 1, 68.253, 0.049
12, 2, 17.361, 23.540
12, 3, 17.361, 0.035
12, 4, 17.361, 0.048
12, 5, 17.361, 0.036
12, 6, 17.361, 0.048
12, 7, 17.361, 0.036
12, 8, 17.361, 0.037
12, 9, 17.361, 21.336
12, 10, 17.361, 0.036
12, 11, 17.361, 0.036
12, 12, 1.624, 95.281
12, 13, 0.000, 110.508
12, 14, 0.000, 0.035
12, 15, 0.000, 0.036
12, 16, 0.000, 0.036
12, 17, 0.000, 0.036
12, 18, 0.000, 0.036
12, 19, 0.000, 0.036
12, 20, 0.000, 0.035
12, 21, 0.000, 0.036
12, 22, 0.000, 0.036
12, 23, 0.000, 0.036
12, 24, 0.000, 0.036
12, 25, 0.000, 0.035
12, 26, 0.000, 0.035
12, 27, 0.000, 0.037
12, 28, 0.000, 344.660
12, 29, 0.503, 0.036
12, 30, 0.000, 0.036
12, 31, 0.000, 0.036
12, 32, 0.000, 0.035
12, 33, 0.000, 0.036
12, 34, 0.000, 0.036
12, 35, 0.000, 0.037
12, 36, 0.000, 34.251
12, 37, 0.000, 0.036
12, 38, 0.000, 0.036
12, 39, 0.000, 0.036
12, 40, 0.000, 0.036
12, 41, 0.000, 681.796
12, 42, 0.000, 0.036
12, 43, 0.000, 0.036
12, 44, 0.000, 0.037
12, 45, 0.000, 0.036
12, 46, 0.000, 0.036
12, 47, 0.000, 0.036
12, 48, 0.000, 0.036
12, 49, 0.000, 0.036
12, 50, 0.000, 0.036
12, 51, 0.000, 0.036
12, 52, 0.000, 0.036
12, 53, 0.000, 0.037
12, 54, 0.000, 0.037
12, 55, 0.000, 0.036
12, 56, 0.000, 0.036
12, 57, 0.000, 0.036
12, 58, 0.000, 0.036
12, 59, 0.000, 0.037
12, 60, 0.000, 44.603
12, 61, 0.000, 0.036
12, 62, 0.000, 0.036
12, 63, 0.000, 0.036
12, 64, 0.000, 0.036
12, 65, 0.000, 0.036
12, 66, 0.000, 0.036
12, 67, 0.000, 0.036
12, 68, 0.000, 0.036
12, 69, 0.000, 0.036
12, 70, 0.000, 0.035
12, 71, 0.000, 0.035
12, 72, 0.000, 0.036
12, 73, 0.000, 0.036
12, 74, 0.000, 0.037
12, 75, 0.000, 0.036
12, 76, 0.000, 0.036
12, 77, 0.000, 0.036
12, 78, 0.000, 0.036
12, 79, 0.000, 0.036
12, 80, 0.000, 0.036
12, 81, 0.000, 0.036
12, 82, 0.000, 0.036
12, 83, 0.000, 0.036
12, 84, 0.000, 0.036
12, 85, 0.000, 0.036
12, 86, 0.000, 0.036
12, 87, 0.000, 0.036
12, 88, 0.000, 0.036
12, 89, 0.000, 0.037
12, 90, 0.000, 0.036
12, 91, 0.000, 0.036
12, 92, 0.000, 0.036
12, 93, 0.000, 63.827
12, 94, 0.000, 0.036
12, 95, 0.000, 0.036
12, 96, 0.000, 0.037
12, 97, 0.000, 0.036
12, 98, 0.000, 0.037
12, 99, 0.000, 0.037
12, 100, 0.000, 0.036
13, 0, 77.406, 0.002
13, 1, 87.648, 0.050
13, 2, 87.648, 0.036
13, 3, 72.369, 32.193
13, 4, 6.778, 0.034
13, 5, 6.778, 23.300
13, 6, 6.778, 0.036
13, 7, 6.778, 0.036
13, 8, 6.778, 0.061
13, 9, 6.778, 0.048
13, 10, 6.778, 32.747
13, 11, 0.000, 100.433
13, 12, 0.000, 0.035
13, 13, 0.000, 0.049
13, 14, 0.000, 0.048
13, 15, 0.000, 0.036
13, 16, 0.000, 0.036
13, 17, 0.000, 0.037
13, 18, 0.000, 0.036
13, 19, 0.000, 0.035
13, 20, 0.000, 4.882
13, 21, 0.000, 0.036
13, 22, 0.000, 0.035
13, 23, 0.000, 0.035
13, 24, 0.000, 0.036
13, 25, 0.000, 0.036
13, 26, 0.000, 0.037
13, 27, 0.000, 0.036
13, 28, 0.000, 0.037
13, 29, 0.000, 0.036
13, 30, 0.000, 0.036
13, 31, 0.000, 0.037
13, 32, 0.000, 0.038
13, 33, 0.000, 0.037
13, 34, 0.000, 0.038
13, 35, 0.000, 0.037
13, 36, 0.000, 0.036
13, 37, 0.000, 0.040
13, 38, 0.000, 0.035
13, 39, 0.000, 0.036
13, 40, 0.000, 0.037
13, 41, 0.000, 0.047
13, 42, 0.000, 0.036
13, 43, 0.000, 0.036
13, 44, 0.000, 0.042
13, 45, 0.000, 0.035
13, 46, 0.000, 0.038
13, 47, 0.000, 0.045
13, 48, 0.000, 0.042
13, 49, 0.000, 0.039
13, 50, 0.000, 0.041
13, 51, 0.000, 0.049
13, 52, 0.000, 0.064
13, 53, 0.000, 0.042
13, 54, 0.000, 0.056
13, 55, 0.000, 0.046
13, 56, 0.000, 0.087
13, 57, 0.000, 0.075
13, 58, 0.000, 0.075
13, 59, 0.000, 0.037
13, 60, 0.000, 0.075
13, 61, 0.000, 0.086
13, 62, 0.000, 0.086
13, 63, 0.000, 0.038
13, 64, 0.000, 0.086
13, 65, 0.000, 0.086
13, 66, 0.000, 0.086
13, 67, 0.000, 0.075
13, 68, 0.000, 0.086
13, 69, 0.000, 0.075
13, 70, 0.000, 0.087
13, 71, 0.000, 0.086
13, 72, 0.000, 0.086
13, 73, 0.000, 0.086
13, 74, 0.000, 0.087
13, 75, 0.000, 0.087
13, 76, 0.000, 0.058
13, 77, 0.000, 0.086
13, 78, 0.000, 0.087
13, 79, 0.000, 0.087
13, 80, 0.000, 0.087
13, 81, 0.000, 0.086
13, 82, 0.000, 0.087
13, 83, 0.000, 0.086
13, 84, 0.000, 0.053
13, 85, 0.000, 0.087
13, 86, 0.000, 0.087
13, 87, 0.000, 0.051
13, 88, 0.000, 0.087
13, 89, 0.000, 0.087
13, 90, 0.000, 0.087
13, 91, 0.000, 0.087
13, 92, 0.000, 0.087
13, 93, 0.000, 0.087
13, 94, 0.000, 0.087
13, 95, 0.000, 0.087
13, 96, 0.000, 0.088
13, 97, 0.000, 0.087
13, 98, 0.000, 0.087
13, 99, 0.000, 0.087
13, 100, 0.000, 0.087
14, 0, 60.600, 0.002
14, 1, 161.973, 0.050
14, 2, 130.803, 22.541
14, 3, 39.597, 0.046
14, 4, 39.597, 0.036
14, 5, 39.597, 12.193
14, 6, 39.597, 0.036
14, 7, 39.597, 0.036
14, 8, 0.000, 66.572
14, 9, 0.000, 0.035
14, 10, 0.000, 0.036
14, 11, 0.000, 0.036
14, 12, 0.000, 0.036
14, 13, 0.000, 0.036
14, 14, 0.000, 0.036
14, 15, 0.000, 0.036
14, 16, 0.000, 0.035
14, 17, 0.000, 0.036
14, 18, 0.000, 0.036
14, 19, 0.000, 18.326
14, 20, 0.000, 0.036
14, 21, 0.000, 0.036
14, 22, 0.000, 0.036
14, 23, 0.000, 0.037
14, 24, 0.000, 0.036
14, 25, 0.000, 0.035
14, 26, 0.000, 0.035
14, 27, 0.000, 0.036
14, 28, 0.000, 0.035
14, 29, 0.000, 0.038
14, 30, 0.000, 0.036
14, 31, 0.000, 0.038
14, 32, 0.000, 0.037
14, 33, 0.000, 0.037
14, 34, 0.000, 0.035
14, 35, 0.000, 0.037
14, 36, 0.000, 0.037
14, 37, 0.000, 0.036
14, 38, 0.000, 0.036
14, 39, 0.000, 0.036
14, 40, 0.000, 0.036
14, 41, 0.000, 0.051
14, 42, 0.000, 0.040
14, 43, 0.000, 0.035
14, 44, 0.000, 0.038
14, 45, 0.000, 0.036
14, 46, 0.000, 0.037
14, 47, 0.000, 0.037
14, 48, 0.000, 0.038
14, 49, 0.000, 0.040
14, 50, 0.000, 0.038
14, 51, 0.000, 0.037
14, 52, 0.000, 0.036
14, 53, 0.000, 0.040
14, 54, 0.000, 0.039
14, 55, 0.000, 0.043
14, 56, 0.000, 0.043
14, 57, 0.000, 0.036
14, 58, 0.000, 0.037
14, 59, 0.000, 0.044
14, 60, 0.000, 0.049
14, 61, 0.000, 0.066
14, 62, 0.000, 0.086
14, 63, 0.000, 0.036
14, 64, 0.000, 0.075
14, 65, 0.000, 0.041
14, 66, 0.000, 0.036
14, 67, 0.000, 0.061
14, 68, 0.000, 0.086
14, 69, 0.000, 0.087
14, 70, 0.000, 0.041
14, 71, 0.000, 0.075
14, 72, 0.000, 0.075
14, 73, 0.000, 0.052
14, 74, 0.000, 0.086
14, 75, 0.000, 0.066
14, 76, 0.000, 0.075
14, 77, 0.000, 0.076
14, 78, 0.000, 0.086
14, 79, 0.000, 0.075
14, 80, 0.000, 0.075
14, 81, 0.000, 0.087
14, 82, 0.000, 0.076
14, 83, 0.000, 0.087
14, 84, 0.000, 0.087
14, 85, 0.000, 0.087
14, 86, 0.000, 0.087
14, 87, 0.000, 0.087
14, 88, 0.000, 0.070
14, 89, 0.000, 0.087
14, 90, 0.000, 0.087
14, 91, 0.000, 0.087
14, 92, 0.000, 0.087
14, 93, 0.000, 0.087
14, 94, 0.000, 0.087
14, 95, 0.000, 0.087
14, 96, 0.000, 0.087
14, 97, 0.000, 0.087
14, 98, 0.000, 0.087
14, 99, 0.000, 0.088
14, 100, 0.000, 0.038
15, 0, 52.020, 0.002
15, 1, 24.815, 0.050
15, 2, 24.815, 0.036
15, 3, 24.815, 14.250
15, 4, 24.815, 0.036
15, 5, 24.815, 0.036
15, 6, 5.817, 52.824
15, 7, 5.817, 0.035
15, 8, 5.817, 0.036
15, 9, 5.817, 0.037
15, 10, 5.817, 0.036
15, 11, 3.156, 90.483
15, 12, 3.156, 0.035
15, 13, 3.156, 0.036
15, 14, 3.156, 0.036
15, 15, 3.156, 0.035
15, 16, 3.156, 0.037
15, 17, 3.156, 0.048
15, 18, 3.156, 0.037
15, 19, 3.156, 0.036
15, 20, 3.156, 0.036
15, 21, 0.000, 218.172
15, 22, 0.000, 0.047
15, 23, 0.000, 0.037
15, 24, 0.000, 0.036
15, 25, 0.000, 0.037
15, 26, 0.000, 0.035
15, 27, 0.000, 0.036
15, 28, 0.000, 0.035
15, 29, 0.000, 0.037
15, 30, 0.000, 0.036
15, 31, 0.000, 0.040
15, 32, 0.000, 356.265
15, 33, 0.000, 0.039
15, 34, 0.000, 0.036
15, 35, 0.000, 0.035
15, 36, 0.000, 0.036
15, 37, 0.000, 0.036
15, 38, 0.000, 0.038
15, 39, 0.000, 0.037
15, 40, 0.000, 0.040
15, 41, 0.000, 0.040
15, 42, 0.000, 0.036
15, 43, 0.000, 0.036
15, 44, 0.000, 0.043
15, 45, 0.000, 0.039
15, 46, 0.000, 0.045
15, 47, 0.000, 0.037
15, 48, 0.000, 0.044
15, 49, 0.000, 0.037
15, 50, 0.000, 0.036
15, 51, 0.000, 0.036
15, 52, 0.000, 0.037
15, 53, 0.000, 0.041
15, 54, 0.000, 0.056
15, 55, 0.000, 0.042
15, 56, 0.000, 0.044
15, 57, 0.000, 0.039
15, 58, 0.000, 0.041
15, 59, 0.000, 0.073
15, 60, 0.000, 0.071
15, 61, 0.000, 0.057
15, 62, 0.000, 0.041
15, 63, 0.000, 0.042
15, 64, 0.000, 0.075
15, 65, 0.000, 0.039
15, 66, 0.000, 0.059
15, 67, 0.000, 0.046
15, 68, 0.000, 0.062
15, 69, 0.000, 0.052
15, 70, 0.000, 0.076
15, 71, 0.000, 0.087
15, 72, 0.000, 0.050
15, 73, 0.000, 0.087
15, 74, 0.000, 0.087
15, 75, 0.000, 0.050
15, 76, 0.000, 0.052
15, 77, 0.000, 0.087
15, 78, 0.000, 0.072
15, 79, 0.000, 0.087
15, 80, 0.000, 0.087
15, 81, 0.000, 0.087
15, 82, 0.000, 0.087
15, 83, 0.000, 0.065
15, 84, 0.000, 0.075
15, 85, 0.000, 0.087
15, 86, 0.000, 0.063
15, 87, 0.000, 0.087
15, 88, 0.000, 0.088
15, 89, 0.000, 0.076
15, 90, 0.000, 0.076
15, 91, 0.000, 0.076
15, 92, 0.000, 0.087
15, 93, 0.000, 0.087
15, 94, 0.000, 0.088
15, 95, 0.000, 0.087
15, 96, 0.000, 0.087
15, 97, 0.000, 0.087
15, 98, 0.000, 0.062
15, 99, 0.000, 0.088
15, 100, 0.000, 0.087
16, 0, 203.778, 0.002
16, 1, 149.837, 0.049
16, 2, 149.837, 0.036
16, 3, 85.790, 29.466
16, 4, 85.790, 0.035
16, 5, 85.790, 0.036
16, 6, 85.790, 0.037
16, 7, 62.842, 69.906
16, 8, 62.842, 0.035
16, 9, 0.000, 0.048
16, 10, 0.000, 38.539
16, 11, 0.000, 0.047
16, 12, 0.000, 0.036
16, 13, 0.000, 0.036
16, 14, 0.000, 0.036
16, 15, 0.000, 0.036
16, 16, 0.000, 0.036
16, 17, 0.000, 0.035
16, 18, 0.000, 0.036
16, 19, 0.000, 0.036
16, 20, 0.000, 0.036
16, 21, 0.000, 0.036
16, 22, 0.000, 0.039
16, 23, 0.000, 0.036
16, 24, 0.000, 0.035
16, 25, 0.000, 0.037
16, 26, 0.000, 0.035
16, 27, 0.000, 0.044
16, 28, 0.000, 0.036
16, 29, 0.000, 0.037
16, 30, 0.000, 0.037
16, 31, 0.000, 0.041
16, 32, 0.000, 0.038
16, 33, 0.000, 0.036
16, 34, 0.000, 0.036
16, 35, 0.000, 0.036
16, 36, 0.000, 0.041
16, 37, 0.000, 0.036
16, 38, 0.000, 0.040
16, 39, 0.000, 0.042
16, 40, 0.000, 0.043
16, 41, 0.000, 0.040
16, 42, 0.000, 0.058
16, 43, 0.000, 0.039
16, 44, 0.000, 0.055
16, 45, 0.000, 0.052
16, 46, 0.000, 0.075
16, 47, 0.000, 0.056
16, 48, 0.000, 0.075
16, 49, 0.000, 0.037
16, 50, 0.000, 0.039
16, 51, 0.000, 0.065
16, 52, 0.000, 0.087
16, 53, 0.000, 0.076
16, 54, 0.000, 0.075
16, 55, 0.000, 0.087
16, 56, 0.000, 0.076
16, 57, 0.000, 0.066
16, 58, 0.000, 0.087
16, 59, 0.000, 0.087
16, 60, 0.000, 0.087
16, 61, 0.000, 0.087
16, 62, 0.000, 0.087
16, 63, 0.000, 0.087
16, 64, 0.000, 0.087
16, 65, 0.000, 0.087
16, 66, 0.000, 0.087
16, 67, 0.000, 0.087
16, 68, 0.000, 0.087
16, 69, 0.000, 0.087
16, 70, 0.000, 0.087
16, 71, 0.000, 0.087
16, 72, 0.000, 0.087
16, 73, 0.000, 0.087
16, 74, 0.000, 0.086
16, 75, 0.000, 0.087
16, 76, 0.000, 0.087
16, 77, 0.000, 0.087
16, 78, 0.000, 0.087
16, 79, 0.000, 0.087
16, 80, 0.000, 0.087
16, 81, 0.000, 0.088
16, 82, 0.000, 0.087
16, 83, 0.000, 0.087
16, 84, 0.000, 0.087
16, 85, 0.000, 0.087
16, 86, 0.000, 0.087
16, 87, 0.000, 0.087
16, 88, 0.000, 0.087
16, 89, 0.000, 0.087
16, 90, 0.000, 0.087
16, 91, 0.000, 0.087
16, 92, 0.000, 0.087
16, 93, 0.000, 0.087
16, 94, 0.000, 0.087
16, 95, 0.000, 0.087
16, 96, 0.000, 0.087
16, 97, 0.000, 0.087
16, 98, 0.000, 0.087
16, 99, 0.000, 0.087
16, 100, 0.000, 0.087
17, 0, 150.024, 0.002
17, 1, 37.774, 0.049
17, 2, 37.774, 0.036
17, 3, 37.774, 13.579
17, 4, 37.774, 0.036
17, 5, 17.717, 46.880
17, 6, 17.454, 0.046
17, 7, 17.454, 14.436
17, 8, 4.193, 74.727
17, 9, 4.193, 0.046
17, 10, 4.193, 0.036
17, 11, 4.193, 0.036
17, 12, 4.193, 0.037
17, 13, 4.193, 0.036
17, 14, 4.193, 0.036
17, 15, 4.193, 0.036
17, 16, 0.000, 157.211
17, 17, 0.000, 0.036
17, 18, 0.000, 0.035
17, 19, 0.000, 0.047
17, 20, 0.000, 0.037
17, 21, 0.000, 0.037
17, 22, 0.000, 0.037
17, 23, 0.000, 0.035
17, 24, 0.000, 0.036
17, 25, 0.000, 0.035
17, 26, 0.000, 0.035
17, 27, 0.000, 0.036
17, 28, 0.000, 0.037
17, 29, 0.000, 0.036
17, 30, 0.000, 0.049
17, 31, 0.000, 0.036
17, 32, 0.000, 0.037
17, 33, 0.000, 0.035
17, 34, 0.000, 0.038
17, 35, 0.000, 0.040
17, 36, 0.000, 0.037
17, 37, 0.000, 0.045
17, 38, 0.000, 0.036
17, 39, 0.000, 0.045
17, 40, 0.000, 0.042
17, 41, 0.000, 0.040
17, 42, 0.000, 0.075
17, 43, 0.000, 0.035
17, 44, 0.000, 0.039
17, 45, 0.000, 0.043
17, 46, 0.000, 0.075
17, 47, 0.000, 0.075
17, 48, 0.000, 0.075
17, 49, 0.000, 0.055
17, 50, 0.000, 0.075
17, 51, 0.000, 0.086
17, 52, 0.000, 0.075
17, 53, 0.000, 0.042
17, 54, 0.000, 0.087
17, 55, 0.000, 0.087
17, 56, 0.000, 0.075
17, 57, 0.000, 0.076
17, 58, 0.000, 0.075
17, 59, 0.000, 0.087
17, 60, 0.000, 0.087
17, 61, 0.000, 0.075
17, 62, 0.000, 0.087
17, 63, 0.000, 0.086
17, 64, 0.000, 0.087
17, 65, 0.000, 0.071
17, 66, 0.000, 0.087
17, 67, 0.000, 0.087
17, 68, 0.000, 0.039
17, 69, 0.000, 0.087
17, 70, 0.000, 0.087
17, 71, 0.000, 0.087
17, 72, 0.000, 0.088
17, 73, 0.000, 0.087
17, 74, 0.000, 0.087
17, 75, 0.000, 0.087
17, 76, 0.000, 0.087
17, 77, 0.000, 0.087
17, 78, 0.000, 0.087
17, 79, 0.000, 0.087
17, 80, 0.000, 0.087
17, 81, 0.000, 0.087
17, 82, 0.000, 0.087
17, 83, 0.000, 0.087
17, 84, 0.000, 0.087
17, 85, 0.000, 0.086
17, 86, 0.000, 0.087
17, 87, 0.000, 0.087
17, 88, 0.000, 0.087
17, 89, 0.000, 0.087
17, 90, 0.000, 0.087
17, 91, 0.000, 0.087
17, 92, 0.000, 0.087
17, 93, 0.000, 0.087
17, 94, 0.000, 0.088
17, 95, 0.000, 0.087
17, 96, 0.000, 0.087
17, 97, 0.000, 0.087
17, 98, 0.000, 0.087
17, 99, 0.000, 0.088
17, 100, 0.000, 0.087
18, 0, 150.366, 0.002
18, 1, 52.397, 0.049
18, 2, 52.397, 0.036
18, 3, 52.397, 17.351
18, 4, 52.397, 0.036
18, 5, 52.397, 0.036
18, 6, 52.397, 0.036
18, 7, 9.422, 67.480
18, 8, 9.422, 0.046
18, 9, 9.422, 0.036
18, 10, 9.422, 0.036
18, 11, 9.422, 0.036
18, 12, 9.422, 0.035
18, 13, 9.422, 0.036
18, 14, 9.422, 0.036
18, 15, 9.422, 0.037
18, 16, 0.000, 115.152
18, 17, 0.000, 0.035
18, 18, 0.000, 0.036
18, 19, 0.000, 0.036
18, 20, 0.000, 0.036
18, 21, 0.000, 0.036
18, 22, 0.000, 0.036
18, 23, 0.000, 0.036
18, 24, 0.000, 0.036
18, 25, 0.000, 0.037
18, 26, 0.000, 0.037
18, 27, 0.000, 0.038
18, 28, 0.000, 0.036
18, 29, 0.000, 0.036
18, 30, 0.000, 0.035
18, 31, 0.000, 0.041
18, 32, 0.000, 0.039
18, 33, 0.000, 0.036
18, 34, 0.000, 0.041
18, 35, 0.000, 0.036
18, 36, 0.000, 0.035
18, 37, 0.000, 0.036
18, 38, 0.000, 0.041
18, 39, 0.000, 0.043
18, 40, 0.000, 0.037
18, 41, 0.000, 0.039
18, 42, 0.000, 0.038
18, 43, 0.000, 0.041
18, 44, 0.000, 0.051
18, 45, 0.000, 0.035
18, 46, 0.000, 0.059
18, 47, 0.000, 0.044
18, 48, 0.000, 0.035
18, 49, 0.000, 0.044
18, 50, 0.000, 0.036
18, 51, 0.000, 0.055
18, 52, 0.000, 0.049
18, 53, 0.000, 0.050
18, 54, 0.000, 0.048
18, 55, 0.000, 0.051
18, 56, 0.000, 0.075
18, 57, 0.000, 0.075
18, 58, 0.000, 0.076
18, 59, 0.000, 0.070
18, 60, 0.000, 0.074
18, 61, 0.000, 0.087
18, 62, 0.000, 0.087
18, 63, 0.000, 0.072
18, 64, 0.000, 0.087
18, 65, 0.000, 0.087
18, 66, 0.000, 0.059
18, 67, 0.000, 0.035
18, 68, 0.000, 0.044
18, 69, 0.000, 0.039
18, 70, 0.000, 0.087
18, 71, 0.000, 0.087
18, 72, 0.000, 0.087
18, 73, 0.000, 0.087
18, 74, 0.000, 0.087
18, 75, 0.000, 0.087
18, 76, 0.000, 0.087
18, 77, 0.000, 0.087
18, 78, 0.000, 0.087
18, 79, 0.000, 0.086
18, 80, 0.000, 0.087
18, 81, 0.000, 0.086
18, 82, 0.000, 0.057
18, 83, 0.000, 0.051
18, 84, 0.000, 0.087
18, 85, 0.000, 0.088
18, 86, 0.000, 0.087
18, 87, 0.000, 0.087
18, 88, 0.000, 0.087
18, 89, 0.000, 0.087
18, 90, 0.000, 0.087
18, 91, 0.000, 0.087
18, 92, 0.000, 0.039
18, 93, 0.000, 0.087
18, 94, 0.000, 0.088
18, 95, 0.000, 0.088
18, 96, 0.000, 0.087
18, 97, 0.000, 0.087
18, 98, 0.000, 0.087
18, 99, 0.000, 0.088
18, 100, 0.000, 0.087
19, 0, 112.050, 0.002
19, 1, 103.678, 0.049
19, 2, 41.838, 24.734
19, 3, 41.838, 0.035
19, 4, 41.838, 0.048
19, 5, 41.838, 0.048
19, 6, 41.838, 0.036
19, 7, 5.628, 60.148
19, 8, 5.628, 0.035
19, 9, 5.628, 0.036
19, 10, 5.628, 0.036
19, 11, 5.628, 0.036
19, 12, 5.628, 0.036
19, 13, 5.628, 0.036
19, 14, 5.628, 0.036
19, 15, 5.628, 0.036
19, 16, 5.628, 0.036
19, 17, 5.628, 0.036
19, 18, 5.628, 0.036
19, 19, 5.628, 0.036
19, 20, 5.628, 20.925
19, 21, 5.628, 0.035
19, 22, 5.628, 0.035
19, 23, 5.628, 0.036
19, 24, 5.628, 0.036
19, 25, 0.000, 229.692
19, 26, 0.000, 0.035
19, 27, 0.000, 0.036
19, 28, 0.000, 0.037
19, 29, 0.000, 0.036
19, 30, 0.000, 0.038
19, 31, 0.000, 0.036
19, 32, 0.000, 0.036
19, 33, 0.000, 0.036
19, 34, 0.000, 0.038
19, 35, 0.000, 0.035
19, 36, 0.000, 0.039
19, 37, 0.000, 0.035
19, 38, 0.000, 0.036
19, 39, 0.000, 0.040
19, 40, 0.000, 0.036
19, 41, 0.000, 0.037
19, 42, 0.000, 0.035
19, 43, 0.000, 0.049
19, 44, 0.000, 0.042
19, 45, 0.000, 0.042
19, 46, 0.000, 0.047
19, 47, 0.000, 0.046
19, 48, 0.000, 0.055
19, 49, 0.000, 0.042
19, 50, 0.000, 0.045
19, 51, 0.000, 0.060
19, 52, 0.000, 0.038
19, 53, 0.000, 0.065
19, 54, 0.000, 0.067
19, 55, 0.000, 0.051
19, 56, 0.000, 0.075
19, 57, 0.000, 0.075
19, 58, 0.000, 0.063
19, 59, 0.000, 0.075
19, 60, 0.000, 0.087
19, 61, 0.000, 0.087
19, 62, 0.000, 0.087
19, 63, 0.000, 0.086
19, 64, 0.000, 0.087
19, 65, 0.000, 0.040
19, 66, 0.000, 0.070
19, 67, 0.000, 0.086
19, 68, 0.000, 0.087
19, 69, 0.000, 0.087
19, 70, 0.000, 0.087
19, 71, 0.000, 0.088
19, 72, 0.000, 0.087
19, 73, 0.000, 0.087
19, 74, 0.000, 0.087
19, 75, 0.000, 0.087
19, 76, 0.000, 0.069
19, 77, 0.000, 0.086
19, 78, 0.000, 0.087
19, 79, 0.000, 0.088
19, 80, 0.000, 0.086
19, 81, 0.000, 0.086
19, 82, 0.000, 0.087
19, 83, 0.000, 0.087
19, 84, 0.000, 0.087
19, 85, 0.000, 0.086
19, 86, 0.000, 0.044
19, 87, 0.000, 0.087
19, 88, 0.000, 0.087
19, 89, 0.000, 0.087
19, 90, 0.000, 0.088
19, 91, 0.000, 0.087
19, 92, 0.000, 0.087
19, 93, 0.000, 0.088
19, 94, 0.000, 0.087
19, 95, 0.000, 0.087
19, 96, 0.000, 0.087
19, 97, 0.000, 0.087
19, 98, 0.000, 0.087
19, 99, 0.000, 0.087
19, 100, 0.000, 0.088
20, 0, 0.583, 0.002
20, 1, 0.607, 0.037
20, 2, 0.607, 0.049
20, 3, 0.607, 0.036
20, 4, 0.607, 17.680
20, 5, 0.607, 0.047
20, 6, 0.607, 0.036
20, 7, 0.607, 0.036
20, 8, 0.607, 17.843
20, 9, 0.607, 0.036
20, 10, 0.607, 0.036
20, 11, 0.607, 0.037
20, 12, 0.583, 108.602
20, 13, 0.583, 0.035
20, 14, 0.583, 0.036
20, 15, 0.583, 0.036
20, 16, 0.583, 0.036
20, 17, 0.583, 0.036
20, 18, 0.583, 0.036
20, 19, 0.583, 0.036
20, 20, 0.583, 0.036
20, 21, 0.583, 0.036
20, 22, 0.583, 0.036
20, 23, 0.583, 0.036
20, 24, 0.583, 0.036
20, 25, 0.583, 0.036
20, 26, 0.583, 0.036
20, 27, 0.607, 285.214
20, 28, 0.607, 0.036
20, 29, 0.583, 0.036
20, 30, 0.607, 0.036
20, 31, 0.607, 0.036
20, 32, 0.607, 0.036
20, 33, 0.607, 0.036
20, 34, 0.607, 79.445
20, 35, 0.583, 0.036
20, 36, 0.583, 0.036
20, 37, 0.583, 0.036
20, 38, 0.583, 0.036
20, 39, 0.583, 0.036
20, 40, 0.583, 0.047
20, 41, 0.583, 0.047
20, 42, 0.583, 0.036
20, 43, 0.583, 0.036
20, 44, 0.583, 0.036
20, 45, 0.583, 0.036
20, 46, 0.583, 0.036
20, 47, 0.583, 0.036
20, 48, 0.583, 0.035
20, 49, 0.583, 0.037
20, 50, 0.583, 0.036
20, 51, 0.583, 0.037
20, 52, 0.583, 0.036
20, 53, 0.583, 0.036
20, 54, 0.583, 0.035
20, 55, 0.583, 0.036
20, 56, 0.583, 946.458
20, 57, 0.583, 0.036
20, 58, 0.583, 0.036
20, 59, 0.583, 0.036
20, 60, 0.583, 0.036
20, 61, 0.583, 0.036
20, 62, 0.583, 0.036
20, 63, 0.583, 0.049
20, 64, 0.583, 178.034
20, 65, 0.000, 0.036
20, 66, 0.000, 0.037
20, 67, 0.000, 0.048
20, 68, 0.000, 0.036
20, 69, 0.000, 0.049
20, 70, 0.000, 0.036
20, 71, 0.000, 0.037
20, 72, 0.000, 0.036
20, 73, 0.000, 0.036
20, 74, 0.000, 0.037
20, 75, 0.000, 0.037
20, 76, 0.000, 0.035
20, 77, 0.000, 0.036
20, 78, 0.000, 0.036
20, 79, 0.000, 0.047
20, 80, 0.000, 0.037
20, 81, 0.000, 0.036
20, 82, 0.000, 0.037
20, 83, 0.000, 0.036
20, 84, 0.000, 0.036
20, 85, 0.000, 0.036
20, 86, 0.000, 0.036
20, 87, 0.000, 0.036
20, 88, 0.000, 0.036
20, 89, 0.000, 0.036
20, 90, 0.000, 0.036
20, 91, 0.000, 0.036
20, 92, 0.000, 0.036
20, 93, 0.000, 0.036
20, 94, 0.000, 0.036
20, 95, 0.000, 82.434
20, 96, 0.000, 0.036
20, 97, 0.000, 0.036
20, 98, 0.000, 0.037
20, 99, 0.000, 0.036
20, 100, 0.000, 0.036
